# Image: /home/yaroslav/Projects/Diia.AIContest-AdAstrum/fixtures/FLUXSynID-processed/0100cf80761b/0100cf80761b_f_live_0_e_d1.jpg
# Mode: stream
# Status: fail
# Errors: image_blurry_or_out_of_focus: Image is blurry (sharpness score: 57.90); strong_shadows_on_face: Strong shadows or uneven lighting detected (difference: 101.8); face_not_looking_straight_at_camera: Head is turned 175.3째 (max: 15.0째); head_is_tilted: Head is tilted 21.7째 (max: 10.0째)

# 2D Landmarks (index x y)
0 293.7658 657.2492
1 289.3297 590.0090
2 293.3466 610.8366
3 279.3299 513.2231
4 289.5220 566.9965
5 291.7136 536.2012
6 299.7083 460.5605
7 174.4102 443.3547
8 303.9397 392.9583
9 304.8744 359.9551
10 310.0162 260.1744
11 294.0438 667.3228
12 294.8433 673.7746
13 295.9732 675.3457
14 295.8371 678.7506
15 295.3868 686.9855
16 295.2024 697.1593
17 295.3983 708.1576
18 296.7814 724.7066
19 290.2321 601.1936
20 276.9096 597.6382
21 118.9962 353.0891
22 227.4721 469.2752
23 208.5116 469.2895
24 190.8734 466.2213
25 168.7761 450.3922
26 243.2515 464.8720
27 204.1175 404.2166
28 224.4529 408.1116
29 185.1586 406.4665
30 172.7175 414.4627
31 154.0099 464.0555
32 233.0235 749.5102
33 168.7151 436.4978
34 109.6591 447.4828
35 136.6030 445.4488
36 206.8849 558.7429
37 270.7217 651.8806
38 273.9902 671.0638
39 247.9687 653.7053
40 233.6655 657.0972
41 257.5243 669.0572
42 244.5359 667.5189
43 214.8312 681.9499
44 274.9375 588.2306
45 272.7657 566.0423
46 144.9631 384.2200
47 247.2513 506.9564
48 239.4243 577.0754
49 239.4378 564.5459
50 152.4383 549.7825
51 275.6247 537.5773
52 183.4646 358.8661
53 160.5980 366.5551
54 133.9435 314.0980
55 262.3441 383.4636
56 241.7129 418.4895
57 200.3207 661.1636
58 136.2454 644.6461
59 252.2964 590.2348
60 266.7044 598.5860
61 217.3459 662.1195
62 225.4606 662.7884
63 150.8389 350.5208
64 239.6603 585.7822
65 215.8151 362.0833
66 212.4752 343.1039
67 202.6343 265.8631
68 141.5505 332.7670
69 208.8023 305.0565
70 135.0939 373.5573
71 126.3325 365.1698
72 271.7142 663.4465
73 253.1163 663.2305
74 238.9893 662.5997
75 256.8169 594.3639
76 221.3172 662.4229
77 229.2876 668.8672
78 227.8802 662.5592
79 259.5156 585.0313
80 248.6994 665.9409
81 261.8614 669.2520
82 277.2748 672.6793
83 271.9602 723.2959
84 271.9282 704.7115
85 272.4376 692.9303
86 273.7275 683.2115
87 275.7655 676.3537
88 245.2733 669.3978
89 242.5803 671.3013
90 238.9890 675.9762
91 236.1422 682.5393
92 219.0519 634.0960
93 117.7303 539.9312
94 291.7112 605.1041
95 237.2393 667.1042
96 233.2930 667.1732
97 272.1978 608.8964
98 245.6064 598.6732
99 269.6007 604.0929
100 227.6408 517.8015
101 195.9610 529.2749
102 237.1120 573.2248
103 159.7920 284.1755
104 167.0264 311.2273
105 176.7895 340.1001
106 229.4066 697.7434
107 256.4974 351.8270
108 253.9933 308.2169
109 251.2026 259.3317
110 176.3997 459.9771
111 134.5841 478.3447
112 253.3630 459.5615
113 154.3691 419.2773
114 259.8660 493.5504
115 248.2849 570.5640
116 117.3102 491.0760
117 144.4773 495.3197
118 166.5764 505.5398
119 201.7971 505.3486
120 228.4660 498.8334
121 247.8326 490.0834
122 283.0563 465.2986
123 117.0994 536.6458
124 140.1871 413.0702
125 281.8606 599.5146
126 247.4905 529.3728
127 110.7294 443.9616
128 261.9949 478.9611
129 236.2221 573.5649
130 163.8548 436.7604
131 249.1958 555.4642
132 124.0727 591.5433
133 254.1931 450.9685
134 261.7947 544.1541
135 165.5056 697.3583
136 173.0964 718.2355
137 108.6449 539.0540
138 142.7990 669.2352
139 117.4861 403.7930
140 233.0424 765.8687
141 285.2067 603.7390
142 230.8514 543.6774
143 122.7152 448.4228
144 191.8691 453.4618
145 208.1493 457.4024
146 225.3546 672.2112
147 120.6765 579.4322
148 265.1596 791.4508
149 219.7361 762.8964
150 199.3376 744.7207
151 307.0067 312.6834
152 298.5757 797.8082
153 224.4258 457.5258
154 239.7666 455.0540
155 249.4806 453.1492
156 128.4893 407.3301
157 239.0092 433.1757
158 223.0511 424.8541
159 206.0160 421.8340
160 189.1514 423.9961
161 178.6966 429.0220
162 111.3852 393.9158
163 181.3313 448.4429
164 293.9356 625.6018
165 235.8768 626.0027
166 251.4295 587.3098
167 269.5456 625.2107
168 302.8156 426.8674
169 190.0783 724.2432
170 211.6632 744.6498
171 260.8127 782.7441
172 152.8866 687.3153
173 249.5625 444.0961
174 269.0098 501.3932
175 296.9137 787.4334
176 240.4246 779.0067
177 114.8495 586.2608
178 258.7668 672.7513
179 255.9078 677.2377
180 253.5244 684.8230
181 251.9334 695.1355
182 248.1749 712.2087
183 232.6854 664.8178
184 227.2280 662.3316
185 222.3433 658.7553
186 205.3158 645.7597
187 139.3688 593.7470
188 271.8574 478.0722
189 266.3211 432.0566
190 256.7804 437.0859
191 237.3614 662.7773
192 143.3011 642.0746
193 279.9016 429.5826
194 239.9300 730.9065
195 294.4878 510.7902
196 280.5848 490.8805
197 296.9437 487.1524
198 255.8318 535.7804
199 296.3069 770.2317
200 296.5034 746.3368
201 266.4910 744.3546
202 201.3830 689.9120
203 220.3539 588.8008
204 219.6098 712.9462
205 176.1824 580.4296
206 201.6374 606.9002
207 161.9659 611.4865
208 261.0161 767.0911
209 246.6604 546.9142
210 190.4273 703.5702
211 212.6039 726.8832
212 185.1067 663.9050
213 127.6408 615.2630
214 165.6219 665.4766
215 125.0399 629.6317
216 187.2602 629.8174
217 258.7784 515.2584
218 253.6590 581.1065
219 244.3296 584.8649
220 259.4227 567.2562
221 250.9295 407.9137
222 221.1350 392.0636
223 195.5746 388.0947
224 174.7456 391.0530
225 161.0304 400.8952
226 152.1611 441.1761
227 106.6160 493.0659
228 162.8508 474.5460
229 180.9633 483.0583
230 205.2809 485.4854
231 228.6745 482.7200
232 246.8531 476.6824
233 258.9887 469.9106
234 114.4733 491.3888
235 245.5169 589.9241
236 266.4572 522.2715
237 264.1047 583.7880
238 274.9433 594.6451
239 265.4199 586.7668
240 250.5854 596.4527
241 277.1841 597.3362
242 280.3315 601.5897
243 260.0319 452.5496
244 268.8210 457.5822
245 272.8688 461.3498
246 172.9414 433.0917
247 164.2671 422.9799
248 310.6245 515.0164
249 444.8018 459.7603
250 308.3835 599.8553
251 532.6553 372.7252
252 386.6805 478.8817
253 406.7171 481.0041
254 425.9881 479.8865
255 452.4493 467.4355
256 369.7932 472.6349
257 415.1480 416.0524
258 393.9126 417.2908
259 434.8755 420.8926
260 448.1058 430.5345
261 469.3425 481.8464
262 366.4354 760.4575
263 452.4326 453.7370
264 536.3837 470.3290
265 493.4690 465.3266
266 397.9371 569.7493
267 318.5971 654.9961
268 317.7297 673.9171
269 345.5122 660.3124
270 364.5234 665.4170
271 337.4764 674.3877
272 354.1535 674.1574
273 390.1923 693.5630
274 304.8481 590.1915
275 307.6466 568.0672
276 481.8102 402.9297
277 358.9150 513.2664
278 352.5147 584.2452
279 355.3495 571.7065
280 461.8970 567.6737
281 308.9102 539.4267
282 435.5326 372.0772
283 462.2129 383.1393
284 511.3417 331.2298
285 348.2794 387.9042
286 375.3732 425.7330
287 406.1975 674.2463
288 508.0351 670.2779
289 338.7427 596.0052
290 322.7678 602.2015
291 388.2019 672.3559
292 379.9605 671.7105
293 475.6250 367.9703
294 354.3148 593.0358
295 398.8462 371.3297
296 402.8896 352.4596
297 425.4714 274.9962
298 493.5436 349.9158
299 411.7376 314.1431
300 496.4122 392.9848
301 514.7535 384.8396
302 318.2727 666.6022
303 340.6936 669.1893
304 358.9778 670.0971
305 334.2860 599.4991
306 383.9691 672.0631
307 373.5206 677.5051
308 377.8008 671.4696
309 326.8740 589.7423
310 351.5611 671.9721
311 335.0188 673.8816
312 316.6765 675.0881
313 322.9324 726.9138
314 320.4349 708.1746
315 319.6609 696.1230
316 318.7202 686.2504
317 317.6199 679.1391
318 355.0067 676.0075
319 357.3565 678.3398
320 360.5568 683.6736
321 363.5132 690.6877
322 379.9549 643.9575
323 536.2835 564.6443
324 365.7540 674.6712
325 369.4880 675.3092
326 316.3927 611.6899
327 349.0004 605.2087
328 319.2060 607.1923
329 380.1214 526.4063
330 413.6073 541.5556
331 359.4053 580.8478
332 477.2228 297.6071
333 461.2731 325.0309
334 444.0689 353.7423
335 372.2044 707.7526
336 354.9313 356.6048
337 361.8247 313.0475
338 371.5151 264.2069
339 442.7532 475.6833
340 491.6430 498.2692
341 359.0445 466.1762
342 470.5615 437.4912
343 344.9806 498.4344
344 339.8059 576.4905
345 514.0859 513.4112
346 476.4166 513.7625
347 449.3515 521.2332
348 410.4621 517.0474
349 382.2659 507.5192
350 361.6074 496.6058
351 318.0525 467.2310
352 510.0163 559.5909
353 488.9982 432.3737
354 299.2003 600.6441
355 354.8524 535.5237
356 547.2112 466.6545
357 346.2200 483.7738
358 363.1356 581.2578
359 458.8250 454.5453
360 342.4341 561.2636
361 525.9666 617.2185
362 359.6306 457.7451
363 325.9636 547.9599
364 455.0461 719.3894
365 453.3466 740.5867
366 531.8836 564.3452
367 484.9306 693.5822
368 526.7947 424.7179
369 368.0515 777.6400
370 298.5602 604.5291
371 373.0682 551.9090
372 512.5570 469.7041
373 424.1763 467.4024
374 406.8926 469.2254
375 378.0136 681.5864
376 505.5884 603.1666
377 333.7627 797.7049
378 390.5778 778.2393
379 418.3208 763.7907
380 390.0422 467.4641
381 374.2401 463.2096
382 364.3111 460.4110
383 506.1169 427.5869
384 377.9088 441.5373
385 395.8618 435.0776
386 412.9987 434.3710
387 430.1501 438.6586
388 440.9400 445.0387
389 544.0695 415.2676
390 436.2354 463.8588
391 359.3572 633.7567
392 338.4753 593.1666
393 320.1675 628.3589
394 423.6684 743.3410
395 396.1730 760.5650
396 334.6294 789.2114
397 482.7160 711.6252
398 365.0391 451.4360
399 328.7194 504.8635
400 363.2101 790.3252
401 523.3436 612.1566
402 337.7743 677.8139
403 340.1615 682.6941
404 342.1238 690.6845
405 343.6057 701.3422
406 349.9717 719.4227
407 370.0891 672.8199
408 375.1612 671.3085
409 380.3893 668.2920
410 397.7828 657.5261
411 477.8665 614.5026
412 331.2002 481.4149
413 345.8314 436.7256
414 357.2784 442.9094
415 366.1614 670.3168
416 477.6218 664.2834
417 328.2492 432.4082
418 359.2386 740.2508
419 314.4768 492.8131
420 340.1972 540.7504
421 328.3100 749.2404
422 405.2300 704.3804
423 380.5469 598.3110
424 383.7733 725.3844
425 431.3697 595.6363
426 401.0517 618.8953
427 448.7893 629.4089
428 333.1245 772.9235
429 352.2050 553.2579
430 419.4697 720.9769
431 392.7992 741.6008
432 423.4752 679.7130
433 498.4976 639.2209
434 448.3667 685.0935
435 509.7671 655.4476
436 418.6686 643.9217
437 341.3868 520.0934
438 332.8156 586.5608
439 346.2660 591.6069
440 324.4904 571.4331
441 363.1820 414.3630
442 395.3108 401.6642
443 422.5110 400.6369
444 445.2960 406.3121
445 461.5341 418.1348
446 473.7356 459.6131
447 536.7827 517.3019
448 457.3307 491.3257
449 436.2965 497.4490
450 409.1785 497.1412
451 384.1214 491.7220
452 364.9633 483.6666
453 351.8429 475.4563
454 542.5040 515.0091
455 346.4787 596.5856
456 326.1492 525.7849
457 318.3912 587.4654
458 308.7306 597.0479
459 318.9517 590.5480
460 342.0310 602.4947
461 305.0617 599.2308
462 304.3297 603.2190
463 352.6706 458.4143
464 341.8510 461.9325
465 335.0210 464.8834
466 447.2521 449.8036
467 457.9907 440.3923
