# Image: /home/yaroslav/Projects/Diia.AIContest-AdAstrum/fixtures/FLUXSynID-processed/0100cf80761b/0100cf80761b_f_live_0_p_d1.jpg
# Mode: stream
# Status: fail
# Errors: strong_shadows_on_face: Strong shadows or uneven lighting detected (difference: 87.5); face_not_looking_straight_at_camera: Head is turned 176.0째 (max: 15.0째); head_is_tilted: Head is tilted 19.8째 (max: 10.0째); face_too_small_in_frame: Face occupies only 49.9% of frame (min: 50.0%)

# 2D Landmarks (index x y)
0 295.4178 648.6792
1 291.6170 580.1507
2 294.7670 600.3998
3 280.4242 506.6920
4 291.7090 558.3045
5 293.5401 528.8594
6 300.3289 456.3221
7 174.5767 439.2802
8 303.9887 395.4407
9 304.8739 364.6701
10 309.5324 266.2654
11 295.6742 658.5745
12 296.4230 664.5273
13 297.3441 665.5361
14 296.9139 667.9904
15 296.5565 675.7704
16 296.4409 685.2817
17 296.5849 695.6096
18 297.6270 711.1848
19 292.2498 590.7143
20 277.5198 586.9842
21 119.1783 352.6534
22 227.4545 463.7587
23 208.7499 463.8657
24 191.2386 461.1913
25 169.2078 446.2857
26 242.9874 459.4642
27 203.7341 405.7109
28 223.6843 408.9188
29 185.3197 407.5629
30 173.2901 414.2806
31 154.8444 459.3323
32 231.7767 735.1970
33 168.9108 432.8140
34 110.0720 442.6608
35 137.0000 441.8509
36 208.1864 550.3208
37 272.1065 643.4406
38 275.7248 661.9976
39 249.1133 645.5066
40 234.6461 649.2048
41 258.8350 660.2455
42 245.4472 658.7386
43 214.2955 672.4008
44 276.6599 578.4141
45 274.3947 557.4339
46 145.4380 386.4387
47 247.4019 500.0870
48 238.5662 567.4103
49 238.6298 555.4626
50 155.2035 542.0680
51 277.0572 530.1537
52 184.1725 364.5898
53 161.0783 371.0428
54 133.8223 316.2536
55 263.1430 387.1770
56 240.9629 417.7227
57 199.8815 652.7777
58 134.4143 630.6565
59 251.4889 579.8211
60 266.4126 588.0584
61 217.6012 654.4916
62 225.1525 654.6026
63 151.4826 355.5320
64 238.5564 575.8402
65 216.6876 367.7645
66 213.2816 349.5555
67 202.1810 271.4158
68 142.0684 335.8982
69 209.1145 310.5067
70 135.4990 375.7811
71 126.7344 365.7101
72 273.3541 654.9393
73 254.4498 654.8981
74 240.0851 654.4497
75 256.1705 583.8856
76 221.4291 654.6115
77 229.5156 659.9889
78 227.3395 654.0353
79 259.5946 574.7226
80 249.4079 657.0066
81 263.1365 660.0732
82 278.9774 663.1560
83 272.7275 710.0027
84 273.0912 692.5750
85 273.8165 681.5221
86 274.9936 672.3796
87 276.9220 665.8739
88 245.5061 659.8315
89 242.9982 661.6813
90 239.5160 666.1122
91 236.6208 672.2466
92 219.7610 625.0830
93 116.6389 530.4024
94 293.4214 594.3290
95 237.0338 657.8347
96 233.3268 658.1846
97 272.2883 598.4158
98 244.8822 588.4683
99 269.4751 593.5329
100 228.2778 510.7304
101 197.6090 522.2060
102 236.1850 563.8551
103 159.5442 288.4388
104 167.6186 316.1513
105 177.4705 346.3799
106 229.4714 686.5048
107 257.2029 357.3599
108 254.1381 313.1310
109 250.6845 265.3236
110 176.8126 455.3951
111 135.7892 473.0624
112 252.8888 454.4619
113 154.7951 417.8528
114 259.9650 487.3035
115 248.2282 561.1905
116 118.5462 484.9438
117 146.0455 489.6086
118 168.1811 499.6860
119 202.8531 499.0926
120 228.8785 492.3771
121 247.8976 483.8500
122 283.4390 460.8024
123 119.2177 528.7887
124 140.4505 412.1184
125 283.4808 589.0942
126 247.5194 521.6614
127 110.5565 438.8578
128 262.0192 473.3522
129 235.5148 564.2433
130 164.2863 433.6175
131 248.9718 546.8043
132 122.6133 579.5825
133 253.4794 446.1736
134 262.5147 536.2957
135 163.8440 683.3586
136 170.4535 702.6421
137 109.4443 530.0746
138 142.2870 655.3409
139 117.9466 401.3957
140 231.0667 751.0317
141 286.4789 593.0283
142 231.2163 535.5766
143 123.1210 444.3590
144 192.0866 448.7141
145 208.2953 452.3727
146 225.6275 663.2484
147 122.8113 569.6853
148 263.9190 775.8076
149 216.4854 747.5765
150 195.9025 729.3070
151 306.8901 317.2563
152 298.6559 781.5894
153 224.3883 452.3154
154 239.4004 449.8890
155 248.9217 448.1669
156 128.8163 406.3105
157 238.2004 429.2217
158 222.3434 421.4436
159 205.4545 418.6661
160 188.6907 420.8179
161 178.4248 425.6939
162 111.6919 391.1171
163 181.5447 443.9865
164 295.4080 615.5879
165 236.0330 616.4144
166 250.7684 576.9681
167 270.2699 615.4253
168 302.9857 425.7245
169 187.3210 710.0255
170 208.8536 730.3286
171 260.0195 767.2859
172 150.6858 672.0825
173 248.7819 439.5210
174 269.4535 495.0621
175 297.3485 771.7413
176 237.9902 763.6789
177 115.4780 575.1474
178 259.5338 662.7131
179 256.8038 667.0154
180 254.4639 674.0467
181 252.7600 683.7340
182 248.5825 699.6684
183 233.0789 656.4437
184 227.9297 654.4572
185 223.1310 651.1640
186 205.8679 637.4783
187 142.1252 583.9582
188 272.0433 472.7700
189 266.2228 429.8913
190 256.1932 434.0623
191 237.5132 654.1678
192 144.2371 630.1660
193 280.1185 428.1878
194 239.4478 717.4821
195 295.8973 504.3690
196 281.2902 485.1744
197 297.9635 481.6114
198 255.9881 528.0432
199 296.9367 755.0495
200 297.2409 732.0710
201 266.6581 730.2644
202 199.8590 678.9867
203 220.1989 579.2538
204 218.4268 700.6606
205 178.5288 571.5417
206 202.5997 597.5091
207 163.9268 601.7777
208 260.7385 752.0045
209 246.3020 538.5797
210 188.3059 690.9865
211 210.5777 713.6564
212 184.3029 654.0392
213 129.0636 604.0093
214 165.2050 653.8726
215 125.1101 616.7545
216 188.1804 620.9266
217 258.9267 508.1762
218 253.7002 571.0169
219 243.5236 574.7446
220 260.1450 558.2590
221 250.9912 408.8285
222 221.1279 395.0660
223 195.7816 391.3828
224 175.1302 393.4567
225 161.5029 401.7259
226 152.5340 437.8526
227 107.2182 486.0848
228 163.7826 469.5726
229 181.6985 477.7482
230 205.7409 479.7699
231 228.7942 476.7870
232 246.7625 470.9212
233 258.8967 464.5569
234 113.7988 484.0667
235 244.5633 579.7270
236 267.1657 515.2331
237 264.9620 573.8720
238 275.8912 584.2384
239 265.9550 576.5733
240 249.8180 586.1115
241 278.3968 586.9830
242 281.2010 590.8633
243 259.4109 448.0697
244 268.6896 453.1420
245 272.9482 456.9486
246 172.8505 429.5414
247 164.7991 421.4024
248 312.1621 508.3604
249 443.2980 454.7031
250 310.9125 589.0872
251 526.3437 371.9215
252 385.7705 472.6034
253 405.4480 474.8694
254 424.4191 473.9727
255 450.2262 462.2688
256 369.3408 466.5849
257 413.9808 416.7051
258 393.2279 417.4526
259 433.0205 420.8907
260 445.8936 429.2693
261 466.3414 476.0648
262 367.1496 744.4726
263 450.6611 449.1236
264 530.0556 464.2751
265 489.7817 460.5036
266 397.0033 560.1962
267 320.0639 646.0813
268 318.7304 664.2802
269 346.4281 650.7676
270 364.7648 655.8060
271 338.1735 664.4517
272 354.6033 664.0011
273 389.8906 681.8254
274 307.3630 580.1790
275 310.2073 559.2794
276 478.8524 403.9365
277 358.9127 505.8293
278 355.5237 573.9216
279 357.9193 561.9050
280 458.1182 558.2216
281 311.0117 531.8449
282 433.3687 376.6644
283 459.8048 386.3756
284 506.5853 333.1483
285 347.1811 391.1484
286 374.9305 424.5525
287 405.6203 663.5937
288 501.9390 653.6289
289 341.7865 585.0434
290 325.5184 591.3106
291 387.4232 662.4786
292 379.7593 661.5779
293 472.7780 371.7667
294 357.1587 582.3922
295 397.0018 376.2303
296 401.1810 358.0818
297 423.4835 280.5688
298 489.7186 352.3909
299 410.0593 319.2267
300 492.8242 394.1637
301 509.8812 384.7517
302 319.5204 657.4543
303 341.4597 659.5621
304 359.2699 660.4206
305 337.2179 588.5322
306 383.4167 662.1047
307 373.1622 666.7730
308 377.7338 661.0958
309 329.7372 579.0018
310 351.8692 661.7200
311 335.5338 663.6709
312 317.4106 665.0299
313 323.4340 712.9808
314 321.2361 695.3782
315 320.4605 684.1228
316 319.4461 674.9234
317 318.3130 668.1796
318 354.9957 665.1468
319 357.2540 667.2590
320 360.3854 672.2107
321 363.3553 678.7745
322 380.0185 633.4973
323 528.8303 553.1580
324 365.7175 663.9155
325 369.2177 664.6874
326 318.8072 600.8539
327 351.2698 594.2226
328 321.7986 596.2831
329 379.4621 518.5194
330 411.6550 533.3614
331 361.7931 570.6702
332 473.8586 301.7931
333 458.3681 329.4126
334 441.8043 358.9053
335 371.7959 694.7188
336 353.9255 361.6655
337 360.9829 317.7284
338 370.4241 270.2197
339 440.8163 470.1186
340 487.7440 491.6534
341 358.8871 460.5844
342 467.9220 434.9214
343 345.2993 491.7853
344 342.7095 566.6061
345 509.1904 505.7131
346 472.8471 506.7302
347 446.5107 514.1145
348 408.6861 509.8509
349 381.3564 500.3448
350 361.2082 489.8039
351 318.7055 462.5843
352 504.7563 549.7878
353 485.7731 430.3317
354 301.4946 590.1362
355 355.6066 527.2313
356 538.9756 460.3389
357 346.0966 477.7919
358 364.8144 571.0509
359 456.4588 450.2984
360 344.9131 552.0951
361 519.0824 602.9907
362 359.6190 452.4797
363 328.2924 539.7798
364 452.5171 702.4379
365 450.5148 721.8747
366 525.3096 553.3076
367 480.4031 676.7984
368 520.9453 421.4925
369 369.0042 760.9001
370 300.6030 593.7614
371 373.2057 542.9538
372 508.0186 464.4349
373 422.9320 461.8065
374 405.8572 463.4546
375 377.4513 670.6209
376 500.0391 591.1156
377 334.6480 781.0124
378 390.8840 760.3999
379 417.5349 745.4007
380 389.2333 461.5591
381 373.7783 457.3889
382 364.1515 454.8724
383 501.9628 425.5316
384 377.6756 437.1114
385 395.3243 431.1058
386 412.4129 430.5514
387 429.3490 434.7624
388 439.8504 440.8507
389 536.4317 411.7970
390 434.8748 458.5338
391 360.6671 623.0056
392 341.5994 582.2873
393 322.0171 618.1288
394 423.1799 726.4293
395 396.5823 743.6742
396 335.8132 772.8059
397 478.0052 693.4147
398 365.0046 446.3888
399 329.7714 498.2828
400 364.0601 773.0268
401 516.8139 598.6675
402 338.0485 666.8196
403 340.3967 671.4312
404 342.4506 678.7790
405 343.9667 688.7376
406 350.0739 705.6027
407 370.0651 662.6779
408 374.9352 661.4409
409 379.9207 658.6110
410 397.0900 647.3401
411 473.2792 602.5224
412 331.6769 475.8476
413 345.3505 434.1285
414 357.0666 439.5520
415 366.2011 660.0953
416 473.3323 649.8178
417 328.0536 430.6743
418 359.5080 725.2415
419 315.6536 486.9556
420 341.7272 532.4808
421 329.0331 734.2883
422 405.2732 691.3397
423 381.3976 587.6832
424 383.9417 711.1120
425 429.0333 585.0938
426 400.5623 608.0989
427 446.0050 617.6807
428 334.1234 757.0196
429 353.7098 544.2623
430 419.2773 706.0028
431 393.0797 726.1104
432 422.7316 667.6779
433 493.1237 625.3364
434 446.3080 671.0623
435 503.8557 639.8435
436 417.3528 633.2825
437 342.3229 512.5232
438 335.7972 576.0078
439 349.4179 580.8940
440 327.3066 562.1115
441 362.1662 414.6830
442 393.9389 403.8467
443 420.7467 402.9465
444 443.1850 407.6259
445 459.1899 417.7358
446 470.8863 455.1059
447 530.3410 508.7765
448 454.5823 485.1924
449 434.1160 491.1285
450 407.6987 490.5948
451 383.1597 485.0659
452 364.4656 477.3314
453 351.4971 469.6380
454 534.4760 506.1651
455 349.5240 585.7308
456 327.6864 518.4111
457 321.2615 577.2736
458 311.1948 586.4334
459 321.7194 580.0463
460 344.6951 591.4871
461 307.4778 588.6728
462 306.5833 592.4116
463 352.6523 453.5304
464 341.5622 457.1036
465 334.9818 460.1790
466 445.8551 445.4005
467 455.6087 437.6301
