# Image: /home/yaroslav/Projects/Diia.AIContest-AdAstrum/fixtures/FLUXSynID-processed/0100cf80761b/0100cf80761b_f_doc.jpg
# Mode: stream
# Status: fail
# Errors: strong_shadows_on_face: Strong shadows or uneven lighting detected (difference: 80.9); face_not_looking_straight_at_camera: Head is turned 178.0째 (max: 15.0째); head_is_tilted: Head is tilted 13.4째 (max: 10.0째); face_too_small_in_frame: Face occupies only 46.1% of frame (min: 50.0%)

# 2D Landmarks (index x y)
0 299.5839 590.8420
1 301.0256 518.5956
2 300.7131 542.1598
3 287.4259 448.0090
4 301.5159 496.3346
5 302.2442 467.9398
6 304.3848 400.0684
7 169.7006 392.9553
8 306.1329 344.4103
9 307.1422 314.7569
10 309.1936 220.6904
11 299.3469 601.2812
12 299.3150 608.8979
13 299.4613 611.8232
14 300.0174 614.4245
15 299.9279 622.2025
16 299.8430 632.3590
17 299.7026 643.2370
18 299.6514 661.7586
19 300.7448 530.3172
20 285.5215 529.1287
21 101.0854 315.6615
22 223.3546 415.4852
23 204.0823 416.3314
24 186.1537 414.3050
25 163.0450 401.2400
26 239.9335 410.1488
27 201.6939 357.3376
28 221.5274 359.6141
29 182.8290 360.2716
30 169.6633 367.8134
31 146.8583 415.6662
32 230.9826 693.0277
33 163.7538 386.9431
34 90.4112 406.2899
35 126.0184 400.4924
36 210.1135 501.9889
37 277.9930 587.1308
38 280.8590 607.9743
39 255.8506 593.5307
40 240.9942 601.8795
41 264.9411 609.1348
42 251.8382 611.0376
43 217.2433 631.6428
44 286.0773 517.8901
45 284.0961 496.5431
46 139.3808 343.5603
47 248.5526 449.2903
48 246.1780 513.8309
49 245.0073 502.5146
50 152.7994 498.8383
51 285.6305 470.0823
52 184.1943 318.2726
53 158.1810 326.5118
54 120.8265 276.7066
55 266.1992 337.3498
56 238.7799 367.7041
57 203.4404 612.7924
58 108.7577 603.9802
59 259.3771 525.8529
60 273.9953 532.3766
61 224.4340 613.5923
62 232.2453 612.2068
63 147.1467 312.6111
64 245.6497 523.6995
65 219.3326 319.8195
66 216.0436 302.1961
67 199.6911 227.6548
68 133.8473 294.2575
69 209.5286 264.2728
70 127.5525 334.5516
71 113.8721 326.2983
72 279.0293 599.4396
73 261.0382 603.2078
74 246.5112 606.8538
75 264.0350 529.7923
76 228.6365 613.2103
77 235.9928 615.9397
78 233.8999 611.1610
79 268.4566 517.9486
80 255.2271 609.8663
81 268.4417 610.0696
82 283.1667 610.8051
83 275.8091 661.7411
84 277.6782 641.6543
85 278.7566 629.7747
86 280.1984 620.1149
87 281.7979 613.5554
88 251.8169 612.5102
89 249.3497 614.6426
90 245.7176 619.5925
91 242.1484 626.4114
92 225.4179 577.8934
93 89.1743 501.2237
94 300.7763 535.0736
95 243.2811 612.6221
96 239.9791 613.4875
97 279.4260 541.9212
98 251.9076 536.9085
99 276.8470 537.3157
100 228.4609 461.7587
101 197.1279 475.2183
102 241.9730 512.3111
103 152.0423 246.4800
104 163.9553 272.4581
105 177.1468 301.1987
106 232.3671 643.5122
107 260.7868 308.3290
108 256.0384 265.3292
109 250.4142 220.5716
110 171.2360 409.6060
111 125.8478 431.2513
112 250.6902 404.3246
113 147.9871 373.7692
114 261.7787 434.8885
115 256.8707 505.1466
116 105.2749 445.8222
117 138.8200 446.6459
118 163.6233 454.9391
119 200.1679 452.2789
120 227.0741 444.0869
121 247.3966 433.9212
122 286.7852 405.4000
123 108.1676 490.7380
124 131.6157 370.0334
125 292.1447 529.0946
126 250.6237 469.9770
127 85.0292 406.8643
128 262.3525 421.8629
129 240.1961 514.1187
130 158.0180 388.7942
131 256.3846 491.6022
132 94.9919 551.9945
133 251.2475 395.7112
134 270.4586 478.3216
135 151.0397 650.0292
136 151.9076 672.8377
137 89.5354 496.3964
138 126.7816 623.2598
139 101.5844 363.3894
140 227.1694 711.4267
141 294.1239 534.0789
142 233.4825 485.8262
143 109.1255 404.7201
144 187.6637 401.3894
145 203.9313 404.4220
146 231.6207 620.1751
147 112.3609 533.0372
148 260.3378 737.2830
149 205.7109 713.3264
150 181.1921 697.2590
151 308.1528 268.5643
152 298.2967 741.4805
153 220.3778 403.9695
154 235.8355 400.8303
155 245.9872 398.3932
156 117.5004 366.1074
157 235.4930 378.6428
158 219.3677 371.4123
159 202.7727 369.2588
160 185.7970 372.3029
161 175.0393 378.1883
162 89.7560 356.5463
163 176.8568 397.1617
164 300.4856 557.5124
165 242.5235 566.1789
166 259.0032 522.2163
167 276.5027 559.3660
168 305.2119 372.6671
169 176.6814 675.1152
170 201.2297 693.3784
171 259.1598 725.1744
172 128.5632 644.3635
173 246.5913 388.7894
174 274.0087 439.4419
175 298.6335 727.8122
176 231.2985 727.0671
177 95.8279 542.8906
178 265.5492 612.5610
179 262.9007 617.0608
180 260.3451 624.6449
181 258.1611 634.9991
182 251.8007 653.9255
183 240.0626 612.0046
184 234.7875 610.6468
185 229.6063 607.7301
186 210.8263 594.1437
187 137.9686 544.1059
188 274.6536 418.6727
189 266.0728 378.8759
190 254.6483 383.4390
191 243.7932 609.6177
192 135.8699 594.0698
193 281.6893 376.0798
194 240.6978 673.7752
195 303.0710 444.8558
196 286.6243 427.8369
197 303.7090 423.3494
198 261.4924 473.4880
199 299.0584 708.2433
200 299.4904 683.6172
201 269.0576 683.4623
202 198.6348 639.6211
203 224.0604 530.8748
204 217.8458 659.6712
205 179.8363 525.9572
206 205.7472 551.0646
207 163.5495 559.6984
208 262.0314 706.9070
209 250.9008 486.2181
210 182.6035 653.5182
211 206.8705 674.2811
212 183.6329 614.8116
213 117.6686 568.7672
214 159.9640 616.5935
215 106.3732 585.2776
216 190.4705 578.3057
217 262.7470 454.5060
218 262.6511 514.4365
219 251.5756 520.7267
220 269.4545 499.5445
221 251.2905 358.7394
222 221.2703 345.8987
223 195.0561 343.3012
224 172.9191 346.7966
225 157.0357 356.4919
226 144.0209 394.6239
227 86.9795 450.9244
228 157.2431 425.1052
229 176.3567 431.9043
230 201.4011 432.7631
231 225.6504 428.6054
232 244.7416 421.4986
233 257.8402 414.0224
234 86.7939 453.8163
235 252.1877 526.6969
236 273.4806 458.3402
237 274.3009 514.7519
238 284.3021 525.5807
239 274.9437 518.5385
240 257.4270 533.2608
241 287.0776 527.5259
242 288.9474 532.4679
243 257.8546 397.2086
244 268.3562 401.7956
245 273.8373 404.4902
246 168.7865 382.7708
247 159.6191 376.1091
248 318.6863 449.0424
249 440.1449 402.2209
250 316.4315 530.0993
251 511.3651 328.5335
252 385.7530 421.2044
253 405.1726 423.2531
254 423.2195 422.1783
255 446.2218 410.6400
256 369.2874 414.8517
257 410.2488 364.1902
258 390.1866 365.1822
259 428.8536 368.4109
260 441.5144 376.7776
261 461.7349 425.7295
262 368.4098 697.3485
263 446.2959 396.5058
264 518.0808 419.3224
265 483.0113 411.4182
266 395.0196 507.9581
267 321.5702 588.5195
268 318.2412 609.1857
269 344.0097 596.6132
270 358.9537 605.8968
271 334.5479 611.6476
272 347.8568 614.4143
273 383.2996 637.0958
274 316.0590 518.6559
275 319.0761 497.5381
276 472.5772 353.7607
277 358.6092 452.9591
278 356.7322 517.6604
279 358.5120 506.3662
280 453.0272 508.0949
281 318.9076 471.1663
282 429.6808 325.9384
283 454.8339 335.7893
284 493.9215 288.4612
285 346.9355 339.8543
286 372.5440 372.2684
287 397.6496 619.1687
288 491.7895 615.8382
289 342.9843 528.7734
290 328.1250 534.4087
291 376.1449 618.8249
292 368.3934 616.8990
293 466.3490 322.5890
294 356.9317 527.7511
295 394.8369 325.2450
296 399.1709 307.8647
297 417.9585 234.7167
298 480.4072 304.9586
299 406.9962 270.5318
300 484.7706 345.5325
301 498.4619 338.1590
302 320.1969 600.8620
303 338.5628 605.9149
304 353.3919 610.4499
305 338.2011 532.5544
306 371.8648 618.0989
307 364.6917 620.1604
308 366.7073 615.6930
309 334.0895 520.0157
310 344.6496 612.9319
311 331.1607 612.3021
312 316.0371 611.8270
313 323.7813 663.2352
314 322.2035 643.0089
315 321.3689 631.0319
316 320.0796 621.3758
317 318.6283 614.7645
318 349.0038 615.5245
319 351.4860 617.8091
320 354.9449 622.9560
321 358.3419 629.9739
322 376.1091 582.8840
323 514.4945 513.9980
324 357.5482 616.3751
325 360.8113 617.4388
326 322.1783 543.4711
327 350.3299 540.6153
328 324.8694 539.1147
329 378.4656 466.7333
330 409.6058 481.9372
331 361.3029 516.5292
332 464.4088 256.4083
333 451.6711 281.4670
334 437.4263 309.3039
335 368.0509 647.6813
336 354.1364 311.1651
337 360.5606 268.6301
338 367.9235 224.3256
339 437.9604 418.4391
340 481.9427 442.2754
341 358.7393 408.2275
342 462.4339 383.9472
343 345.9875 437.7022
344 346.4516 508.0990
345 501.5211 457.9010
346 468.5654 456.8229
347 443.7444 463.6546
348 407.4826 458.8505
349 380.7228 449.1390
350 360.6251 437.8013
351 322.0398 406.5334
352 497.0575 502.6889
353 478.9127 380.6919
354 309.6289 529.6923
355 355.2791 473.5540
356 522.7769 420.1535
357 346.0488 424.8695
358 363.0653 518.4522
359 451.8083 398.6645
360 347.5139 494.6661
361 506.7864 564.4539
362 358.5719 399.6286
363 334.0353 480.3541
364 449.6570 659.7648
365 447.5524 682.6838
366 514.7985 509.2643
367 474.3432 634.4402
368 508.8470 375.7950
369 371.5119 716.0823
370 307.4793 534.4097
371 371.8540 490.5301
372 499.5483 416.5519
373 422.1926 409.4659
374 405.8311 411.4979
375 369.0241 624.6286
376 491.4754 544.7941
377 336.5119 739.8649
378 392.7537 719.6383
379 417.8772 705.3031
380 389.3200 409.9907
381 373.9438 405.7848
382 363.8092 402.7120
383 493.2719 377.4749
384 375.4713 383.6132
385 392.0211 377.4921
386 408.7009 376.3262
387 425.4032 380.4306
388 435.7271 386.8842
389 520.5406 369.8501
390 432.9562 405.9473
391 358.9560 570.1958
392 343.4991 525.0846
393 324.5821 561.0255
394 423.2823 683.3615
395 398.3030 700.0098
396 338.5137 727.6819
397 471.1548 655.3732
398 363.6863 393.0238
399 333.2107 441.4596
400 366.5911 731.6498
401 507.0228 555.4233
402 335.2606 614.7881
403 337.7781 619.3595
404 340.2056 626.9414
405 342.3062 637.4635
406 348.3760 656.9318
407 360.0682 616.1843
408 365.2993 615.1205
409 370.5864 612.6026
410 390.3116 599.9493
411 465.8056 554.3020
412 333.7412 420.6358
413 344.5463 381.7276
414 355.6619 387.0393
415 356.4158 613.4930
416 466.2414 604.6273
417 328.8661 377.6673
418 359.2271 677.5924
419 320.7327 428.9401
420 343.7112 476.2806
421 330.2207 685.3497
422 401.9234 646.1445
423 379.0247 536.0581
424 382.3233 665.0389
425 424.7643 533.6158
426 397.1067 557.2078
427 439.8343 568.3588
428 336.3721 709.2295
429 353.6988 489.8169
430 417.8439 661.0954
431 393.2977 680.3998
432 417.6528 622.2581
433 485.0022 580.3532
434 441.5930 625.6265
435 495.5526 597.5246
436 411.6748 585.3419
437 343.7924 457.2127
438 340.0965 516.9465
439 351.0266 524.0938
440 333.8450 501.5970
441 360.6164 362.5674
442 391.4059 351.4840
443 417.5965 350.5550
444 439.4053 355.3840
445 454.4817 366.0184
446 465.4870 404.9032
447 519.3276 463.9942
448 451.2592 434.4388
449 432.1268 439.9715
450 407.0428 439.5033
451 382.7952 433.8712
452 363.9721 425.7221
453 351.1238 417.3795
454 518.7886 466.9436
455 350.0880 530.1944
456 332.3505 460.2216
457 328.2708 516.4236
458 317.7925 526.6353
459 327.5854 520.1811
460 344.8012 536.5842
461 314.9743 528.3913
462 312.8029 533.3179
463 351.9278 400.7707
464 341.0784 404.5185
465 335.4035 406.8200
466 441.6575 391.9532
467 450.8789 385.6889
