# Image: /home/yaroslav/Projects/Diia.AIContest-AdAstrum/fixtures/FLUXSynID-processed/0121c7048028/0121c7048028_f_live_0_p_d1.jpg
# Mode: stream
# Status: fail
# Errors: strong_shadows_on_face: Strong shadows or uneven lighting detected (difference: 81.5); face_not_looking_straight_at_camera: Head is turned 175.9째 (max: 15.0째); head_is_tilted: Head is tilted 19.6째 (max: 10.0째); face_too_small_in_frame: Face occupies only 42.0% of frame (min: 50.0%)

# 2D Landmarks (index x y)
0 310.0819 636.5864
1 301.7596 575.9792
2 305.6672 594.6751
3 281.9187 509.1752
4 299.5563 555.2960
5 297.7654 527.6408
6 294.7304 460.8539
7 167.3628 463.3872
8 291.0109 413.8507
9 288.2482 387.1357
10 280.2411 284.3805
11 311.2003 646.0603
12 312.4035 652.2414
13 313.3617 653.8199
14 313.6215 658.0636
15 314.1510 665.5554
16 314.9829 675.0720
17 316.2388 685.4780
18 318.8959 702.4783
19 303.1930 585.9552
20 287.9494 584.6082
21 100.8281 394.1858
22 221.7535 477.9146
23 203.4483 480.6270
24 186.0538 480.9239
25 162.4826 471.6469
26 236.7124 472.1114
27 192.8487 433.9079
28 212.3643 433.5205
29 175.3356 437.8009
30 164.1872 444.4877
31 149.2039 486.1660
32 255.9049 738.3080
33 160.9673 459.0253
34 101.0763 480.4878
35 128.8998 475.0331
36 214.1541 561.4746
37 287.3103 634.8990
38 292.7261 652.8791
39 265.1926 641.2170
40 251.5684 648.8523
41 276.4502 654.2828
42 263.5890 656.2578
43 234.2962 677.9313
44 286.8458 576.4627
45 282.4179 556.8381
46 133.1373 426.8882
47 246.7654 508.9052
48 246.7402 571.8885
49 245.3478 560.7117
50 160.1270 562.8705
51 281.8772 531.1225
52 172.2831 404.6997
53 148.2297 412.3072
54 112.1107 357.5609
55 252.7311 413.9887
56 230.0743 437.8011
57 218.2189 661.0357
58 142.2542 658.4550
59 260.9919 581.8433
60 276.8197 586.9008
61 236.5209 659.3839
62 244.3938 657.9371
63 137.0370 399.4434
64 247.4374 579.7702
65 206.0281 404.0530
66 200.6034 387.2437
67 175.9166 304.8206
68 124.6154 377.4672
69 189.6330 344.0360
70 121.9300 418.5759
71 111.2509 407.1417
72 289.6980 645.8093
73 271.5093 649.5995
74 257.6638 652.9519
75 266.1027 584.6894
76 240.5575 658.7766
77 248.8070 662.0983
78 246.4921 656.9466
79 268.9788 576.0439
80 267.2492 654.3712
81 280.5558 654.0972
82 295.8236 654.2742
83 294.8940 704.5322
84 293.8371 685.8921
85 293.4262 674.5703
86 293.7248 665.2450
87 294.8387 658.8036
88 264.6294 658.6936
89 262.2347 660.8549
90 259.1865 665.9657
91 256.7305 672.7263
92 234.6932 629.1090
93 114.1067 565.1171
94 304.2887 589.3319
95 256.2099 658.6250
96 252.5513 659.5607
97 283.6574 595.5834
98 255.3686 590.5971
99 280.3990 591.4803
100 228.9170 521.7082
101 200.0792 537.1361
102 243.5636 569.0382
103 135.3606 327.4409
104 149.1510 355.6993
105 163.9067 388.2700
106 250.4292 688.9925
107 243.4174 387.9382
108 233.1904 338.5633
109 222.8666 291.6689
110 171.1231 478.1924
111 131.6669 502.2116
112 246.0969 466.5072
113 145.0468 450.5094
114 258.0092 495.1451
115 256.2606 564.7634
116 115.1703 516.9546
117 144.3107 515.3755
118 167.8592 520.9255
119 202.1562 514.9430
120 227.1382 504.7241
121 245.1692 494.0629
122 278.3654 467.5452
123 121.1472 557.9755
124 129.9640 448.9628
125 294.3300 585.6141
126 249.7139 528.6960
127 99.9426 478.4819
128 258.0173 482.3545
129 242.9255 569.7882
130 156.3163 461.6583
131 255.2213 551.2653
132 124.9124 611.3208
133 245.6444 458.6548
134 267.8044 539.2098
135 179.8333 701.0953
136 186.7311 720.9406
137 109.4088 563.2745
138 155.1124 677.6867
139 105.5685 440.8827
140 255.9868 755.7672
141 297.4060 588.9887
142 235.0898 544.1073
143 115.0112 479.7835
144 185.6755 468.5555
145 201.7716 469.4632
146 245.1074 666.2280
147 129.0613 596.6032
148 291.7151 776.2083
149 239.0785 756.9788
150 215.6061 742.7476
151 284.0039 334.5503
152 327.9578 776.5747
153 217.3311 467.3189
154 231.9112 463.3458
155 241.2508 460.9237
156 117.5978 445.6617
157 228.2872 444.9765
158 211.7660 440.1295
159 195.1651 439.9143
160 179.2147 444.3955
161 169.8553 450.6084
162 97.1258 432.1441
163 174.7247 466.1568
164 307.3204 607.6328
165 249.9089 617.6000
166 260.0345 579.2729
167 282.9856 610.5974
168 293.4198 436.3368
169 206.3456 723.2482
170 230.4768 739.7483
171 287.4889 766.2510
172 163.4190 695.1545
173 240.1902 452.9000
174 268.9899 500.5137
175 325.6608 765.4025
176 263.6304 768.7965
177 119.9728 605.4413
178 278.2353 658.6877
179 275.9959 663.2728
180 274.3014 670.7592
181 273.4534 680.7450
182 270.4618 698.3890
183 251.9217 657.3054
184 246.4455 656.3634
185 241.1211 654.1375
186 222.4526 644.1321
187 151.2006 605.6711
188 268.3903 480.0687
189 257.4904 444.5131
190 247.1117 448.6906
191 255.9603 654.5610
192 156.6949 650.9314
193 271.4758 441.9129
194 262.3145 718.6557
195 296.7693 504.8322
196 279.7207 489.4713
197 295.8237 483.6733
198 259.4895 532.9806
199 323.2673 747.5755
200 320.8527 723.8344
201 290.6391 726.1393
202 219.2141 687.6020
203 229.7890 586.3135
204 239.7130 705.8723
205 187.2082 586.3688
206 214.3456 606.5471
207 175.6731 618.2516
208 286.9570 749.4399
209 250.8509 544.4006
210 207.2246 702.6903
211 231.9440 721.4939
212 201.6431 665.6605
213 138.3939 628.8540
214 180.9985 669.8495
215 133.8091 643.7762
216 202.4950 631.9522
217 259.7463 514.3464
218 262.7729 573.3479
219 252.4764 578.1856
220 268.2318 560.0316
221 241.1750 431.0445
222 210.5824 424.2898
223 185.0394 424.3080
224 164.1804 427.9558
225 150.6187 436.1873
226 144.4511 468.0555
227 102.5832 521.7450
228 159.6150 493.8714
229 178.4183 498.2675
230 202.3694 496.3367
231 224.9379 490.1915
232 242.1449 482.3651
233 253.6074 474.8788
234 106.8635 521.5466
235 253.9618 582.5777
236 269.6158 519.2668
237 274.6409 574.1143
238 286.1621 582.2691
239 275.6300 576.6934
240 260.0164 587.6483
241 289.0469 584.4013
242 291.9094 587.7031
243 251.8542 460.1179
244 262.0524 463.5226
245 267.0155 466.2752
246 164.7991 455.1779
247 155.9352 451.4385
248 312.7343 506.6302
249 430.8455 440.4431
250 320.5306 582.3696
251 499.5200 357.7713
252 378.1621 464.2115
253 397.3222 463.6595
254 415.3626 460.8456
255 438.5000 447.7245
256 361.5152 461.1314
257 398.1054 414.9408
258 378.3533 417.8914
259 416.8316 415.9127
260 430.0339 420.6916
261 455.9212 459.4458
262 391.2656 728.6813
263 436.9739 434.9707
264 514.6366 444.0593
265 476.9242 444.3562
266 398.2176 546.1392
267 333.0485 631.4106
268 332.9301 649.8023
269 358.2291 634.2711
270 375.5531 639.3283
271 350.9880 648.8311
272 365.8994 648.3533
273 402.2805 665.0387
274 317.0407 574.0502
275 317.3569 553.8276
276 459.7693 397.0118
277 355.8780 499.4937
278 361.8138 562.7213
279 362.2329 551.3333
280 456.6819 537.9374
281 314.8121 528.2587
282 410.9835 381.4173
283 438.8971 385.0388
284 476.3109 323.5670
285 329.4788 406.1873
286 361.6625 425.3955
287 415.3311 645.7070
288 511.9248 629.0878
289 349.6147 575.0465
290 334.2743 582.6591
291 396.0932 647.0096
292 388.4120 646.5650
293 449.3762 370.0584
294 363.9364 570.7368
295 374.8419 387.2685
296 376.7622 369.5155
297 391.2044 283.9912
298 462.1864 345.8869
299 381.6420 325.1306
300 471.8063 386.4991
301 485.8054 373.0436
302 333.4615 642.6001
303 354.0538 643.4571
304 370.4795 644.3211
305 345.2380 578.7487
306 391.9665 646.9520
307 383.4128 651.5867
308 386.4226 646.0340
309 337.9990 570.7903
310 362.8951 646.8667
311 348.1028 649.0512
312 331.5950 651.5118
313 343.5451 700.9793
314 339.1165 682.4974
315 336.9531 671.3893
316 334.9340 662.3139
317 332.9864 656.0558
318 366.1087 650.8465
319 368.5916 652.6382
320 372.3879 657.2636
321 376.0820 663.5558
322 388.8111 616.9920
323 525.0010 530.2567
324 375.8234 649.3281
325 379.2056 649.7185
326 328.6568 592.2063
327 358.7985 582.7104
328 331.2623 587.5498
329 376.9493 509.0770
330 409.4034 519.3496
331 366.6996 559.2842
332 441.5044 298.0614
333 428.8892 328.7149
334 416.6317 363.5730
335 387.1200 678.7112
336 332.8896 378.7430
337 335.2497 328.5799
338 339.3938 280.3607
339 430.4461 455.7336
340 478.2864 472.1336
341 350.7023 457.2916
342 452.6997 423.1063
343 341.2216 487.9037
344 348.8034 557.4023
345 500.5135 483.7286
346 465.6641 487.6098
347 441.1165 497.3212
348 404.2000 497.5744
349 376.6530 491.7983
350 356.0576 484.3535
351 313.0317 464.3748
352 501.2014 525.8314
353 469.4821 418.5514
354 312.2123 584.2561
355 355.1014 519.8349
356 522.3161 441.2355
357 340.1979 475.1179
358 369.1353 559.6493
359 443.0013 436.6087
360 348.8071 543.6315
361 522.1795 578.8010
362 350.1971 449.4797
363 331.9588 533.8278
364 470.1214 679.2284
365 471.3474 699.9429
366 521.3251 528.4670
367 493.5644 651.3440
368 500.6508 405.3485
369 395.9479 745.9608
370 311.2715 587.9605
371 373.6768 532.5427
372 494.5379 446.4233
373 412.6021 448.8212
374 396.4898 452.3507
375 388.0264 655.1717
376 501.1667 565.8389
377 364.4124 771.2934
378 418.3634 744.6862
379 442.5808 726.6953
380 380.3215 452.9327
381 364.9372 451.5181
382 355.1052 450.9525
383 484.0937 412.7570
384 365.5210 432.5721
385 381.4723 424.7545
386 397.8289 421.9459
387 414.5381 423.7230
388 425.2891 428.2205
389 513.7854 394.6001
390 423.4944 444.5780
391 369.7018 608.3212
392 349.3932 572.3797
393 332.7762 606.7446
394 445.0459 706.0031
395 421.2499 726.2982
396 364.2844 761.0044
397 493.9121 669.6696
398 354.5808 442.8382
399 327.7109 495.4316
400 393.0398 759.9186
401 518.5962 572.6478
402 350.8162 653.2484
403 353.6327 657.4169
404 356.5475 664.5255
405 359.4715 674.3262
406 367.7976 691.2314
407 379.6522 647.2502
408 384.3027 645.7684
409 389.1844 642.5475
410 405.8029 629.6361
411 476.0342 578.9485
412 326.6931 474.8492
413 334.1025 437.3365
414 346.2745 439.6278
415 375.7449 645.1745
416 482.4309 625.0547
417 317.4984 437.5684
418 380.4578 710.0181
419 313.2799 486.5075
420 343.0425 525.9716
421 352.0587 721.7947
422 420.3190 672.3732
423 386.3546 573.6818
424 402.2912 693.9689
425 431.2232 566.2187
426 406.3637 591.0953
427 451.0277 595.9020
428 360.3660 744.2613
429 355.6554 535.7462
430 437.4515 685.4888
431 414.3810 708.3110
432 434.0482 647.4000
433 498.9008 599.7231
434 458.3607 648.2415
435 511.4470 613.3644
436 424.8117 614.0692
437 341.0485 507.3809
438 343.5178 567.0871
439 356.8157 570.0601
440 333.8583 554.8418
441 347.1766 421.0092
442 376.4689 408.4791
443 402.6556 403.8483
444 425.3446 404.0462
445 442.3756 409.8231
446 457.9001 440.5018
447 520.7401 485.7268
448 445.7536 468.9974
449 426.5801 476.7025
450 401.2655 479.0927
451 376.8834 476.8467
452 357.8781 472.2251
453 344.4337 466.8540
454 524.1849 485.3709
455 357.1572 574.7028
456 328.4318 514.1834
457 330.0018 569.7418
458 320.9183 579.7110
459 330.4270 572.5826
460 352.5750 580.7682
461 317.7488 582.1467
462 316.8690 585.9017
463 343.7794 451.9644
464 333.3626 457.1312
465 327.6410 460.7903
466 431.7448 431.8958
467 440.7217 426.2032
