# Image: /home/yaroslav/Projects/Diia.AIContest-AdAstrum/fixtures/FLUXSynID-processed/0121c7048028/0121c7048028_f_live_0_e_d1.jpg
# Mode: stream
# Status: fail
# Errors: image_blurry_or_out_of_focus: Image is blurry (sharpness score: 78.02); strong_shadows_on_face: Strong shadows or uneven lighting detected (difference: 81.4); face_not_looking_straight_at_camera: Head is turned 174.9째 (max: 15.0째); head_is_tilted: Head is tilted 21.0째 (max: 10.0째); face_too_small_in_frame: Face occupies only 43.0% of frame (min: 50.0%)

# 2D Landmarks (index x y)
0 313.3304 639.1075
1 303.9358 581.0133
2 308.8497 598.4839
3 284.3157 513.2246
4 301.2869 560.3154
5 299.3016 532.1141
6 296.2081 463.5071
7 175.1560 467.3523
8 292.3256 417.7975
9 289.1205 391.6474
10 278.9429 287.6910
11 314.6405 648.3439
12 316.0326 654.3441
13 317.2770 655.8579
14 317.7859 660.7076
15 318.3562 668.1475
16 319.3310 677.6204
17 320.9283 687.8702
18 324.7027 704.7581
19 305.8091 590.7458
20 291.8394 589.3271
21 109.5858 399.5810
22 228.3652 480.0462
23 210.7803 483.2438
24 193.8817 484.2489
25 170.7830 475.8500
26 242.5197 474.0490
27 198.9503 437.6186
28 217.8590 436.4542
29 182.2560 442.2310
30 171.6606 449.2583
31 158.3060 490.7758
32 265.8957 741.5718
33 168.7417 463.2499
34 112.0134 485.8680
35 138.4513 480.7319
36 222.1124 565.4377
37 291.8193 637.8104
38 297.6683 655.2972
39 271.3756 644.0093
40 258.9629 651.5881
41 282.6392 656.7109
42 270.8258 658.8236
43 243.7780 680.8420
44 289.6825 581.7963
45 284.9924 562.1093
46 142.0672 435.1366
47 252.4173 511.8714
48 253.2345 576.4971
49 251.9971 564.9415
50 170.3983 567.5424
51 284.2547 535.8127
52 179.6983 412.6988
53 156.4446 420.7376
54 119.8708 363.3779
55 256.8322 419.1030
56 235.0660 440.0794
57 228.0414 664.3156
58 157.1054 662.6566
59 267.1212 586.2694
60 281.8951 591.0216
61 245.4965 662.1742
62 253.1460 660.7909
63 145.5855 408.6042
64 254.4756 583.9179
65 212.2919 410.8949
66 206.5058 394.6950
67 179.5627 310.2181
68 132.7462 384.8383
69 194.2086 350.3324
70 131.0777 427.0610
71 120.2025 414.0020
72 294.4200 648.4396
73 277.6973 652.1796
74 264.9426 655.6290
75 272.0111 588.8485
76 249.4366 661.6710
77 257.0701 665.0268
78 255.2098 659.8563
79 273.8133 581.2437
80 274.4643 656.8690
81 286.7574 656.4648
82 300.9676 656.5476
83 302.0005 707.0936
84 299.8372 688.6374
85 298.9667 677.4146
86 299.0337 668.1886
87 300.0833 661.7036
88 272.0547 661.6548
89 269.7283 663.9111
90 266.8547 668.9701
91 264.7376 675.6832
92 242.7643 632.7483
93 127.5800 569.5212
94 307.2391 593.8577
95 264.2761 661.5320
96 260.6613 662.5094
97 288.3976 599.5105
98 262.3168 594.3071
99 285.2955 595.5450
100 235.8111 524.8954
101 208.2372 540.9659
102 250.7230 573.0295
103 141.4572 333.2968
104 156.0756 362.9909
105 171.3971 396.8976
106 259.3614 692.0424
107 247.1642 393.8911
108 235.3681 343.4476
109 223.9891 296.2166
110 179.3194 482.0532
111 141.6776 507.1991
112 251.3160 468.2809
113 153.5678 456.4824
114 262.6257 498.0754
115 261.5636 569.9198
116 126.1892 522.2322
117 154.1417 520.0353
118 176.9344 525.1050
119 209.9940 518.3094
120 233.9095 507.5211
121 250.7709 496.5781
122 280.8082 470.4969
123 133.0634 563.0639
124 139.0126 455.8861
125 297.3979 590.5869
126 255.6520 532.1028
127 111.1487 483.2059
128 262.6177 484.8468
129 250.3641 573.4242
130 164.5719 466.2814
131 260.6822 555.8997
132 139.1625 615.7498
133 250.5968 460.4140
134 271.5191 543.9423
135 192.8934 705.3387
136 200.6637 724.9677
137 122.2569 568.2836
138 169.0736 682.1225
139 115.1115 446.8351
140 266.3779 759.3395
141 300.6669 593.6100
142 242.1224 547.5772
143 125.2428 485.6291
144 193.2343 471.7854
145 208.9398 472.0157
146 253.7011 669.0745
147 141.8555 601.4589
148 301.3955 779.4059
149 250.9012 760.6411
150 228.3894 746.5639
151 283.6437 338.2265
152 336.7437 779.2931
153 223.8889 469.4229
154 237.7726 465.1448
155 246.5863 462.6388
156 127.0325 452.7301
157 233.3034 446.5308
158 217.2055 441.6776
159 200.9738 441.9197
160 185.5788 447.1507
161 176.8158 454.1006
162 106.9056 437.1075
163 182.4745 469.8846
164 310.6454 610.9798
165 257.1475 621.1858
166 265.9122 584.0002
167 287.7279 614.1068
168 294.9723 439.2519
169 218.5415 727.1928
170 241.8577 743.4709
171 296.6878 769.3945
172 178.1867 699.2052
173 245.0360 454.6613
174 272.5624 504.0769
175 333.6314 767.9307
176 274.3761 772.3154
177 133.6254 610.2194
178 284.5798 661.7151
179 282.5374 666.2929
180 281.0826 673.7371
181 280.5193 683.6939
182 278.6247 701.3221
183 260.0852 660.0018
184 254.7303 659.1017
185 249.4815 656.9203
186 231.4102 647.5847
187 163.1311 610.4076
188 271.9046 483.0434
189 261.7157 447.0161
190 251.7112 450.6733
191 263.9428 657.2302
192 169.5462 655.3993
193 274.4814 444.9789
194 271.6528 721.6421
195 298.3605 508.5700
196 282.1941 492.8920
197 297.3455 486.8182
198 264.5709 536.9488
199 330.5750 749.8629
200 327.4255 725.9660
201 298.6742 728.7348
202 229.6833 690.9586
203 237.8809 590.0934
204 249.7348 709.0464
205 196.6945 590.9196
206 223.1408 610.5696
207 186.5772 622.7863
208 295.7315 752.2962
209 257.1212 548.1309
210 218.6202 706.4857
211 242.5674 724.9519
212 212.4114 669.3700
213 151.6996 633.5273
214 192.9265 674.0307
215 147.9352 648.3334
216 212.2266 635.9277
217 264.4756 517.8187
218 267.7583 578.6855
219 258.7351 582.8955
220 272.0367 565.4356
221 246.0869 434.4909
222 216.5584 428.8570
223 191.7516 429.7787
224 171.6585 434.1271
225 158.6678 442.6582
226 153.3411 473.2412
227 114.5831 526.9318
228 168.5367 498.1389
229 186.8486 501.9788
230 209.9786 499.2976
231 231.6325 492.5839
232 247.8155 484.5047
233 258.5302 476.9829
234 119.3638 526.0531
235 260.5499 586.8834
236 273.1801 523.3674
237 278.3949 579.5572
238 289.7554 587.2409
239 279.7867 581.9882
240 266.4992 591.6107
241 292.4009 589.3896
242 295.5253 592.3689
243 256.5778 461.9493
244 266.2626 465.6390
245 270.7628 468.7700
246 172.1947 459.1646
247 163.9649 456.4737
248 314.0053 510.0272
249 431.3742 437.2332
250 322.7877 586.4496
251 499.7302 352.8160
252 379.3243 462.3267
253 398.0863 461.3768
254 415.9918 458.4092
255 439.3104 444.4073
256 363.1131 459.7915
257 398.0459 412.3052
258 378.5060 415.8063
259 416.7725 412.9294
260 430.1980 417.3991
261 456.8417 456.2088
262 397.7914 729.3000
263 437.6581 431.2177
264 516.7401 438.7645
265 477.8316 440.8476
266 399.5793 546.4146
267 335.3860 633.6264
268 335.8210 651.6087
269 359.9494 636.0125
270 376.9721 640.5292
271 353.2966 650.3139
272 367.7600 649.6180
273 404.8236 665.3734
274 318.8205 578.7153
275 318.6120 558.3857
276 458.7601 395.3438
277 357.3797 500.1230
278 362.2040 565.4613
279 362.5626 553.7529
280 457.9579 536.1660
281 315.9260 532.3117
282 408.7302 381.7337
283 437.1115 384.3062
284 474.5147 319.9544
285 328.9796 408.8885
286 362.3323 423.8794
287 416.9799 645.8961
288 519.4176 624.4420
289 350.6528 578.1865
290 336.0996 585.9661
291 397.1005 647.8821
292 389.6688 647.7393
293 447.1866 369.4584
294 364.4916 573.2185
295 372.8014 388.7518
296 374.3280 371.4048
297 387.7852 283.8698
298 459.9811 343.8040
299 378.5849 326.0115
300 470.7019 384.6771
301 485.2376 369.6774
302 336.0483 644.6331
303 356.0437 645.0109
304 372.0992 645.5660
305 346.5981 581.8184
306 392.9962 648.0003
307 384.9375 652.7381
308 387.9121 647.1973
309 339.2348 574.6725
310 365.0947 648.2129
311 350.8636 650.5317
312 334.9294 653.2313
313 348.8281 702.7212
314 343.1507 684.3660
315 340.5270 673.4564
316 338.3874 664.4784
317 336.5117 658.3074
318 368.3905 652.3098
319 370.8090 654.1207
320 374.4815 658.5608
321 378.3408 664.6363
322 390.3996 618.0993
323 530.7629 524.2783
324 377.8522 650.6437
325 380.9357 651.0011
326 330.7959 595.5125
327 359.9609 585.0918
328 333.2692 590.9146
329 378.1679 509.1356
330 410.5129 518.6630
331 367.1450 561.4116
332 438.3999 296.0248
333 425.7323 328.0805
334 413.8228 364.1224
335 390.7677 679.4517
336 331.6626 381.7595
337 333.2305 330.6976
338 336.6062 281.9810
339 431.2341 452.8772
340 479.3793 468.5751
341 352.5459 456.3399
342 452.8677 420.1088
343 342.8280 488.9781
344 349.5383 560.8321
345 502.1841 479.5246
346 466.6701 484.7076
347 441.9439 495.3129
348 405.2337 496.3792
349 377.9173 491.2173
350 357.6975 484.3925
351 314.2979 466.4176
352 503.3215 522.0388
353 469.5273 415.8227
354 314.5809 588.8180
355 356.3926 521.2309
356 525.9899 435.0539
357 341.9468 475.6899
358 369.8526 561.4134
359 443.7195 433.0436
360 349.3736 546.6379
361 528.8784 573.4048
362 352.1237 448.3336
363 332.8326 537.3003
364 476.3990 677.2458
365 479.4997 697.7059
366 525.1915 523.3572
367 499.4199 648.1735
368 501.6266 400.8495
369 403.4483 746.7188
370 313.9298 592.3119
371 374.8517 533.4069
372 495.6823 442.3476
373 412.9729 446.1363
374 397.0412 449.8723
375 389.6161 656.0907
376 503.9934 562.2666
377 372.9970 773.1652
378 427.0125 744.7087
379 451.1468 725.7275
380 381.2686 450.7389
381 366.2713 449.7614
382 356.7893 449.5475
383 484.2773 409.7003
384 366.6629 430.2029
385 382.0377 421.2991
386 398.1273 417.8426
387 414.9197 419.3500
388 425.7852 424.1435
389 515.7804 388.8618
390 423.8796 441.7170
391 371.2907 610.1822
392 350.3857 575.6556
393 335.1201 609.5496
394 451.9553 704.9925
395 428.5632 726.2324
396 372.0541 762.6602
397 501.8355 666.1712
398 356.2788 441.3607
399 329.0276 497.7089
400 401.6033 760.9740
401 523.3865 567.9053
402 353.6903 655.0802
403 356.4186 659.1587
404 359.3831 666.1332
405 362.5904 675.7479
406 372.2569 692.4352
407 380.9800 648.4363
408 385.4847 646.8232
409 390.2142 643.5193
410 407.2479 630.1499
411 478.2595 576.6268
412 328.0861 476.4509
413 335.2668 437.7079
414 347.7716 438.8294
415 377.4234 646.4263
416 486.2592 622.4390
417 318.4704 439.3131
418 386.1055 710.8214
419 314.4884 489.1984
420 344.1189 528.3710
421 358.2063 723.2432
422 424.2348 672.1139
423 387.4114 574.8212
424 407.1743 694.1977
425 432.7661 565.6326
426 407.9037 591.5850
427 453.0506 594.7324
428 367.3477 745.6315
429 356.4829 537.7256
430 442.6729 684.7716
431 420.3725 708.2657
432 436.8870 646.8202
433 502.5833 596.2960
434 462.2963 646.8050
435 516.9048 609.1143
436 426.6548 613.8796
437 342.3962 509.2394
438 344.5331 570.8948
439 357.5183 573.0810
440 334.8424 558.8911
441 347.4189 421.3559
442 375.7782 407.9820
443 401.6996 402.6080
444 424.4776 402.2204
445 441.9397 407.4446
446 458.6914 437.0618
447 523.8325 480.3356
448 446.6300 466.1040
449 427.3265 474.4603
450 402.0959 477.2972
451 378.1549 475.5769
452 359.5829 471.5644
453 346.3057 466.7064
454 529.0363 479.1271
455 357.9012 577.5067
456 329.5890 517.1011
457 331.3775 574.0238
458 323.0662 583.9959
459 332.0053 576.7261
460 353.8056 583.4820
461 319.9349 586.5233
462 319.3544 590.0927
463 345.6746 451.2620
464 335.2036 457.4152
465 329.2324 461.7873
466 432.3181 427.9940
467 441.0730 422.7892
