# Image: /home/yaroslav/Projects/Diia.AIContest-AdAstrum/fixtures/FLUXSynID-processed/00bf04242f4a/00bf04242f4a_m_doc.jpg
# Mode: stream
# Status: fail
# Errors: strong_shadows_on_face: Strong shadows or uneven lighting detected (difference: 68.4); face_not_looking_straight_at_camera: Head is turned 178.9째 (max: 15.0째); head_is_tilted: Head is tilted 20.1째 (max: 10.0째)

# 2D Landmarks (index x y)
0 301.9603 637.0583
1 300.7110 566.2123
2 301.3819 587.8012
3 282.0994 495.0285
4 300.1672 544.4617
5 299.7368 515.5257
6 299.1757 446.3740
7 158.7217 440.6915
8 298.7504 403.5376
9 298.5078 378.0369
10 296.5282 280.6483
11 302.1362 647.8810
12 302.3255 655.8908
13 302.4966 659.1648
14 303.6512 667.3495
15 303.8549 676.9283
16 304.1553 688.8450
17 304.5531 701.2600
18 305.2112 721.1873
19 300.8552 576.9907
20 281.5186 575.2144
21 84.5358 375.0869
22 216.3739 457.1678
23 196.9187 459.4045
24 177.7717 459.9984
25 152.2695 450.0535
26 232.6120 451.9525
27 187.3651 414.8680
28 208.0166 414.7501
29 168.9159 418.1701
30 156.5760 424.0988
31 135.9251 466.0088
32 226.6865 754.2431
33 151.2609 436.2268
34 75.5731 460.9857
35 111.8516 454.5879
36 202.2735 548.6821
37 277.3040 633.9734
38 282.5952 656.1632
39 252.6560 641.7447
40 238.5202 652.4340
41 265.2966 658.1336
42 252.2786 661.7443
43 213.1923 687.0316
44 283.0820 565.9500
45 279.8941 545.0546
46 124.0271 407.2355
47 240.1914 493.1476
48 234.4720 560.3667
49 233.3731 548.5841
50 145.6197 548.2715
51 280.8802 518.0797
52 169.8076 387.3953
53 142.5695 393.7622
54 102.8434 339.4926
55 257.4330 400.8056
56 226.8732 418.9286
57 198.4154 667.5334
58 94.7271 653.8918
59 249.9141 571.8090
60 267.3784 577.9981
61 222.1711 669.7297
62 231.6305 667.6168
63 130.9869 381.3283
64 234.2535 569.8304
65 207.3540 388.3459
66 202.8283 372.0130
67 181.2704 292.6257
68 117.1018 359.2400
69 193.8820 330.3737
70 111.6034 399.0677
71 98.3175 387.9265
72 279.5457 647.0295
73 259.8087 651.9387
74 245.4217 657.6390
75 255.4598 575.4602
76 227.2466 669.2850
77 234.9440 672.2904
78 233.4826 665.7112
79 261.2018 564.9294
80 256.2926 660.4331
81 269.5932 659.1385
82 285.4842 659.0217
83 278.2188 720.7736
84 279.5548 700.0951
85 280.8767 686.9850
86 282.5587 675.1187
87 284.3774 667.2558
88 253.2024 667.2039
89 249.9983 670.2791
90 245.2865 676.4609
91 240.8127 683.8827
92 220.2123 627.3370
93 74.5753 551.2261
94 301.0484 580.9893
95 244.0887 667.3354
96 239.8574 669.0780
97 275.0850 588.0751
98 242.5993 583.0390
99 271.3202 583.3201
100 220.5736 506.2036
101 189.8395 521.9398
102 230.5380 558.2171
103 133.0721 311.2771
104 147.2779 339.1883
105 161.8312 371.2648
106 229.8727 699.9610
107 250.1240 375.4811
108 242.3365 328.1504
109 234.1136 283.5685
110 161.6049 456.9408
111 114.2373 482.7356
112 242.8996 446.9354
113 134.4023 429.5094
114 253.8456 479.2924
115 247.3247 552.4424
116 92.7339 498.0072
117 128.9711 496.8743
118 155.0857 503.6858
119 192.8929 498.0809
120 219.9892 487.6198
121 239.8617 477.1125
122 279.9349 452.1997
123 97.8140 541.6869
124 116.5384 428.1682
125 290.4101 576.1475
126 241.3075 514.4746
127 70.2747 460.7435
128 254.8977 465.9834
129 229.4946 559.4400
130 145.8295 439.6613
131 246.4620 538.3776
132 79.9392 601.1542
133 242.0320 439.0102
134 263.1614 525.8916
135 137.9351 705.0889
136 137.7429 728.9362
137 76.5968 547.4075
138 114.8520 675.4036
139 86.6644 420.9271
140 220.6948 777.7827
141 292.7575 580.1994
142 224.3787 530.9150
143 94.5653 459.5864
144 179.0748 446.0629
145 196.3553 447.1443
146 229.7234 676.4665
147 102.8005 583.1592
148 260.0530 809.6029
149 194.0195 778.6348
150 166.9895 758.0388
151 297.5674 327.6896
152 307.5610 813.2676
153 212.6897 445.5492
154 228.1240 442.2779
155 237.6994 440.6353
156 102.1535 425.3081
157 224.1582 424.5665
158 206.5042 419.3488
159 188.9639 418.6283
160 171.7206 422.5968
161 161.4931 428.5619
162 74.4150 412.8995
163 167.1000 443.5172
164 301.7294 602.5385
165 236.0042 613.8100
166 249.3841 568.4966
167 273.7524 605.1825
168 298.9740 423.9706
169 163.3191 733.5469
170 190.2383 756.0486
171 259.3203 792.8492
172 115.1552 696.7359
173 236.4760 432.9942
174 266.6738 485.3928
175 307.2604 796.4871
176 224.2812 796.7294
177 83.3745 593.0346
178 267.4035 666.7840
179 264.3804 672.6602
180 260.8983 681.8420
181 257.8016 693.5098
182 251.1590 712.0249
183 240.4391 664.8016
184 234.1119 663.7546
185 227.6642 660.9301
186 206.5471 646.2547
187 131.3901 593.7719
188 267.2020 464.3844
189 257.7711 428.0670
190 244.9817 430.1900
191 244.6694 661.7701
192 126.6484 644.7815
193 273.9051 427.7472
194 238.5979 732.0185
195 299.6012 491.3002
196 280.3338 474.2303
197 299.3759 469.2075
198 252.9192 519.2028
199 306.7167 772.1607
200 305.9826 744.0070
201 271.2703 742.8306
202 190.8333 694.0960
203 214.8595 577.3145
204 212.0532 716.0962
205 173.5979 574.6426
206 199.1411 599.0494
207 157.6169 609.6319
208 263.3337 769.3414
209 240.8622 531.3450
210 171.3929 709.6805
211 198.1682 733.5219
212 176.2450 668.1387
213 107.7373 618.8570
214 150.3000 669.6751
215 94.1926 635.6628
216 185.1968 628.7903
217 254.2558 499.4673
218 254.2648 561.8220
219 240.7665 567.2242
220 262.4930 547.8712
221 241.6573 414.5960
222 209.1427 406.6717
223 181.5013 405.6775
224 158.7011 408.3827
225 142.8352 415.8337
226 131.3058 447.0540
227 73.1025 503.4590
228 147.5195 474.0914
229 167.7819 479.2663
230 194.0078 477.3476
231 218.7547 471.2686
232 237.5950 463.9577
233 250.6268 457.3309
234 72.3310 505.7261
235 241.6990 572.7805
236 266.6674 504.9560
237 268.6213 562.8598
238 280.4977 572.4365
239 269.0780 565.9257
240 248.2449 579.2305
241 284.1187 574.6744
242 286.0449 578.6357
243 249.2296 441.2521
244 260.8177 446.7479
245 266.4180 450.4272
246 155.6623 432.8545
247 146.7310 430.0083
248 317.2560 494.4777
249 440.8369 434.8994
250 320.2049 574.4172
251 513.0181 367.1669
252 382.9868 453.8597
253 402.9508 455.2325
254 422.4052 454.9227
255 447.6495 443.9750
256 366.2021 449.3369
257 410.7114 409.4417
258 389.4767 410.3299
259 429.9412 412.0761
260 442.6088 417.5735
261 464.5672 459.3984
262 386.2644 751.2907
263 448.1992 430.0978
264 524.9734 452.1263
265 488.4371 446.6732
266 399.9759 544.8146
267 326.6443 632.7217
268 322.3198 655.0752
269 351.8103 639.5809
270 366.4505 649.2843
271 339.9857 656.2712
272 353.2920 659.0899
273 394.6082 682.8915
274 318.1958 565.1192
275 320.5710 544.2723
276 476.0297 398.7619
277 359.6245 491.0142
278 366.4852 558.0020
279 367.2656 546.2451
280 457.4753 541.8293
281 318.8232 517.4132
282 429.4098 380.3212
283 457.0373 385.7695
284 493.9090 331.9862
285 340.5041 398.3396
286 370.6004 415.5748
287 408.2108 662.7733
288 511.2644 645.9359
289 351.6195 570.0147
290 334.5952 576.9430
291 384.0593 665.7142
292 374.5882 663.9997
293 468.6399 372.8178
294 367.1042 567.6618
295 390.9911 383.0744
296 395.3560 366.3925
297 412.9823 287.9322
298 481.0498 351.2614
299 402.5076 325.4013
300 488.1319 390.2687
301 500.6104 379.5608
302 324.9696 645.8907
303 345.1996 649.9424
304 359.8750 654.7622
305 346.3048 573.9729
306 378.9077 665.3505
307 371.9994 668.9100
308 372.5397 662.2967
309 340.0521 563.0533
310 349.1420 657.8148
311 335.6993 657.4494
312 319.6856 657.9782
313 332.4800 719.5863
314 329.8066 698.8276
315 327.6618 685.9264
316 325.3009 674.1535
317 323.2290 666.4009
318 354.1543 664.5237
319 357.4468 667.5161
320 362.3613 673.5105
321 367.1509 680.7583
322 384.5581 623.9109
323 527.8856 542.6460
324 362.9328 664.3872
325 366.9819 665.9973
326 327.5224 587.2232
327 359.4376 581.2420
328 330.8731 582.2434
329 379.9688 503.2078
330 411.8541 517.5330
331 370.4585 555.7856
332 462.4580 304.6802
333 450.2947 332.0521
334 436.9670 363.7841
335 379.3642 696.5904
336 347.4219 372.5351
337 353.2159 325.6133
338 359.3464 281.2111
339 438.5203 451.2458
340 486.8941 475.2409
341 355.6872 444.6482
342 465.4840 422.2071
343 345.6012 477.5517
344 353.3431 550.3886
345 508.6792 489.6960
346 472.4886 489.9619
347 446.3797 497.7766
348 408.0258 493.7859
349 380.1104 484.5906
350 359.5581 474.9094
351 318.7321 451.3523
352 504.8352 533.3889
353 483.3008 420.0193
354 311.3399 575.6513
355 358.8708 512.4003
356 529.5682 452.3294
357 344.1963 464.3184
358 371.5407 557.0194
359 453.9224 433.2124
360 353.7583 536.4028
361 523.9213 592.7355
362 356.3246 436.7103
363 336.7870 524.5553
364 471.4297 698.5501
365 472.4540 722.6514
366 526.0254 538.5075
367 492.6781 667.9524
368 512.7707 412.3718
369 393.3207 774.6895
370 309.3624 579.8532
371 376.5245 528.1351
372 505.8928 451.0653
373 420.7091 441.1068
374 403.3002 442.9679
375 377.3090 672.8778
376 501.0995 575.0318
377 354.9201 808.0112
378 419.4857 774.6889
379 445.1862 752.9366
380 386.4459 442.0446
381 370.5865 439.3046
382 360.8437 438.1694
383 497.7144 416.6482
384 373.9422 421.4697
385 391.4802 415.4700
386 409.3176 414.1124
387 426.8204 417.3859
388 437.5285 422.9193
389 524.1575 404.7452
390 432.5306 438.0950
391 367.8945 611.3158
392 352.0282 566.4462
393 329.7378 604.1461
394 447.7462 728.2175
395 422.3687 751.7618
396 355.2549 791.2989
397 493.0355 689.5396
398 361.6776 430.3447
399 332.6837 484.1693
400 390.4220 793.9847
401 520.6257 584.4048
402 340.2531 664.9852
403 343.5246 670.6064
404 347.4485 679.6919
405 351.1488 691.2173
406 359.0684 709.6788
407 365.2898 661.5964
408 371.5152 660.3220
409 377.7742 657.1923
410 398.9401 641.9073
411 473.1961 586.6279
412 331.8586 463.1212
413 340.1991 426.1980
414 352.8619 427.9604
415 360.8529 658.6755
416 479.6494 637.6237
417 324.1779 426.6052
418 372.9522 729.3068
419 318.6112 473.5205
420 347.1258 517.4448
421 340.9227 741.4956
422 417.7391 689.3865
423 387.4936 574.1715
424 398.2084 712.3508
425 430.3050 569.3184
426 404.7338 595.0701
427 447.6864 603.5006
428 350.3239 767.7504
429 359.4415 529.2548
430 438.3952 704.3970
431 413.2671 729.4173
432 431.1156 662.5526
433 497.3597 610.8729
434 457.2716 663.2951
435 511.4813 627.2930
436 420.2269 623.7375
437 345.3899 497.8161
438 346.7350 559.6757
439 360.5205 565.0340
440 338.0704 546.2930
441 355.9932 411.6579
442 388.9915 401.9219
443 417.3707 399.7757
444 440.6518 401.8486
445 456.7752 408.7849
446 468.9440 439.9757
447 528.5613 494.5668
448 453.2209 467.8495
449 432.8583 473.8571
450 406.2074 473.1223
451 380.8675 467.9615
452 361.6229 461.5988
453 348.2550 455.4093
454 528.6641 497.2154
455 359.6808 570.8096
456 332.9721 503.7392
457 332.5744 561.3037
458 321.1139 571.4389
459 332.1417 564.2986
460 353.6425 577.6178
461 317.7104 573.7174
462 315.8882 578.0377
463 349.1009 439.2251
464 337.6135 445.2554
465 332.2918 449.1664
466 443.5500 427.0462
467 452.7153 423.3533
