# Image: /home/yaroslav/Projects/Diia.AIContest-AdAstrum/fixtures/FLUXSynID-processed/012a19e5dc0c/012a19e5dc0c_m_doc.jpg
# Mode: stream
# Status: fail
# Errors: face_not_looking_straight_at_camera: Head is turned 178.8째 (max: 15.0째); head_is_tilted: Head is tilted 17.0째 (max: 10.0째); hair_covers_part_of_face: Possible hair occlusion detected (score: 0.196)

# 2D Landmarks (index x y)
0 312.0537 620.8563
1 309.4093 542.6330
2 310.0874 566.6240
3 291.5706 474.3753
4 308.8762 520.9874
5 308.2700 493.2223
6 307.2139 427.6249
7 174.7495 430.9064
8 306.6657 388.2435
9 306.5157 363.4194
10 304.5839 271.1188
11 312.3464 631.7454
12 312.7430 639.7413
13 312.7821 642.8316
14 314.1976 644.5727
15 314.4898 652.8049
16 314.9016 663.5620
17 315.2863 675.1684
18 315.6417 696.1279
19 309.5454 554.0135
20 291.0569 553.8543
21 101.6512 368.4494
22 229.2228 444.1616
23 210.8664 447.0907
24 192.6490 448.1339
25 167.9981 440.2158
26 244.5605 437.9075
27 203.0481 403.3028
28 222.0730 402.1582
29 185.3499 407.3362
30 173.2689 413.8753
31 152.6908 455.5973
32 240.3441 733.2459
33 167.6819 427.1137
34 94.0159 453.1001
35 129.5431 445.3362
36 217.6252 533.3661
37 288.9507 618.0871
38 294.0202 640.2703
39 265.8928 626.7522
40 251.7704 637.8413
41 277.2042 642.8498
42 264.1143 646.6074
43 226.7056 670.9725
44 292.6448 542.7556
45 289.7459 522.2012
46 142.0177 399.0837
47 252.8260 477.7156
48 247.7704 541.1537
49 246.7253 530.1956
50 163.8599 534.9450
51 290.4730 496.2222
52 187.6611 376.7076
53 160.9575 384.9693
54 120.5054 332.3558
55 270.2201 385.5438
56 239.3700 405.4051
57 212.1475 653.0346
58 112.0559 647.0086
59 262.1274 552.1858
60 277.9485 557.9398
61 235.5701 654.3088
62 243.4589 651.7738
63 149.6243 373.6281
64 247.4679 551.3050
65 223.9239 375.1135
66 219.4948 359.5359
67 197.3551 283.7787
68 135.4153 351.4486
69 209.9903 319.3679
70 129.9619 391.6757
71 115.7330 380.4799
72 291.3457 631.3775
73 272.5850 636.9870
74 258.2018 642.8007
75 267.1631 555.9745
76 240.0161 653.5929
77 247.6365 654.2680
78 244.9105 650.1283
79 272.6138 543.5993
80 267.4093 645.4625
81 280.9338 643.9131
82 296.6027 643.0563
83 290.2355 697.1158
84 291.7083 675.2147
85 293.0160 662.5798
86 294.3270 652.0450
87 295.6622 645.0976
88 264.4913 647.9214
89 261.9291 650.5335
90 257.9751 656.1812
91 254.0082 663.4204
92 233.7151 612.0365
93 92.5029 546.1259
94 309.7459 558.8417
95 255.2603 649.4693
96 251.9288 651.0981
97 285.0994 567.7399
98 255.3139 564.7906
99 281.5081 563.0207
100 234.4652 491.6083
101 205.4346 507.8754
102 244.0267 540.3910
103 150.8205 303.3418
104 165.5801 330.5164
105 180.2050 361.7246
106 243.4169 681.1888
107 263.4355 360.7041
108 255.1279 315.6915
109 246.7707 274.1920
110 177.1227 446.2507
111 132.3448 472.0053
112 253.9827 431.8753
113 151.1520 420.3703
114 265.3489 463.1023
115 259.9057 531.9129
116 111.7396 487.9959
117 146.8417 485.1554
118 171.8380 491.0127
119 207.5681 484.8474
120 233.1698 473.8791
121 252.0541 462.5206
122 289.1673 433.7947
123 117.3764 531.0450
124 134.1250 419.7530
125 299.5972 553.4789
126 254.2665 498.0967
127 87.9236 455.1250
128 266.1185 450.4440
129 243.1860 542.5225
130 162.0644 430.3174
131 258.9496 518.7932
132 97.9240 595.6582
133 252.9528 424.2651
134 274.2249 505.1279
135 154.6423 691.5912
136 154.1916 716.5914
137 95.6753 539.2238
138 132.3990 664.0949
139 104.3311 413.1832
140 234.0950 756.0547
141 301.6640 558.2346
142 238.4714 515.3162
143 112.9013 450.7430
144 194.1910 434.5800
145 210.4969 434.8562
146 242.9791 658.8827
147 122.2787 572.4881
148 271.8912 785.3887
149 208.5318 760.4208
150 182.4064 742.8087
151 305.6493 315.6260
152 317.0178 787.6074
153 225.8795 432.7183
154 240.0688 428.6162
155 248.7289 426.1855
156 120.1670 417.3810
157 236.9153 412.8921
158 220.8804 409.8905
159 205.0317 410.0680
160 188.8481 414.2553
161 178.5382 419.8625
162 91.5338 406.7116
163 182.7660 432.8866
164 310.9221 583.5148
165 249.0507 597.3156
166 261.6939 548.4210
167 284.5709 587.0380
168 306.7878 407.5130
169 178.9545 718.0409
170 204.8506 737.6617
171 271.0773 768.4757
172 132.0209 687.2321
173 247.8810 419.1647
174 277.3347 466.9656
175 316.8587 769.8919
176 237.5567 775.2991
177 102.3620 584.6576
178 278.8885 645.9435
179 276.2472 651.0460
180 273.4673 659.3023
181 270.8018 670.3168
182 264.1636 690.3761
183 252.2867 649.8774
184 246.8020 649.1010
185 241.0041 646.4598
186 220.3145 631.8793
187 150.0529 581.2623
188 277.5355 447.0818
189 268.7667 412.5079
190 256.3640 415.3425
191 255.7662 647.1108
192 144.5476 632.8348
193 283.9349 411.4355
194 252.1308 711.3974
195 307.9480 470.2529
196 289.8289 454.5605
197 307.5944 449.1286
198 265.1041 500.9239
199 316.4003 746.0324
200 316.0899 718.6637
201 283.2277 719.5139
202 205.3532 678.9459
203 228.9870 561.1812
204 226.3346 698.5148
205 190.2683 559.8629
206 213.9144 583.9420
207 174.4853 595.9554
208 275.1556 745.5818
209 253.8183 514.0482
210 186.9639 694.2622
211 212.8694 715.4897
212 190.9169 654.1292
213 126.5596 608.2760
214 166.7245 656.0082
215 112.3682 626.3677
216 199.9288 614.9196
217 266.0645 482.1549
218 266.1443 540.5661
219 253.7430 547.6037
220 273.5089 525.9359
221 254.3981 399.5514
222 224.1453 393.0222
223 197.7799 393.4204
224 175.6682 397.7480
225 159.8311 406.2703
226 147.8534 437.7385
227 91.8638 495.4335
228 163.9630 463.1097
229 183.2125 467.1498
230 208.0786 464.7384
231 231.5764 457.9694
232 249.4765 449.7710
233 261.8247 442.2620
234 90.2188 500.5229
235 254.4988 553.7161
236 277.3862 485.3517
237 279.1133 540.3309
238 290.1161 550.4554
239 279.7960 544.0047
240 260.5935 560.3032
241 293.5603 552.2725
242 295.3221 557.0053
243 260.0111 425.7760
244 271.4019 431.0766
245 276.7567 434.2059
246 172.4874 423.9727
247 163.2154 420.5813
248 324.6912 473.6231
249 441.9375 423.9805
250 328.1311 552.7254
251 510.7417 359.9262
252 387.5389 439.9300
253 406.3892 441.9230
254 424.7662 442.0161
255 448.8451 432.8333
256 371.7229 434.6341
257 411.5825 397.7094
258 392.3353 397.7230
259 429.5445 400.7906
260 442.2152 406.6349
261 464.5738 447.6189
262 391.3682 729.0398
263 448.7987 419.9800
264 521.6866 443.1670
265 486.6788 436.2954
266 403.0285 528.3375
267 335.0292 616.3937
268 331.7424 638.7775
269 358.8855 623.4898
270 374.1396 633.3502
271 348.8921 640.1252
272 362.6137 642.9787
273 401.3898 665.2520
274 326.0180 541.7123
275 328.0578 521.2534
276 473.0342 390.2670
277 364.5325 474.9782
278 370.6873 538.1109
279 371.4196 527.0774
280 456.9758 526.7581
281 326.2570 495.4412
282 426.6099 369.9825
283 453.7311 376.9984
284 491.1024 324.4397
285 343.9287 383.2652
286 375.0769 402.0447
287 414.6013 646.4743
288 509.1380 636.9345
289 356.8964 549.7349
290 341.7914 556.3768
291 391.7224 648.7488
292 383.6782 646.8210
293 464.5720 365.0771
294 371.4655 548.3360
295 390.2740 370.3531
296 394.4660 354.4874
297 412.8219 279.0245
298 477.6582 343.2159
299 402.1909 314.5598
300 484.6740 382.4391
301 497.9153 371.6087
302 333.8286 629.7968
303 353.0713 633.8235
304 368.1814 638.6613
305 352.2297 553.9397
306 387.2818 648.2329
307 380.3006 649.4912
308 382.1566 645.2557
309 345.9212 541.2116
310 359.1083 641.8676
311 345.3123 641.4010
312 329.3634 641.7234
313 340.9898 695.4121
314 338.8290 673.3468
315 336.8929 660.8949
316 334.7839 650.4987
317 332.8944 643.7156
318 363.5603 644.1634
319 366.3802 646.6199
320 370.6589 651.9892
321 375.0053 659.0658
322 390.6695 607.2266
323 524.4653 535.9260
324 372.5379 645.3127
325 375.9624 646.6648
326 335.1870 566.3611
327 364.6561 562.1808
328 338.3180 561.5612
329 383.9966 487.6931
330 414.2792 502.1659
331 374.6775 537.2000
332 459.8976 296.6703
333 447.1421 323.5749
334 433.6839 354.6418
335 385.8844 676.3723
336 350.2893 358.0774
337 356.8095 313.2425
338 362.9176 271.6868
339 440.1636 439.3567
340 485.1157 462.9979
341 362.0589 429.2033
342 464.6511 412.2390
343 351.3288 460.9386
344 358.3846 529.2475
345 505.5220 478.1200
346 471.5092 476.6814
347 446.9043 483.6634
348 411.1044 479.3837
349 384.5841 469.9218
350 364.8241 459.6918
351 325.9217 432.7858
352 501.6948 520.8209
353 481.2342 410.8836
354 319.6332 552.8374
355 363.6469 495.4709
356 526.5429 445.4717
357 350.0728 448.3702
358 375.7954 539.3083
359 454.4648 422.7065
360 358.6039 516.3170
361 520.6561 585.3679
362 362.6826 421.5542
363 342.9345 503.4241
364 471.9404 683.0045
365 472.6910 708.2186
366 522.1359 528.6358
367 491.8735 654.4474
368 510.1032 403.9080
369 398.1363 751.7008
370 317.6952 557.6979
371 380.4982 511.6979
372 503.1476 441.0815
373 422.9212 428.5913
374 406.3874 429.7182
375 385.1987 653.7805
376 498.4101 562.3222
377 361.7684 783.1590
378 422.7113 754.8625
379 447.0020 735.7875
380 390.6449 428.3274
381 376.1148 424.9983
382 367.1574 423.1847
383 495.0300 407.9304
384 378.4703 409.6494
385 394.3285 405.7566
386 410.4308 405.0309
387 427.0068 408.2458
388 437.6652 413.2549
389 521.7039 397.7589
390 434.0421 426.4010
391 373.9716 593.6911
392 357.0580 545.8379
393 337.4748 585.5398
394 449.9290 710.7477
395 425.7023 731.8051
396 362.3357 766.1757
397 492.0751 677.8430
398 367.6030 416.2148
399 339.1435 465.4979
400 395.1870 771.2288
401 517.1607 573.8568
402 349.6298 643.2522
403 352.5629 648.0950
404 355.9705 656.0984
405 359.2785 666.9160
406 366.2645 687.0189
407 374.7386 645.3437
408 380.1794 644.0699
409 385.7034 641.1886
410 405.2228 625.7953
411 472.3593 572.1101
412 338.2121 445.6204
413 345.9163 410.5431
414 358.5554 412.9171
415 371.0457 642.8385
416 479.2453 623.5811
417 330.3030 410.1609
418 378.9251 707.5258
419 325.8268 453.7142
420 352.3673 498.7240
421 348.7402 717.4641
422 422.6380 672.5099
423 391.7793 557.0438
424 403.1716 693.2390
425 432.0866 552.9841
426 409.0512 578.5083
427 449.3786 587.9903
428 357.6730 743.2721
429 364.0131 511.3337
430 441.2501 687.1098
431 417.0414 709.7610
432 435.5055 646.7800
433 495.5044 598.1477
434 459.1302 647.6592
435 509.2870 615.9536
436 424.7104 608.3114
437 350.8694 480.0621
438 352.2792 537.9256
439 365.0739 544.7024
440 344.4579 523.9272
441 360.1407 396.7542
442 390.3414 388.3978
443 416.7752 387.4590
444 439.3511 390.7789
445 455.5412 398.5624
446 468.6651 429.5657
447 524.7779 485.1241
448 453.8416 455.5219
449 434.6782 460.5395
450 409.6510 459.4017
451 385.5979 453.8484
452 367.1210 446.7428
453 354.2791 439.9233
454 525.3408 490.6195
455 364.4946 550.9629
456 339.3573 483.7955
457 339.4083 538.4353
458 328.8771 549.1729
459 338.8884 542.0250
460 359.0445 557.9936
461 325.6712 551.1134
462 323.9523 556.1754
463 355.5288 423.5281
464 344.0161 429.2597
465 338.6235 432.7747
466 443.9248 417.0211
467 452.6595 412.8743
