# Image: /home/yaroslav/Projects/Diia.AIContest-AdAstrum/fixtures/FLUXSynID-processed/012a19e5dc0c/012a19e5dc0c_m_live_0_e_d1.jpg
# Mode: stream
# Status: fail
# Errors: image_blurry_or_out_of_focus: Image is blurry (sharpness score: 71.87); face_not_looking_straight_at_camera: Head is turned 169.5째 (max: 15.0째); head_is_tilted: Head is tilted 19.1째 (max: 10.0째)

# 2D Landmarks (index x y)
0 339.5173 665.0670
1 322.5176 591.7871
2 326.9364 608.9328
3 290.7292 518.9170
4 318.1161 570.3395
5 312.1977 539.4909
6 297.7606 461.2888
7 157.8353 471.9748
8 289.0449 416.6153
9 283.9064 390.1054
10 261.8122 276.2469
11 341.8301 675.4916
12 343.3322 681.6697
13 343.7293 682.6990
14 344.5911 685.8165
15 346.4934 694.5005
16 348.7528 705.1076
17 351.0707 715.7230
18 354.1750 731.1899
19 324.4453 600.9853
20 304.4774 600.3629
21 61.7071 400.8810
22 219.0068 477.9119
23 200.0674 483.6324
24 180.6001 487.4635
25 152.0530 481.5891
26 233.5452 469.7741
27 181.6112 443.8786
28 201.9081 439.0703
29 163.8836 450.3948
30 152.5894 457.5643
31 137.6533 498.8804
32 283.7241 773.6002
33 149.0918 469.1547
34 71.5635 493.2532
35 109.8535 489.8589
36 221.9910 578.8328
37 314.9109 665.5783
38 323.5241 684.4573
39 292.3067 674.8112
40 279.1273 684.4343
41 306.3054 687.7773
42 292.9222 690.8750
43 257.8327 715.1122
44 305.1365 593.9789
45 298.3258 574.0046
46 115.9696 447.7158
47 248.8690 515.4494
48 257.0442 590.4596
49 253.8372 577.8561
50 164.4724 584.1592
51 294.0578 544.9019
52 161.2490 423.3157
53 134.0615 433.7179
54 74.8179 364.6588
55 250.3464 420.2064
56 221.0882 438.8736
57 239.2563 699.1448
58 132.2676 681.5912
59 273.5434 599.3871
60 291.2467 603.5109
61 263.5819 697.9424
62 271.3382 694.8253
63 119.2371 421.6188
64 258.2178 598.6245
65 199.5077 417.1516
66 191.3540 400.8286
67 147.2155 307.3907
68 97.2344 391.4386
69 170.7475 351.5443
70 100.4577 438.7304
71 80.9209 420.3403
72 319.5218 677.8039
73 300.7484 683.6134
74 286.4622 688.4436
75 279.4132 602.0119
76 268.0187 696.8350
77 276.4093 698.6133
78 272.4791 692.5561
79 283.0867 593.0579
80 296.1358 688.0237
81 310.2400 686.6603
82 326.5591 684.9428
83 328.1519 736.0642
84 326.4551 719.0367
85 325.5694 707.2437
86 324.8909 696.5720
87 325.1291 688.7759
88 292.8726 692.1538
89 290.6724 695.2566
90 287.6067 701.3304
91 284.8651 708.3882
92 254.7963 659.5003
93 89.3971 579.5046
94 325.2662 603.2835
95 283.5044 692.7659
96 280.2409 695.1470
97 300.6542 612.6645
98 268.3030 609.8736
99 295.9291 608.3199
100 232.3815 531.0027
101 204.2609 551.8501
102 252.7224 586.8223
103 101.6287 333.1487
104 125.8103 368.1531
105 149.7726 407.3193
106 277.1093 724.1070
107 237.9930 395.1819
108 218.2130 340.4412
109 198.8603 289.5829
110 163.3304 487.1488
111 118.2195 517.9858
112 242.0873 462.9804
113 129.7170 465.1797
114 259.3890 499.9636
115 267.8722 582.6239
116 99.0447 534.5499
117 136.7811 531.9603
118 165.1961 536.5858
119 202.6070 525.5682
120 227.8169 510.6725
121 245.0998 497.2555
122 279.6655 469.6941
123 113.9314 579.2258
124 110.4614 465.9285
125 313.8504 602.0127
126 254.7279 538.8940
127 64.6247 486.9111
128 257.5992 484.0819
129 251.8856 586.5713
130 143.5474 472.4967
131 264.3178 567.2461
132 106.5658 629.7422
133 239.1068 455.0929
134 278.1433 554.1215
135 188.1753 734.3708
136 192.4074 753.3091
137 92.4402 582.0903
138 158.2109 707.2131
139 74.4936 452.3988
140 282.0954 793.8074
141 316.6619 603.8566
142 241.2555 557.2998
143 92.3328 495.1958
144 180.0825 473.1837
145 197.6314 471.0333
146 272.3606 703.2127
147 127.6793 620.4970
148 324.9263 814.5890
149 257.4615 794.8778
150 227.4249 778.5236
151 272.6196 331.3565
152 369.6766 810.2198
153 213.2850 466.2776
154 227.2692 459.9814
155 235.7160 456.8375
156 93.7164 462.3282
157 219.8209 445.8660
158 202.0360 445.1791
159 184.8155 448.3027
160 168.3745 455.1638
161 158.7744 461.9270
162 58.3935 438.8796
163 167.3122 473.0112
164 330.9704 625.9901
165 268.1056 644.2195
166 272.5489 596.8355
167 304.0609 632.8038
168 292.9619 436.5213
169 219.0866 759.4178
170 249.2337 777.2456
171 321.3229 803.1516
172 161.8979 723.0972
173 232.6484 450.9054
174 273.5794 507.9888
175 367.2136 797.6358
176 289.1705 808.0834
177 109.2049 627.4900
178 307.5738 690.5790
179 305.7693 696.3906
180 304.4092 704.9682
181 303.6686 715.5570
182 300.1832 731.8779
183 280.6011 693.2044
184 274.9777 693.3459
185 268.7214 691.4719
186 244.2232 679.1827
187 158.7905 630.6774
188 269.4849 483.5312
189 253.1402 443.0131
190 240.6730 446.2957
191 283.7047 689.2501
192 164.4675 679.7721
193 269.2023 442.9009
194 291.4323 752.1580
195 307.2336 512.6484
196 284.8417 495.3884
197 302.6892 487.5636
198 267.0027 545.1664
199 363.3305 777.3902
200 358.3827 752.2342
201 324.9082 757.8704
202 237.5640 723.9895
203 239.8511 606.6650
204 262.8414 741.2440
205 197.6058 609.2184
206 228.0590 631.7714
207 188.1111 645.6942
208 321.4177 783.2275
209 257.7771 557.6119
210 222.1358 738.8262
211 252.6331 757.6124
212 217.8035 701.4221
213 140.0480 655.0766
214 193.1500 703.1046
215 128.7276 669.1384
216 219.2493 663.2536
217 264.2128 522.9980
218 276.0162 591.2027
219 264.2026 596.7652
220 281.4631 577.7480
221 235.9310 433.2233
222 202.5659 432.6326
223 174.7959 437.3913
224 152.0964 444.0418
225 136.8843 452.7751
226 129.0735 480.9077
227 78.8197 537.4481
228 151.6254 506.3448
229 173.4690 509.0639
230 199.9667 503.2091
231 223.5089 492.8292
232 240.3689 482.4421
233 251.6172 473.9258
234 76.7271 532.4228
235 265.9719 601.2785
236 277.4126 530.1760
237 290.0051 591.9677
238 303.0542 598.7629
239 290.9099 593.8314
240 273.1131 606.1722
241 307.1957 601.0487
242 309.6763 603.2148
243 246.7391 456.4382
244 259.4283 461.6531
245 265.7584 466.6422
246 153.2632 466.2984
247 143.1252 464.0571
248 325.2800 512.1538
249 436.8015 417.7169
250 343.4539 592.6089
251 501.4393 316.4266
252 381.0689 446.2147
253 401.2214 444.3579
254 421.0610 440.5771
255 445.9223 424.3811
256 363.9941 444.2419
257 402.1750 400.3669
258 381.1423 403.7442
259 421.7218 399.7625
260 435.6205 402.1333
261 466.1593 435.0151
262 435.2811 743.8379
263 444.0311 411.8700
264 527.0545 405.1832
265 488.7204 416.2657
266 416.1935 540.6157
267 362.5931 655.8039
268 363.1293 676.2344
269 388.0434 655.0271
270 405.0226 658.1535
271 380.7095 672.2667
272 395.0548 669.3926
273 437.2104 678.3935
274 339.4770 587.2299
275 338.2371 566.2413
276 466.2048 379.2000
277 365.9308 492.6161
278 384.5894 565.5759
279 383.2381 552.5100
280 473.0524 523.4747
281 331.3515 537.6211
282 412.9520 373.2295
283 443.1328 372.8410
284 474.6545 287.5560
285 327.1690 404.4686
286 363.2831 410.9617
287 447.9280 656.4879
288 539.7120 602.0144
289 372.4273 580.0276
290 357.7592 590.4477
291 425.5096 663.8899
292 416.9777 664.0551
293 452.8583 355.9364
294 386.8740 573.4414
295 373.9653 381.9828
296 375.5364 363.7365
297 382.1334 261.7780
298 463.0903 320.3307
299 376.6556 311.0457
300 477.5917 365.2212
301 489.9884 341.3993
302 363.7865 668.6050
303 384.1042 666.2593
304 400.0340 664.6963
305 368.2467 584.7172
306 420.9755 664.4734
307 413.6221 669.7481
308 415.0048 662.6685
309 360.1272 577.8290
310 390.9712 667.8463
311 377.0652 672.5848
312 360.9099 677.7487
313 380.2187 725.6088
314 375.2050 709.0161
315 371.3880 697.8456
316 367.4255 687.9269
317 364.2701 680.7700
318 395.6342 670.5962
319 399.0023 672.6001
320 404.2993 677.0270
321 409.6481 682.5855
322 417.1070 626.8905
323 542.4299 491.7204
324 404.7448 667.4008
325 408.7599 668.1608
326 352.6673 602.3474
327 382.2857 587.4271
328 355.0877 596.5638
329 387.9238 500.4992
330 422.8224 508.9702
331 388.0438 560.3057
332 436.2047 268.2737
333 426.3952 309.2114
334 417.6121 354.0154
335 422.7381 694.5090
336 329.2726 376.4982
337 327.4991 318.9576
338 326.1325 264.9471
339 437.5239 433.6908
340 491.7332 445.3537
341 353.3311 441.2362
342 460.4984 400.7265
343 349.9660 482.2899
344 370.9656 562.5556
345 516.0272 453.4526
346 479.2392 465.1754
347 453.9646 480.0833
348 414.3875 484.1005
349 384.7234 479.9223
350 362.9745 474.2138
351 318.4374 462.0269
352 518.5937 500.1077
353 478.6643 394.2344
354 334.7936 597.7211
355 369.0077 516.5547
356 531.4721 396.8864
357 345.9301 466.7938
358 389.1276 559.6115
359 450.4921 412.6841
360 368.7142 547.0274
361 544.6805 544.7060
362 353.2886 432.8386
363 350.2953 540.0753
364 507.9090 671.2318
365 511.0270 690.3723
366 540.0515 495.0284
367 525.1762 634.9621
368 508.5320 368.6031
369 444.2981 761.9870
370 333.4135 600.5136
371 389.1302 528.2697
372 507.5902 414.6166
373 416.2669 427.1414
374 398.7749 431.6625
375 419.4220 672.3187
376 521.1020 543.2181
377 412.6664 797.5334
378 467.0760 753.7264
379 488.3520 727.0716
380 382.1346 433.1832
381 366.4347 432.6843
382 357.2207 433.0447
383 493.2228 384.6809
384 368.0351 417.1101
385 384.4118 409.6157
386 401.9075 405.9969
387 420.0836 406.1538
388 431.9149 408.7239
389 518.9215 350.5004
390 428.2601 422.2546
391 397.4792 618.1796
392 372.1766 577.3674
393 358.8531 621.9174
394 489.1167 706.2607
395 467.8960 734.0700
396 411.7718 785.6450
397 527.5414 651.2433
398 357.7274 426.5230
399 338.6465 495.4038
400 443.0863 777.8996
401 541.0180 543.1102
402 381.4252 675.2662
403 385.4241 679.9354
404 390.1218 687.1575
405 395.0474 696.6508
406 404.5071 710.7630
407 407.8817 666.2424
408 413.1038 664.1524
409 418.1322 660.0112
410 435.2981 640.2047
411 496.1514 564.1029
412 333.6400 471.0274
413 334.3241 426.9863
414 347.8248 425.3534
415 403.2508 664.0168
416 509.2433 611.7315
417 318.2525 433.1527
418 420.0635 726.4114
419 322.5875 488.0343
420 358.6392 527.2235
421 391.6089 744.5754
422 458.9403 679.8669
423 409.2126 573.2646
424 442.2411 705.4102
425 451.4541 559.1084
426 431.2836 591.5651
427 474.7011 589.0396
428 404.3864 767.0396
429 372.3513 535.2255
430 478.6493 688.1421
431 457.5729 717.1538
432 468.4639 651.2562
433 522.4238 579.7897
434 491.7778 643.8818
435 538.1717 588.9254
436 452.2752 616.8784
437 353.4064 505.5441
438 366.1548 573.4926
439 380.0749 574.2353
440 355.7467 563.3309
441 346.4350 411.2282
442 377.3595 397.8568
443 405.6696 391.7961
444 430.2577 389.5523
445 448.4952 391.9020
446 467.4519 415.1717
447 536.6293 448.7588
448 455.5465 446.9902
449 435.8050 457.9562
450 408.3674 462.4740
451 382.1330 461.6627
452 362.2034 458.5737
453 348.0829 454.9423
454 537.0316 443.4323
455 380.4391 578.8765
456 342.5523 517.5393
457 352.9899 579.5950
458 343.8162 590.6345
459 353.0220 581.5436
460 375.9078 586.0022
461 340.7097 594.2833
462 339.6335 597.3179
463 346.3576 437.0993
464 335.8207 446.7027
465 331.3496 453.7376
466 438.8953 410.7827
467 447.2757 404.6677
