# Image: /home/yaroslav/Projects/Diia.AIContest-AdAstrum/fixtures/FLUXSynID-processed/012a19e5dc0c/012a19e5dc0c_m_live_0_p_d1.jpg
# Mode: stream
# Status: fail
# Errors: face_not_looking_straight_at_camera: Head is turned 170.3째 (max: 15.0째); head_is_tilted: Head is tilted 19.9째 (max: 10.0째); hair_covers_part_of_face: Possible hair occlusion detected (score: 0.235)

# 2D Landmarks (index x y)
0 345.4360 653.1989
1 331.1704 580.1772
2 334.6891 599.1547
3 301.6321 509.9616
4 327.2964 558.6180
5 321.8547 529.0031
6 308.7439 456.1779
7 175.2433 469.5185
8 300.7875 412.3714
9 296.3860 386.1275
10 277.6358 278.7093
11 347.3735 663.3836
12 348.4693 669.5935
13 348.6659 670.6802
14 349.4167 672.7791
15 351.0528 680.5409
16 352.9562 690.2661
17 354.8800 700.6239
18 357.5694 717.9082
19 332.8686 590.1739
20 313.4957 590.2792
21 88.4514 402.1450
22 232.1255 477.3333
23 213.9847 482.4022
24 195.8540 485.2070
25 169.8183 478.9183
26 246.5773 469.3851
27 198.9078 440.1688
28 218.2891 436.3770
29 181.6763 446.2893
30 170.6425 453.5463
31 156.4951 495.2500
32 290.9457 761.0503
33 167.5223 466.3002
34 96.9235 491.7663
35 131.3897 486.1427
36 234.1744 571.3109
37 321.4409 653.4744
38 328.5511 672.2233
39 298.6840 662.5768
40 284.6783 672.1981
41 311.1357 675.5563
42 297.3383 678.7256
43 264.7003 702.4512
44 314.6534 582.2335
45 308.5133 561.9565
46 136.0372 441.3409
47 261.2181 510.9568
48 267.8531 580.5822
49 264.7920 568.7311
50 179.4117 576.6188
51 304.7217 534.1222
52 179.1710 415.8271
53 153.1321 426.4134
54 100.7555 364.9083
55 263.7489 414.8819
56 236.3555 437.3047
57 246.8011 686.5645
58 151.1932 676.8831
59 283.1778 589.7658
60 300.3262 593.7725
61 268.3257 685.2279
62 275.5944 682.3726
63 139.3564 414.4555
64 268.4534 589.1567
65 215.5922 410.3899
66 208.4303 393.8991
67 169.9309 306.9234
68 120.3547 388.0292
69 190.6796 347.7792
70 122.1045 433.0973
71 105.2093 418.0998
72 325.2089 665.5506
73 306.2052 671.2933
74 291.4749 676.1530
75 288.7830 592.4997
76 272.3410 684.0999
77 281.1791 685.5071
78 276.8652 680.5046
79 293.0387 582.7552
80 300.0960 676.0455
81 314.6171 674.5984
82 331.0960 672.8607
83 332.5797 722.4919
84 331.3466 703.7147
85 330.6894 692.2697
86 330.0633 682.5270
87 330.2715 675.5351
88 297.4799 679.2816
89 295.5306 681.9620
90 292.7756 687.6137
91 290.3673 694.4878
92 262.9893 648.2471
93 112.9324 578.7079
94 333.5274 593.1700
95 287.8509 680.3361
96 284.8095 682.2075
97 309.1533 602.6842
98 277.7683 600.4169
99 304.7536 598.4562
100 244.6549 526.2963
101 217.6195 545.7747
102 263.2786 577.9680
103 126.4177 332.7747
104 147.5766 364.1815
105 168.7657 399.9155
106 283.4475 711.0612
107 252.6830 389.4038
108 235.7239 337.8974
109 218.7687 290.1194
110 179.9875 484.4749
111 138.6754 513.4841
112 255.2835 462.4366
113 149.2031 461.0247
114 271.6968 495.3669
115 278.6949 572.0959
116 121.0686 529.9610
117 155.1866 526.6316
118 181.3727 530.9756
119 216.4069 521.2346
120 240.5435 507.5705
121 257.6826 494.4065
122 291.5906 464.3769
123 133.5086 573.1583
124 131.6572 461.3291
125 322.7105 590.9486
126 266.3794 532.6687
127 90.8977 488.4026
128 270.0929 480.9663
129 262.2449 578.4720
130 162.1583 469.6730
131 275.4647 557.5731
132 128.3765 627.1967
133 253.0221 454.5323
134 289.3028 543.7502
135 201.2216 724.4406
136 205.8703 744.2536
137 114.9427 578.1691
138 173.3915 698.9939
139 99.6233 451.0826
140 289.8472 780.7341
141 325.2545 593.6105
142 252.7864 550.8352
143 115.5515 491.7438
144 195.3085 471.6287
145 211.6823 470.2630
146 277.4863 690.0872
147 145.2525 613.7937
148 329.7274 800.8669
149 266.9208 783.0955
150 238.7100 768.0135
151 286.9006 330.6546
152 370.6250 797.1588
153 226.8803 466.0952
154 240.7355 460.2546
155 249.2947 456.8733
156 116.6193 458.3863
157 234.8478 444.4505
158 217.9149 442.9714
159 201.7313 445.1833
160 186.0747 451.5458
161 176.8790 458.2746
162 85.4800 440.5443
163 183.6038 470.9327
164 338.0247 615.8682
165 276.6986 633.3378
166 282.5166 586.9749
167 311.9105 622.1779
168 304.3090 432.6254
169 230.5001 748.3928
170 259.0149 765.1888
171 326.4674 789.4373
172 177.9034 716.0644
173 247.1269 449.9638
174 285.3204 501.0257
175 368.7920 784.4410
176 296.5904 795.0079
177 129.7903 622.4218
178 312.5395 677.4476
179 310.8661 682.6596
180 309.7556 690.5476
181 309.2082 700.7275
182 305.7238 718.4460
183 284.4840 680.9591
184 279.2827 680.9444
185 273.6243 679.0963
186 251.8164 667.1377
187 173.0743 622.6157
188 281.7489 478.5122
189 266.3795 440.9919
190 254.6697 445.2823
191 287.5433 677.3437
192 178.1434 671.2471
193 281.7822 439.1244
194 297.7381 739.6214
195 317.3363 503.9305
196 296.2978 488.1535
197 313.1876 480.6092
198 278.2606 537.1122
199 365.6107 764.6019
200 361.3226 739.5916
201 329.5350 744.9716
202 246.9731 711.8133
203 250.6233 597.9365
204 270.9687 728.9453
205 210.1414 600.4596
206 238.5699 621.9989
207 200.1471 636.2110
208 326.3844 770.1250
209 268.8745 550.0636
210 233.0682 727.2105
211 262.0047 745.5380
212 227.8282 689.6067
213 156.1401 647.7699
214 205.0882 692.5300
215 147.0608 662.8015
216 228.9866 652.3802
217 276.0348 516.5218
218 286.3530 580.6148
219 274.5292 586.7502
220 292.2345 566.3739
221 250.0136 430.3268
222 218.6027 428.3291
223 192.1036 432.0761
224 170.3703 438.4543
225 155.7156 447.5301
226 148.9175 477.5820
227 102.9450 534.7387
228 169.0657 502.4795
229 189.2977 505.2842
230 214.0021 500.4833
231 236.4657 491.1940
232 253.1736 481.0769
233 264.3536 472.2924
234 101.6676 533.0359
235 275.8837 591.5535
236 288.7974 521.5155
237 300.1202 580.6432
238 312.3491 588.1847
239 300.6932 583.1803
240 282.5613 596.5902
241 316.3514 590.1270
242 318.5608 593.0087
243 260.1592 455.6066
244 272.1891 459.8045
245 278.2530 463.4562
246 171.5620 462.8426
247 161.6553 460.4678
248 334.1779 504.2955
249 439.1340 424.9259
250 350.9024 583.5197
251 495.3182 333.6262
252 387.9195 450.7045
253 406.8831 449.4056
254 424.9034 446.0234
255 447.0596 431.8870
256 371.5155 448.0990
257 406.2359 405.4884
258 386.6767 408.1901
259 424.5287 405.7284
260 437.5136 408.9024
261 464.8559 442.4448
262 432.4473 735.8370
263 445.2348 419.7080
264 517.5027 419.9379
265 484.5510 425.8939
266 418.9010 538.6529
267 367.7972 644.7129
268 368.0569 664.6610
269 392.2125 644.6869
270 408.6611 648.3327
271 385.2270 661.3470
272 399.1651 659.0313
273 436.9371 670.3131
274 347.2949 576.4563
275 346.1285 555.4007
276 465.4075 386.2964
277 372.1138 491.6869
278 389.9056 559.0673
279 388.5469 546.7839
280 471.6921 525.0603
281 339.7954 527.9842
282 416.8268 376.6210
283 444.4498 378.0817
284 472.0458 302.5255
285 336.9415 402.6658
286 370.1096 414.8402
287 447.6308 649.1828
288 526.4110 611.5279
289 378.4640 572.7875
290 364.4052 582.3735
291 428.1295 654.4966
292 420.0824 654.5190
293 453.2062 362.4110
294 392.0885 567.2271
295 380.7848 382.9792
296 382.2972 364.9864
297 388.6286 270.1487
298 462.1038 330.8088
299 383.5628 315.5336
300 475.3938 374.0434
301 485.8054 354.1719
302 368.7835 657.1820
303 388.4124 655.4391
304 403.9003 654.5041
305 374.4883 577.3004
306 423.9285 654.8864
307 416.5591 659.6085
308 417.9305 653.5755
309 367.0045 569.5411
310 395.2322 657.5350
311 381.5517 661.6818
312 365.7251 666.2088
313 382.0511 713.4695
314 377.6051 695.0480
315 374.4777 684.0493
316 371.2083 674.8528
317 368.3940 668.4152
318 399.3264 659.8231
319 402.3144 661.6125
320 407.0092 665.9747
321 411.5882 671.7901
322 419.4894 619.5019
323 529.1832 507.0312
324 408.1933 657.3993
325 411.9915 657.9177
326 359.4388 593.5961
327 387.4503 580.8185
328 361.7959 588.1642
329 393.1947 500.2813
330 425.5251 509.3095
331 393.0631 554.9541
332 437.7223 280.3454
333 429.0511 317.1595
334 421.0216 358.1489
335 422.7794 685.3356
336 339.2218 374.9988
337 338.0936 320.7741
338 337.1699 270.2338
339 439.5981 440.1562
340 487.4222 453.3645
341 361.0299 444.5185
342 460.0190 408.7502
343 357.0405 480.5913
344 377.0579 554.8576
345 508.7187 463.0109
346 476.6180 470.8853
347 453.8958 483.3472
348 417.9161 486.1149
349 390.4389 481.4792
350 369.6212 475.0122
351 327.9174 458.1363
352 511.6232 507.1833
353 476.0903 403.1648
354 342.7050 587.3096
355 374.9275 513.7019
356 520.3027 415.2023
357 353.4543 466.6156
358 394.0512 555.0452
359 451.0386 420.9456
360 374.8846 540.2140
361 530.8914 557.6070
362 360.4474 436.4116
363 357.5130 531.8912
364 499.4609 671.5176
365 500.4878 692.1632
366 528.9933 506.4765
367 515.5376 638.6339
368 501.6661 382.8627
369 439.8126 754.1114
370 341.2988 590.7079
371 393.9247 525.9143
372 500.9849 425.8646
373 421.1287 433.2331
374 405.0475 437.2914
375 421.6993 662.5674
376 514.0851 548.9252
377 409.6850 786.6961
378 459.8346 748.9600
379 479.5292 725.2969
380 389.1658 438.4776
381 374.0473 437.4601
382 364.8685 437.2913
383 488.7500 395.3004
384 374.2171 421.1523
385 389.5745 414.3187
386 405.7854 411.2499
387 422.7761 412.0573
388 433.7847 415.2381
389 510.1288 368.7370
390 431.8801 428.8416
391 401.0544 610.4450
392 378.3073 569.9449
393 364.7139 612.5463
394 481.4215 703.7592
395 461.7383 729.0918
396 409.4563 774.7294
397 515.4701 656.8362
398 364.4886 430.2022
399 346.5562 490.5777
400 437.7271 769.9681
401 529.6499 552.7704
402 385.2397 663.6420
403 388.8620 667.9477
404 392.8238 674.8075
405 396.9651 684.2770
406 405.2718 700.2200
407 411.7359 656.3919
408 416.6543 654.4360
409 421.2322 650.6183
410 436.5326 632.8040
411 492.6572 566.0687
412 341.9326 468.2122
413 343.0358 428.1162
414 355.5233 428.2994
415 407.1347 654.3181
416 503.2033 613.6278
417 327.9646 431.3639
418 418.9727 717.6239
419 331.7321 482.0779
420 365.2056 521.8678
421 392.3259 733.6167
422 455.5136 674.0580
423 412.2956 569.0833
424 439.5692 698.3349
425 451.7493 557.5718
426 432.6206 587.2777
427 472.9910 587.6902
428 403.4861 756.4453
429 378.1976 530.8353
430 472.7926 684.2044
431 453.0393 711.3027
432 465.5248 646.4655
433 514.9610 584.5487
434 486.5849 642.1475
435 527.0059 596.2758
436 451.9061 612.0250
437 360.1989 501.7951
438 372.6217 565.2678
439 385.7069 567.1264
440 362.6365 554.0676
441 354.8113 412.7787
442 383.7221 400.7164
443 409.9746 395.9096
444 432.6692 394.8365
445 449.4363 398.5256
446 465.9717 423.9192
447 525.8829 462.1668
448 455.5895 453.1493
449 437.6405 462.4128
450 412.7909 466.1301
451 388.4176 464.8510
452 369.2660 461.0633
453 355.7282 456.5420
454 524.7389 460.4995
455 386.0543 571.9757
456 350.1553 510.8834
457 360.1481 570.0379
458 351.3122 581.1527
459 360.2095 572.5182
460 381.6228 578.9249
461 348.4074 584.3249
462 347.2194 587.8813
463 354.1122 439.8491
464 344.0616 447.5524
465 339.8056 452.8949
466 440.2471 417.8842
467 448.2532 412.3942
