# Image: /home/yaroslav/Projects/Diia.AIContest-AdAstrum/fixtures/FLUXSynID-processed/0065bd34bc30/0065bd34bc30_f_doc.jpg
# Mode: stream
# Status: fail
# Errors: face_not_looking_straight_at_camera: Head is turned 179.1째 (max: 15.0째); head_is_tilted: Head is tilted 14.9째 (max: 10.0째); face_too_small_in_frame: Face occupies only 38.5% of frame (min: 50.0%)

# 2D Landmarks (index x y)
0 306.0099 619.0000
1 306.7930 555.7570
2 306.2978 575.1747
3 291.4497 491.5350
4 306.6535 535.9259
5 306.4073 509.7632
6 306.0414 446.4997
7 177.7214 440.8698
8 305.4908 399.5093
9 305.3517 373.1984
10 304.4982 275.3031
11 305.9608 628.5047
12 306.0374 635.1704
13 306.2273 637.4990
14 306.7922 644.1593
15 306.9213 651.9906
16 307.0187 661.8132
17 307.1678 671.9797
18 307.2288 686.8419
19 306.6639 565.5442
20 291.7222 563.9927
21 110.0963 367.8425
22 229.3991 458.8923
23 211.3669 460.3322
24 194.2434 459.3491
25 171.3374 448.6427
26 244.6845 453.9727
27 206.3085 412.2071
28 225.0827 413.1523
29 188.8888 415.1051
30 177.0104 421.2319
31 156.0425 461.8551
32 243.0701 713.8133
33 171.5615 436.0725
34 102.3557 452.3175
35 135.4539 449.1682
36 218.4122 539.8381
37 285.5125 616.0557
38 288.5214 634.7168
39 264.6255 621.8945
40 250.7834 629.5664
41 273.6164 635.8878
42 261.3784 637.6779
43 228.9111 658.0570
44 292.5908 555.3632
45 290.0764 536.4349
46 147.2128 401.6993
47 253.5110 490.5099
48 253.2824 550.5925
49 251.8340 540.1615
50 163.8394 538.6444
51 290.6579 512.0958
52 190.1400 381.6987
53 164.9466 388.0316
54 127.3402 332.8619
55 268.2921 396.3528
56 241.6883 418.8204
57 215.6101 640.4588
58 126.3595 629.0243
59 266.2104 561.0214
60 280.6292 566.5226
61 235.0053 640.8015
62 242.6966 639.4460
63 154.2779 374.9078
64 253.0629 558.8943
65 223.7960 383.0691
66 220.1069 366.6499
67 199.8353 286.5076
68 141.0339 353.0009
69 211.7866 325.0246
70 135.5272 392.8209
71 122.6557 381.0071
72 286.6844 627.1610
73 269.7184 630.6383
74 256.1418 634.0198
75 270.8015 564.2486
76 239.0498 640.4536
77 246.1470 644.0915
78 244.4316 638.3338
79 274.9065 554.6648
80 264.6796 636.2630
81 277.0266 636.4197
82 290.8838 636.9594
83 284.4150 687.1785
84 285.9195 670.7506
85 286.7408 659.7775
86 287.9800 650.2189
87 289.5001 643.5759
88 261.4542 641.4846
89 258.9745 643.7095
90 255.3288 648.5915
91 252.0614 654.9086
92 235.6051 608.0722
93 104.2559 535.9216
94 306.5101 569.1538
95 253.4094 640.7941
96 249.9768 641.7671
97 286.1179 575.1792
98 259.3414 570.2897
99 283.5354 570.9910
100 234.7538 502.0773
101 205.3229 515.5763
102 249.1517 548.5835
103 155.6524 305.2252
104 169.1946 333.4901
105 183.1573 365.4738
106 243.2663 669.4737
107 262.1330 370.4134
108 255.4663 323.2549
109 247.9206 277.6475
110 179.5969 455.6941
111 136.3044 476.4804
112 254.5786 448.8325
113 156.0815 426.0109
114 265.8630 477.6303
115 263.3720 543.4276
116 117.3927 489.6276
117 149.0717 490.6089
118 173.1101 497.8540
119 207.9521 494.0758
120 233.2983 485.5174
121 252.1098 476.0591
122 289.2642 451.7659
123 121.5548 530.7515
124 140.1748 423.4173
125 298.3851 564.7055
126 255.9980 509.7320
127 97.5326 450.3151
128 266.0253 465.3034
129 247.5129 549.7057
130 166.1626 438.1421
131 262.4501 530.8464
132 111.6883 581.8679
133 254.6917 441.1543
134 275.9656 519.3778
135 167.7219 673.7336
136 169.4455 692.4144
137 104.4578 534.1622
138 143.8743 649.3098
139 111.7490 413.6891
140 240.6479 729.5113
141 300.1443 568.4002
142 240.1637 524.1949
143 119.5274 452.7396
144 195.4950 447.2224
145 211.0132 449.2429
146 241.9656 647.8260
147 126.8455 568.9226
148 272.5911 750.9219
149 221.1806 729.2575
150 197.8280 714.6911
151 304.9793 323.5007
152 307.6335 753.7673
153 226.2258 448.2649
154 240.6673 445.2362
155 250.0511 443.2034
156 126.4834 419.2804
157 239.0146 426.7187
158 223.3654 420.9406
159 207.5448 419.7593
160 191.6444 423.1249
161 181.8243 428.5730
162 100.8049 404.6626
163 184.9391 444.0913
164 306.2732 588.8083
165 251.4999 596.9761
166 265.7427 558.0981
167 283.5878 590.7738
168 305.7694 422.1780
169 192.6442 696.3670
170 215.9233 712.9257
171 270.8877 741.8038
172 146.4789 666.1305
173 249.9315 435.2732
174 277.9630 482.9109
175 307.7127 743.4940
176 245.4171 741.8365
177 111.8474 576.1902
178 274.1878 642.3862
179 271.7222 647.0016
180 269.1954 654.4407
181 267.1626 664.0782
182 261.6394 679.6496
183 250.2695 638.6515
184 245.1137 637.5039
185 240.1233 634.9726
186 222.2853 623.1254
187 151.2892 579.6580
188 277.8408 463.3974
189 268.3422 427.6859
190 257.3447 431.1930
191 253.9316 636.1260
192 151.3416 624.0014
193 283.3836 425.9605
194 251.3398 696.9744
195 306.3499 488.2756
196 289.9731 472.7409
197 306.1928 468.1989
198 266.5743 513.8101
199 307.6780 727.2962
200 307.4314 705.9774
201 278.2926 706.0784
202 211.8546 665.2560
203 232.8137 565.2462
204 229.9773 683.6551
205 190.4433 562.9342
206 216.1680 584.4101
207 176.4288 593.6516
208 272.6675 726.6368
209 256.7935 524.8076
210 197.3773 677.7570
211 220.1336 696.6902
212 197.3931 642.8348
213 133.2976 600.9226
214 175.1385 644.6781
215 123.3027 614.5581
216 202.7578 609.5436
217 267.2976 496.0240
218 269.2829 551.7862
219 258.6237 556.8056
220 275.8090 538.9413
221 253.9798 412.6983
222 225.2110 403.5391
223 200.2898 401.8305
224 179.2631 404.4181
225 164.2905 411.9743
226 152.7409 443.4938
227 100.6079 492.8946
228 166.3166 470.3174
229 184.9256 476.0188
230 208.9329 475.7497
231 231.6642 471.1437
232 249.3845 464.4079
233 261.4793 457.6917
234 100.4431 492.8126
235 259.3438 561.6623
236 278.1298 500.6579
237 280.9455 552.5505
238 290.6294 561.2750
239 281.3279 555.3853
240 264.5123 567.2218
241 293.3560 563.2486
242 295.1417 567.0249
243 260.8596 442.7942
244 270.9850 446.9645
245 276.4138 449.9493
246 176.0828 432.6194
247 167.3772 427.7546
248 321.2331 491.2941
249 432.9639 437.1695
250 321.2015 563.8075
251 499.7053 363.3881
252 382.0702 456.7951
253 400.2642 457.7640
254 417.3014 456.2696
255 439.2147 444.9026
256 366.5422 452.1990
257 404.2222 408.6504
258 385.1766 410.1859
259 421.7892 411.1928
260 433.7006 417.1456
261 454.7598 458.0613
262 372.0627 712.9360
263 438.8012 432.1421
264 507.6344 447.3561
265 474.8802 444.5817
266 394.1181 538.3108
267 326.5606 615.8899
268 323.7323 634.6360
269 347.6760 621.8050
270 361.4753 629.4148
271 338.8063 635.9477
272 351.0532 637.5867
273 384.3400 657.5407
274 320.9039 555.0304
275 323.2365 536.0653
276 463.8057 396.3624
277 358.6416 489.4147
278 359.2592 550.0142
279 360.5302 539.4955
280 448.5323 535.5819
281 322.3147 511.7742
282 420.9559 376.8390
283 446.1620 382.8271
284 482.3777 328.6015
285 342.5905 394.5192
286 368.7885 416.5371
287 397.0537 639.7069
288 484.4963 625.0078
289 346.4845 560.6410
290 332.0864 566.4933
291 377.3041 640.8530
292 369.8156 639.5026
293 456.8808 369.4219
294 359.5011 558.5891
295 387.0221 379.3823
296 390.6001 362.7350
297 409.0550 283.8339
298 469.5082 348.0788
299 398.1717 321.7842
300 475.3416 387.4228
301 487.9031 376.1143
302 325.4789 627.0909
303 342.6203 630.5664
304 356.2651 633.9090
305 341.8697 564.0483
306 373.2716 640.4602
307 366.7400 644.0327
308 367.9912 638.4000
309 338.2215 554.0373
310 347.7606 636.2900
311 335.4341 636.4804
312 321.6297 636.8618
313 330.2863 687.0032
314 328.5792 670.5902
315 327.4685 659.6444
316 325.8673 650.1986
317 324.1040 643.6038
318 351.8822 641.3872
319 354.4378 643.5716
320 358.1130 648.4662
321 361.4594 654.6414
322 377.0399 607.4007
323 505.3844 531.0895
324 359.5950 640.7464
325 362.8763 641.8564
326 326.5930 575.0484
327 353.1470 570.1865
328 329.1063 570.9360
329 377.4400 500.7155
330 407.1167 513.5180
331 363.2009 548.0869
332 453.5637 301.3216
333 441.0863 328.9348
334 427.6962 360.3600
335 370.7539 668.8692
336 348.5883 368.3214
337 354.4085 321.6461
338 361.0013 276.2283
339 431.4776 452.2797
340 474.5581 472.3109
341 356.5444 447.2569
342 454.5378 421.5662
343 346.3122 476.6940
344 349.5002 542.7243
345 493.2264 485.0889
346 462.2882 486.8487
347 438.8665 494.8094
348 404.2356 491.9040
349 378.6640 483.8751
350 359.7526 474.7850
351 322.9103 451.2366
352 489.5963 526.4754
353 470.4105 418.5125
354 315.0042 564.5835
355 356.3553 508.9012
356 511.7553 445.5206
357 345.8452 464.2996
358 364.7640 549.1683
359 444.1562 434.1684
360 350.1529 530.1330
361 498.2748 577.3910
362 356.2974 439.4339
363 336.8925 518.7676
364 445.2169 670.9811
365 443.4318 689.7177
366 505.7876 529.3701
367 468.1141 645.7918
368 498.3927 408.7776
369 374.5600 728.5045
370 312.8715 568.3027
371 372.1465 523.1349
372 490.6192 447.9312
373 415.8974 444.0991
374 400.5365 446.5451
375 370.9459 647.7651
376 484.4864 564.9294
377 342.6404 750.5667
378 393.4107 727.9445
379 416.1514 712.7793
380 385.1129 445.9702
381 370.4910 443.1643
382 361.0380 441.4845
383 483.9663 414.1436
384 371.6572 424.3868
385 387.0825 418.1387
386 402.8890 416.5951
387 418.7109 419.5427
388 428.5128 424.7710
389 508.9015 400.1260
390 426.1257 440.6697
391 361.1328 596.6768
392 347.0925 557.5330
393 329.0166 590.6076
394 421.0755 694.3855
395 398.4595 711.5609
396 344.6383 741.3469
397 465.4135 662.7126
398 360.8767 433.3589
399 334.5394 482.3629
400 369.7995 741.0993
401 498.5795 571.5897
402 339.3812 642.3611
403 342.0766 646.8837
404 344.8691 654.2440
405 347.0624 663.8650
406 352.9651 679.2976
407 362.1109 638.6973
408 367.1059 637.5785
409 372.0852 634.9581
410 390.2421 622.3670
411 460.7245 576.2713
412 334.3404 462.6567
413 342.7553 426.3336
414 353.3928 429.4713
415 358.4908 636.2675
416 460.7565 620.7750
417 328.0255 425.1340
418 363.4165 696.2038
419 322.4228 472.3366
420 345.9165 513.1137
421 336.8151 705.7446
422 401.5984 663.9423
423 379.7021 564.4123
424 384.1610 682.7434
425 422.3171 560.6576
426 396.5620 583.0886
427 436.3074 591.1279
428 342.8398 726.1494
429 355.5677 524.1870
430 416.2831 675.8677
431 394.2054 695.3741
432 415.6310 641.1081
433 478.2230 597.1297
434 437.6109 642.1557
435 487.8910 610.3066
436 410.0760 607.9671
437 345.1337 495.2929
438 343.8179 551.1340
439 354.0977 556.2397
440 337.2913 538.4068
441 356.6540 410.6198
442 385.3965 400.2173
443 410.6094 397.8817
444 431.7160 400.1822
445 446.4949 407.4875
446 457.7730 439.2018
447 509.5575 487.9813
448 444.9888 466.7601
449 426.8354 472.9842
450 402.8765 473.3610
451 379.9595 469.1819
452 362.2566 462.9099
453 350.0584 456.4084
454 508.9289 488.0189
455 353.1696 561.3607
456 334.5706 500.1038
457 332.4835 551.9703
458 322.5939 560.9841
459 331.9409 554.8253
460 348.0595 567.1660
461 319.9928 562.9917
462 317.8887 566.8585
463 350.2418 441.3159
464 340.4057 445.8734
465 335.2887 449.1148
466 434.2381 428.7883
467 443.0351 423.5918
