# Image: /home/yaroslav/Projects/Diia.AIContest-AdAstrum/fixtures/FLUXSynID-processed/00b06b6a9aff/00b06b6a9aff_m_live_0_e_d1.jpg
# Mode: stream
# Status: fail
# Errors: image_blurry_or_out_of_focus: Image is blurry (sharpness score: 25.21); face_too_small_in_frame: Face occupies only 45.4% of frame (min: 50.0%)

# 2D Landmarks (index x y)
0 299.4923 621.9939
1 306.7262 555.4503
2 303.3087 577.8621
3 294.7497 489.5710
4 308.2401 534.5482
5 309.3443 508.2087
6 311.6653 447.6195
7 182.7199 439.5322
8 314.0879 406.1925
9 316.0769 380.9282
10 321.4827 291.0456
11 298.7004 631.5756
12 297.9615 638.3384
13 297.6185 640.7242
14 297.7101 644.4036
15 297.3627 651.3755
16 296.6943 660.7586
17 295.8723 671.8249
18 293.9713 693.7917
19 305.3258 566.5946
20 288.4447 564.5807
21 116.8620 373.8621
22 232.9357 459.0157
23 214.7232 459.5798
24 197.5904 457.8866
25 175.1216 447.7808
26 248.6785 454.9261
27 214.0941 414.7073
28 232.0148 416.2835
29 196.8336 416.6549
30 184.3210 421.8548
31 158.2326 460.5241
32 221.8506 727.0191
33 176.8731 435.4015
34 100.7051 455.9619
35 137.5421 448.8049
36 214.8863 537.2425
37 277.6202 617.2863
38 278.8463 636.6194
39 254.1383 622.0669
40 238.1966 629.8100
41 262.0818 636.8987
42 248.3417 638.6027
43 213.2795 659.5745
44 291.5054 554.1114
45 290.7578 533.8487
46 154.7033 401.4159
47 254.6930 490.3663
48 248.3929 547.5998
49 247.8914 537.2049
50 159.2331 533.7967
51 293.0438 509.5603
52 200.7239 381.6875
53 174.3702 387.7141
54 138.8566 338.1753
55 278.7260 399.9626
56 247.9688 421.9425
57 200.0938 640.9935
58 99.6413 644.7861
59 260.6436 559.4949
60 275.4060 566.4530
61 220.4572 641.3601
62 228.2025 640.3518
63 164.1498 374.9404
64 246.6972 556.5798
65 235.3251 384.2479
66 232.7383 367.7724
67 217.8700 294.2061
68 151.9685 355.2896
69 227.0452 328.8422
70 143.3293 393.2516
71 130.0953 384.1402
72 277.8022 628.8695
73 258.7227 631.3452
74 243.5529 634.5898
75 265.0078 563.2025
76 224.5640 641.0805
77 232.5285 643.7742
78 229.8758 639.8074
79 271.7783 553.2858
80 251.2924 637.6073
81 265.0394 637.8068
82 280.5751 639.1140
83 270.2306 692.1868
84 274.1207 669.2899
85 276.1066 657.5722
86 277.9218 648.4513
87 279.6440 642.7676
88 248.7500 641.0035
89 246.3903 642.7464
90 242.7646 647.2397
91 239.0123 653.8408
92 224.1611 607.7735
93 88.7917 547.5266
94 304.4305 571.2790
95 239.7016 641.1962
96 236.4964 641.5222
97 281.0315 575.9896
98 252.2615 569.2475
99 278.3173 571.3829
100 234.7623 501.1431
101 204.2722 512.6142
102 243.8743 546.1448
103 171.0001 310.7004
104 182.7565 335.9266
105 194.7539 365.6705
106 227.6736 672.0213
107 274.5009 373.8472
108 270.7152 329.9044
109 266.3801 288.8083
110 183.0015 454.2252
111 136.6902 474.3098
112 258.7848 450.3189
113 161.5794 425.9039
114 268.4219 477.7203
115 260.9025 540.5747
116 114.8391 488.5088
117 149.4360 487.0044
118 173.5149 493.9450
119 208.6420 492.2083
120 234.8627 485.3485
121 254.6578 476.7673
122 294.3332 452.0136
123 114.4547 528.9974
124 145.1624 423.1898
125 296.4528 564.9313
126 255.2544 508.8835
127 93.5936 459.2640
128 269.5725 466.4934
129 241.8987 548.0880
130 170.9275 437.9295
131 260.8731 528.1094
132 90.1063 595.3729
133 259.0123 443.0543
134 276.8475 516.6459
135 140.4557 684.6216
136 138.2678 710.8272
137 92.7982 538.6555
138 118.1904 658.7692
139 115.3393 417.0992
140 215.4186 748.9435
141 297.4919 569.9414
142 237.7024 522.8127
143 120.4340 453.2264
144 200.0571 445.5972
145 215.4557 448.1666
146 228.0840 647.7333
147 113.9445 569.0961
148 247.7920 778.3654
149 190.9329 753.0241
150 166.3260 735.9213
151 318.9088 334.4957
152 287.3991 783.4979
153 230.7129 448.0861
154 245.0765 445.9995
155 254.3268 444.7082
156 131.2612 420.0292
157 244.4317 429.2568
158 229.3958 423.7623
159 214.3900 421.9146
160 198.7439 424.1493
161 188.4580 428.8186
162 102.7536 411.7356
163 189.6895 442.4270
164 302.0234 591.6992
165 242.0844 596.6063
166 260.7596 556.3069
167 277.3825 591.5572
168 312.5793 426.8963
169 164.9037 710.2095
170 188.9685 730.1425
171 248.5732 762.3224
172 116.8809 683.1602
173 254.7415 437.1873
174 280.8305 481.7881
175 289.0452 766.7639
176 217.4335 767.4993
177 94.6002 582.6182
178 262.9938 641.2917
179 260.3755 645.2971
180 257.6321 652.2451
181 254.6838 662.4779
182 246.4800 683.2065
183 236.1211 639.7179
184 231.2573 638.2542
185 226.2410 635.4295
186 208.3401 622.8037
187 139.4268 577.4723
188 281.9359 463.6395
189 274.9020 430.6729
190 263.0539 433.8421
191 239.6073 637.6218
192 131.3689 627.2023
193 290.2570 429.2862
194 233.5488 705.1441
195 310.1908 487.1768
196 294.0573 471.4302
197 310.8799 467.8024
198 266.6415 512.1570
199 290.8182 744.1034
200 292.5254 717.1683
201 261.9925 715.3215
202 193.2287 669.0388
203 225.9702 563.5947
204 211.3895 690.0919
205 183.4618 558.9505
206 206.9670 582.4035
207 164.0080 591.1646
208 253.3877 740.8185
209 254.6401 523.3136
210 174.5994 685.3615
211 197.8777 707.8206
212 179.8605 644.0839
213 115.1753 603.8943
214 154.6200 647.8170
215 101.1369 622.9001
216 189.3588 608.0522
217 268.5211 495.1333
218 266.3052 549.6106
219 253.3348 554.4012
220 275.1324 536.2402
221 262.1437 415.6985
222 234.0849 405.5835
223 209.4581 402.7613
224 188.0486 404.5638
225 171.7863 411.8894
226 156.0946 443.2795
227 94.1604 496.4860
228 168.4715 468.3230
229 186.9653 473.8799
230 211.0303 474.6812
231 234.3612 471.4010
232 252.8715 465.6136
233 265.5337 459.4709
234 90.8693 503.4882
235 253.2085 559.6719
236 280.2370 498.6890
237 279.1316 550.7326
238 287.9684 561.2570
239 278.8249 554.3158
240 258.0042 566.0537
241 291.0429 563.2242
242 292.0499 568.0168
243 265.5658 444.8507
244 275.9772 449.3405
245 281.3099 451.8263
246 182.1492 432.3502
247 173.5323 427.8865
248 324.5833 491.8124
249 432.4923 458.0243
250 320.7306 566.9954
251 500.8238 401.4905
252 382.2528 470.3391
253 400.0229 473.2375
254 416.6806 473.7668
255 438.3081 466.9788
256 367.4034 464.0601
257 407.4614 429.3143
258 389.7028 428.1064
259 423.5817 433.7547
260 434.2365 440.6523
261 452.9901 481.5540
262 359.7467 735.9684
263 438.3084 454.7764
264 505.2045 483.9324
265 473.7122 472.4501
266 391.6704 549.9879
267 321.4591 620.4757
268 316.5838 639.4013
269 342.9931 628.6457
270 356.4610 638.3856
271 332.4335 642.1467
272 344.9256 645.7032
273 375.9297 671.1461
274 321.5217 556.1808
275 324.8973 536.2457
276 465.5104 423.7415
277 358.9770 498.0188
278 360.7432 555.8972
279 361.9431 545.5378
280 444.6838 553.7343
281 324.9994 511.8699
282 426.1403 398.1038
283 449.6404 407.7469
284 486.4542 363.5583
285 349.2869 405.0221
286 373.2228 431.4179
287 391.1438 654.5545
288 478.8285 669.4906
289 347.0612 565.9755
290 331.7907 570.8331
291 371.1348 652.5273
292 363.6179 650.3605
293 460.8503 396.4939
294 360.4026 565.0699
295 393.2839 395.7197
296 398.3994 379.7562
297 420.0939 309.4749
298 473.6520 378.5937
299 408.1581 342.2229
300 477.0101 417.3017
301 489.2251 409.9171
302 319.2657 631.9807
303 336.9012 637.0976
304 350.6661 642.3741
305 342.1065 569.1262
306 367.0625 651.5495
307 359.5622 653.0577
308 361.7505 649.4904
309 338.8450 558.1716
310 341.6409 644.2101
311 328.8234 642.5502
312 313.9444 641.4692
313 317.3963 695.4838
314 317.2854 672.3771
315 317.1403 660.5638
316 316.5210 651.4037
317 315.4244 645.5084
318 344.5053 647.8896
319 346.6789 649.9465
320 349.5983 655.0406
321 352.4193 662.1113
322 373.5896 618.4381
323 500.7205 575.1958
324 352.7270 649.3865
325 355.8951 650.2471
326 325.1582 579.3688
327 352.7320 576.8589
328 328.2692 575.2780
329 376.8073 511.4789
330 404.7931 526.9096
331 364.0391 554.9937
332 461.0668 332.1953
333 448.1843 355.3352
334 434.0733 382.9625
335 360.8341 681.1882
336 357.5294 379.8743
337 366.4014 337.0515
338 375.2445 297.1250
339 430.4131 472.2638
340 471.7971 497.7999
341 358.1142 458.0181
342 454.6303 447.3835
343 347.7089 483.6318
344 350.7691 547.1909
345 489.9085 514.5852
346 458.9071 508.7504
347 435.8486 512.5271
348 402.6064 506.0959
349 378.0809 495.8306
350 359.9011 484.6397
351 327.4577 454.4513
352 485.6595 554.5574
353 470.6384 446.3552
354 314.2042 566.3091
355 356.8515 516.3940
356 508.4932 487.9660
357 347.0440 472.4633
358 364.7748 557.0813
359 443.5234 458.1371
360 351.5413 534.7476
361 493.6620 622.0693
362 358.5030 450.7559
363 338.8145 521.0786
364 440.1646 704.1377
365 436.7229 729.9989
366 501.7619 566.3257
367 463.4871 681.4391
368 497.5894 443.9669
369 362.7940 758.2352
370 311.4091 570.9289
371 371.5244 532.6634
372 488.7988 478.8862
373 415.8188 461.5844
374 400.7662 462.0817
375 363.2993 657.6147
376 480.5780 594.1817
377 326.6264 783.4049
378 383.6186 765.2552
379 408.3928 751.3613
380 385.8550 459.8714
381 371.9604 455.7325
382 362.9711 453.1496
383 483.9189 444.9988
384 374.6426 439.0154
385 390.1144 435.8191
386 405.0192 436.1921
387 419.6200 440.6887
388 428.7063 446.6230
389 507.7462 440.3953
390 425.8193 459.8705
391 358.4560 605.1035
392 347.9522 562.7383
393 325.8267 595.1478
394 414.4038 726.4943
395 389.6939 743.1053
396 329.2397 767.5155
397 458.8497 705.2870
398 363.5087 445.4671
399 337.1870 485.9675
400 357.2946 776.3817
401 494.4493 609.3816
402 331.3702 646.3038
403 333.4928 650.5722
404 335.3352 657.8725
405 336.7550 668.3892
406 341.5549 689.8244
407 356.0891 648.5666
408 361.3142 647.8185
409 366.6693 645.7784
410 385.9384 635.3900
411 456.6913 599.1920
412 337.2184 467.7465
413 346.2779 436.1608
414 356.4834 440.9706
415 352.5847 645.9129
416 456.6753 648.9623
417 333.2081 432.5283
418 351.1007 713.0057
419 326.4737 473.8051
420 346.8395 518.0656
421 322.6392 719.3282
422 393.7529 682.7225
423 377.7351 574.5497
424 373.8178 701.2119
425 418.7623 575.4207
426 393.1080 595.5701
427 432.4020 609.5824
428 327.8322 745.6077
429 356.1999 530.8493
430 409.1885 700.8973
431 384.6838 720.1141
432 409.9243 659.8137
433 474.3780 628.1185
434 432.8150 666.5282
435 483.3443 648.3044
436 406.1345 623.0599
437 346.5260 500.9065
438 344.8014 555.4077
439 355.3464 561.8753
440 339.0045 540.9182
441 361.2584 423.1665
442 390.1631 417.1376
443 414.3551 418.0176
444 434.2305 422.9242
445 447.7265 432.3190
446 456.8739 464.9020
447 506.0457 524.7192
448 442.7961 487.9061
449 425.0573 490.8051
450 401.9933 488.5340
451 379.6635 482.1485
452 362.5580 473.9367
453 351.0550 466.0628
454 504.3880 531.6658
455 353.9446 567.2693
456 336.7086 502.8436
457 333.4646 554.5723
458 322.2653 563.8485
459 332.4133 558.1912
460 348.0578 572.9267
461 319.5904 565.3169
462 316.9621 569.9607
463 352.3940 451.6460
464 342.5146 454.5902
465 337.9742 456.2932
466 434.0906 451.0087
467 443.0243 447.8981
