# Image: /home/yaroslav/Projects/Diia.AIContest-AdAstrum/fixtures/FLUXSynID-processed/00b06b6a9aff/00b06b6a9aff_m_doc.jpg
# Mode: stream
# Status: fail
# Errors: strong_shadows_on_face: Strong shadows or uneven lighting detected (difference: 44.1); face_not_looking_straight_at_camera: Head is turned 176.5째 (max: 15.0째); head_is_tilted: Head is tilted 20.9째 (max: 10.0째); face_too_small_in_frame: Face occupies only 45.2% of frame (min: 50.0%); hair_covers_part_of_face: Possible hair occlusion detected (score: 0.191)

# 2D Landmarks (index x y)
0 310.6940 621.5948
1 306.5794 556.9357
2 307.6609 578.0769
3 287.6179 494.3983
4 305.2744 536.7879
5 303.6570 510.9710
6 300.1340 451.1502
7 173.6784 457.2336
8 298.3311 413.1907
9 297.2350 388.9069
10 292.1534 294.1255
11 311.2912 630.7863
12 311.6962 637.0482
13 311.9302 639.0055
14 312.1722 641.8375
15 312.5822 648.3092
16 313.0942 657.1666
17 313.6704 667.7411
18 314.7916 689.3555
19 307.0196 567.4456
20 290.6319 567.2744
21 103.2101 399.5656
22 225.9219 470.7531
23 207.9385 473.5216
24 190.7368 473.8635
25 167.7480 466.1217
26 240.9069 464.8577
27 200.8783 431.5433
28 219.0334 430.8990
29 184.2093 435.2477
30 172.8540 441.2091
31 153.0447 480.7591
32 248.3385 731.4018
33 167.4695 453.5932
34 97.9222 482.1905
35 131.5598 472.0635
36 217.1157 549.4846
37 288.6162 619.9395
38 292.9090 637.9033
39 266.6235 627.3089
40 252.5554 636.5176
41 276.7736 640.1845
42 263.7514 643.3233
43 232.1642 667.4240
44 291.3803 557.5540
45 288.1367 538.3301
46 141.3041 425.4114
47 250.1940 498.5447
48 249.1164 555.9461
49 247.7278 545.7731
50 162.6226 553.0803
51 287.7824 514.3364
52 183.4943 403.0363
53 158.2736 410.8409
54 119.1322 362.7838
55 262.8770 412.4780
56 235.6996 434.0635
57 216.7494 651.5559
58 121.4986 664.8339
59 262.8769 565.8023
60 278.6132 570.5921
61 237.0153 649.2105
62 244.4641 647.2918
63 146.8969 399.1681
64 248.9775 564.6295
65 218.0950 402.5530
66 213.2928 386.4474
67 189.6789 311.1457
68 133.3244 379.4672
69 202.8796 345.9614
70 129.4468 418.4790
71 116.4237 409.4482
72 290.6043 630.9121
73 272.6189 635.5258
74 258.4523 640.2737
75 267.8745 568.7444
76 241.0391 648.4173
77 249.1049 649.7386
78 246.0819 646.5012
79 272.4345 558.6634
80 266.7012 641.8461
81 280.0436 640.3569
82 295.2983 639.6986
83 291.4939 690.9466
84 292.4245 668.2596
85 292.8973 656.8904
86 293.4818 648.1893
87 294.5091 642.7152
88 264.4846 645.1089
89 262.3916 646.9397
90 259.4629 651.6313
91 256.6105 658.3504
92 235.4900 616.8132
93 99.3849 571.4008
94 307.2552 571.7267
95 255.7404 646.3739
96 252.6612 647.1053
97 285.3892 579.1350
98 256.5716 576.0030
99 282.1303 575.0196
100 232.2661 511.4345
101 203.9643 526.7300
102 245.2064 554.7006
103 146.3627 332.7354
104 160.6375 357.5584
105 175.6945 387.5595
106 247.7984 677.3475
107 255.2309 387.8316
108 245.9423 341.2928
109 236.7491 299.4987
110 176.1305 471.8044
111 133.8242 497.0395
112 250.2362 459.3121
113 151.5458 447.2513
114 262.0085 484.8304
115 260.1440 547.9129
116 114.6094 513.3727
117 147.6353 508.2192
118 171.8977 512.2694
119 206.0492 506.0683
120 230.7913 495.9430
121 248.9712 485.1618
122 283.7339 457.5859
123 119.1589 553.1673
124 135.3036 446.7874
125 297.9994 567.0511
126 252.5687 516.7137
127 92.9453 484.8704
128 262.2046 473.6144
129 244.1715 556.5122
130 162.3689 457.0795
131 258.9758 535.5781
132 106.3440 617.8356
133 249.6108 452.2060
134 273.0165 522.9070
135 164.0783 700.3908
136 166.0451 725.2868
137 100.4766 563.9489
138 139.5514 677.7592
139 106.8318 442.7712
140 244.6764 753.5924
141 300.1959 571.3294
142 237.4817 532.4137
143 115.7218 478.2243
144 191.3476 461.6826
145 207.0147 462.4938
146 245.3243 654.0475
147 123.6761 592.2136
148 280.3360 777.8822
149 221.9176 760.3430
150 196.0301 746.5558
151 294.5285 338.9509
152 319.8606 777.7969
153 222.1834 460.4342
154 236.2958 456.6373
155 245.2579 454.2811
156 121.7469 445.1219
157 233.0336 439.3942
158 217.1559 435.3550
159 201.7004 435.3062
160 186.4532 439.5184
161 177.1982 445.4626
162 95.1115 437.7395
163 180.7512 459.5088
164 308.6866 591.6037
165 250.9609 603.8325
166 262.3173 562.8237
167 284.5329 594.6892
168 299.1764 431.6210
169 190.9660 722.3030
170 216.7311 738.6745
171 278.6603 762.3369
172 142.4542 700.3931
173 244.4654 446.5939
174 273.8251 487.9020
175 318.9039 761.3902
176 249.3272 771.1680
177 107.7442 606.4228
178 278.2564 643.4683
179 276.2013 647.5567
180 274.3797 654.3953
181 272.7684 664.4472
182 267.4235 685.5764
183 252.1252 645.8376
184 247.1115 645.0941
185 241.8199 643.0796
186 222.3782 633.2658
187 148.9667 597.7256
188 273.2555 469.9004
189 263.3075 439.3286
190 252.0953 443.3395
191 255.4238 643.3293
192 147.7297 646.2658
193 277.7016 436.7475
194 257.3271 708.6318
195 302.4249 490.1714
196 285.2608 476.6048
197 301.2852 470.9746
198 263.4011 519.0482
199 317.5876 739.0910
200 316.0668 712.4809
201 286.1621 714.6095
202 213.4135 679.2303
203 230.9995 573.5352
204 233.9382 697.0050
205 189.1494 574.6840
206 215.2706 594.2955
207 174.3636 608.2763
208 280.6747 740.6772
209 253.2765 531.0385
210 197.0859 697.3087
211 222.7488 715.9926
212 196.9972 657.1560
213 129.3745 625.5365
214 172.7453 663.7230
215 119.0151 644.7154
216 201.6998 621.4176
217 263.6390 501.9697
218 266.4083 555.9622
219 254.6977 561.9253
220 273.2736 542.2779
221 248.9000 427.7524
222 219.7156 421.7584
223 194.8515 421.6185
224 173.9453 425.1692
225 159.2724 433.2784
226 148.8614 464.2327
227 96.5043 522.6387
228 163.9154 487.3907
229 182.6001 490.8066
230 206.3334 488.6660
231 228.7729 482.4563
232 246.1661 474.5917
233 257.8553 467.2478
234 96.0596 528.2320
235 255.6311 566.8822
236 274.7150 504.7261
237 278.9413 555.6872
238 289.5056 564.3780
239 279.3575 558.9221
240 261.4955 572.2927
241 292.5619 566.0052
242 294.6124 570.1808
243 256.0903 453.4491
244 266.6716 456.4927
245 271.8031 458.4298
246 171.8570 449.8091
247 163.3506 447.6221
248 317.6715 492.5270
249 425.6701 441.7399
250 323.3618 565.0997
251 489.9449 374.4311
252 375.9145 461.5961
253 394.2693 461.8906
254 411.3504 459.9423
255 432.5955 449.5946
256 360.2299 457.7088
257 396.8004 419.8468
258 378.6774 421.2371
259 413.5526 421.4818
260 425.1313 426.0466
261 449.2924 461.6920
262 385.8129 722.2138
263 431.2562 437.4760
264 504.4374 455.1564
265 469.7128 449.9679
266 394.7840 537.9321
267 332.5024 616.8953
268 330.6194 635.3232
269 355.5805 621.1570
270 371.0863 628.0531
271 347.2551 635.3643
272 360.8615 636.4964
273 395.2553 656.1370
274 321.5619 555.4935
275 322.3712 535.9767
276 455.1537 405.7853
277 355.3706 491.8378
278 363.1941 548.4497
279 363.2689 538.1566
280 449.3955 534.0648
281 319.8944 512.2126
282 411.1640 389.2068
283 436.7709 393.8155
284 470.3384 340.0465
285 333.7273 408.2114
286 362.4085 426.4531
287 408.8177 638.2494
288 502.8451 638.9173
289 350.8908 559.9689
290 335.8090 566.8873
291 388.6746 638.5216
292 381.1213 637.5451
293 446.9304 380.7222
294 364.4415 557.0422
295 377.0294 392.9456
296 380.1584 376.2371
297 395.0470 298.0249
298 458.1332 358.8067
299 385.9396 334.4943
300 466.3486 397.2140
301 478.3344 386.1876
302 332.0425 628.1549
303 350.7761 630.1271
304 365.8197 632.7216
305 346.3411 563.6409
306 384.5684 638.1238
307 376.5245 640.6749
308 379.3329 636.9783
309 340.5717 554.0725
310 357.7462 635.3325
311 343.9909 635.9257
312 328.5672 637.3276
313 338.2213 687.8462
314 334.9075 665.3508
315 333.2392 654.1638
316 331.5901 645.7713
317 329.9924 640.3859
318 360.3887 638.2730
319 362.6774 639.8193
320 366.0604 644.1915
321 369.6301 650.5592
322 385.3279 606.6737
323 513.0093 543.4543
324 369.4924 638.2580
325 372.5968 638.5836
326 330.0969 576.2605
327 358.4294 569.3478
328 332.7434 571.7102
329 374.9632 502.3358
330 405.1967 513.6084
331 366.8845 546.7246
332 440.0976 313.7943
333 428.7605 340.5805
334 417.2482 372.7388
335 380.6515 668.1813
336 338.8667 382.7823
337 342.9010 335.2293
338 347.5898 292.4956
339 425.2614 456.2279
340 470.5095 474.8636
341 350.2871 453.3818
342 446.9720 428.9225
343 341.9853 479.7636
344 351.2284 541.9128
345 491.4977 488.3809
346 458.3020 487.7019
347 435.0190 494.9950
348 400.4523 493.4877
349 374.4522 486.8267
350 354.9193 478.5871
351 317.1964 455.4317
352 492.0758 528.2517
353 463.2773 425.8376
354 315.9802 565.8554
355 355.1916 510.1964
356 509.4585 457.1368
357 340.3775 468.8967
358 368.2987 548.3704
359 436.8425 440.2722
360 350.8308 529.6207
361 511.9532 590.3657
362 350.1274 446.2948
363 335.4876 518.8072
364 466.0541 679.9560
365 466.6170 704.9172
366 511.3659 536.3485
367 487.2684 654.2546
368 491.3794 417.4981
369 391.9235 743.6390
370 314.2440 570.4184
371 372.1997 523.7766
372 486.2135 453.7694
373 409.0109 448.2732
374 393.7482 451.0787
375 380.7728 644.4902
376 492.5015 567.5332
377 358.9447 772.6888
378 415.3199 747.2526
379 439.5808 730.1444
380 378.3816 450.9528
381 363.8335 448.8838
382 354.7116 447.8266
383 476.8874 422.0967
384 364.9873 431.5445
385 380.2442 425.6774
386 395.4190 423.7196
387 410.8370 426.0492
388 420.6664 430.7037
389 502.1615 410.9976
390 419.0759 444.8231
391 367.8913 596.0991
392 351.1322 556.8711
393 333.1679 591.4366
394 441.9080 705.3625
395 418.1503 725.1143
396 358.8808 756.9652
397 486.6688 677.0529
398 354.4506 440.0862
399 330.6421 484.3172
400 389.3177 761.8048
401 509.5825 579.3558
402 346.4013 638.7256
403 348.8774 642.5279
404 351.4591 649.0744
405 354.0860 658.9035
406 361.9214 679.1878
407 373.1764 637.1849
408 377.9024 635.8676
409 382.9409 633.1731
410 400.5772 621.0640
411 468.2611 576.3912
412 329.1522 466.4008
413 335.5011 435.1605
414 346.7749 437.7317
415 369.5283 635.1740
416 475.5930 624.2286
417 321.1136 434.1842
418 374.3817 700.7190
419 317.8821 474.5021
420 344.5290 513.8264
421 346.1760 710.6300
422 414.7563 665.4693
423 383.8213 563.4895
424 396.3981 686.0899
425 425.8535 559.0511
426 402.3360 581.9040
427 444.7593 590.2133
428 354.4738 735.7484
429 356.0565 524.5027
430 432.9299 681.2871
431 409.7322 703.3616
432 428.6103 641.3102
433 491.0242 601.2982
434 453.1188 644.8572
435 503.4487 618.7634
436 419.5380 606.7074
437 342.4475 496.9934
438 346.1956 550.6102
439 358.4902 555.0069
440 337.6804 538.0199
441 348.7984 421.9342
442 377.2916 412.2808
443 401.9119 409.1778
444 422.8089 410.1895
445 437.8765 416.3657
446 451.4227 445.0517
447 510.4041 495.0088
448 439.5064 469.6123
449 421.6920 475.3361
450 397.9004 476.4630
451 374.5557 473.2964
452 356.4816 467.8588
453 343.9622 462.0321
454 511.1310 500.3619
455 358.0752 560.1625
456 331.6821 501.1157
457 333.8062 551.8829
458 324.1870 562.0744
459 333.6958 555.2289
460 352.9798 566.4035
461 321.3554 564.0292
462 319.7863 568.5490
463 343.9364 448.3279
464 333.9577 452.6232
465 329.1850 455.0606
466 426.4895 434.3632
467 434.9870 431.1364
