# Image: /home/yaroslav/Projects/Diia.AIContest-AdAstrum/fixtures/FLUXSynID-processed/01382684b15b/01382684b15b_f_live_0_e_d1.jpg
# Mode: stream
# Status: fail
# Errors: image_blurry_or_out_of_focus: Image is blurry (sharpness score: 47.95); face_too_small_in_frame: Face occupies only 40.6% of frame (min: 50.0%)

# 2D Landmarks (index x y)
0 312.0946 596.2345
1 308.2750 526.5420
2 309.1932 550.6287
3 289.2299 463.5875
4 307.1383 505.5820
5 305.4956 479.7380
6 301.7531 419.6641
7 169.6711 427.7772
8 299.2148 372.2184
9 298.1756 345.3230
10 293.6337 255.2319
11 312.6198 606.2750
12 312.9877 614.2353
13 313.0350 617.8647
14 313.8389 621.4887
15 314.3878 629.0148
16 314.9829 639.0868
17 315.4097 650.1124
18 315.7750 669.8666
19 308.6541 538.0167
20 293.7032 539.1267
21 100.4451 363.6624
22 222.6162 442.9311
23 204.2437 445.6871
24 187.0130 445.5795
25 163.6604 436.3076
26 238.2361 436.4268
27 198.4481 392.4938
28 217.3729 392.9314
29 180.5571 396.4995
30 168.4263 404.3394
31 149.2827 451.0285
32 249.4020 707.8721
33 163.5468 422.9819
34 94.8136 449.6806
35 128.2953 439.3899
36 217.8050 523.7874
37 291.3433 594.9233
38 295.6253 615.5025
39 270.6361 604.4362
40 256.9716 615.4940
41 280.6691 619.0509
42 268.2928 623.3929
43 235.0093 648.9891
44 293.7354 527.2290
45 290.2202 507.4605
46 137.8741 384.5753
47 250.3979 471.1369
48 254.2928 529.3027
49 252.1180 519.3157
50 161.7084 527.5832
51 289.5585 483.2690
52 180.2445 358.0489
53 155.1069 367.4000
54 117.1494 324.6877
55 260.8308 369.7353
56 234.4072 398.5547
57 220.6898 632.2994
58 122.1700 637.6772
59 268.1736 539.4723
60 282.9033 544.1106
61 242.4113 631.1350
62 249.9770 628.7649
63 143.9350 355.3242
64 254.7060 539.2076
65 214.6820 357.3269
66 210.5924 341.0296
67 189.4617 270.9617
68 130.7031 339.1628
69 201.7358 304.3724
70 126.1143 377.5379
71 113.2517 371.3513
72 293.2930 606.8889
73 276.4238 613.3522
74 262.8013 619.7539
75 273.1674 542.8450
76 246.5970 630.2531
77 253.4835 631.2231
78 251.4231 627.4340
79 276.1648 530.1175
80 271.4206 622.3662
81 283.9678 620.2259
82 297.8991 618.7235
83 292.9509 671.5257
84 294.2976 650.5022
85 294.9104 638.5845
86 295.7224 628.7829
87 296.7963 622.4270
88 268.3807 625.5055
89 266.1242 627.8514
90 262.8042 633.0476
91 259.5195 640.1438
92 239.4935 594.1349
93 97.5198 541.7428
94 308.8108 543.1861
95 260.2648 627.1281
96 257.2310 628.3247
97 288.9044 552.5171
98 261.9476 551.5176
99 286.0264 548.4461
100 231.8908 484.9483
101 202.6970 500.6138
102 250.0167 529.2541
103 145.0658 293.1197
104 158.4421 315.9199
105 172.7385 342.5843
106 250.0359 658.4991
107 253.7940 343.2744
108 246.2460 301.1391
109 237.5103 259.7806
110 172.1361 443.0081
111 130.3727 467.5492
112 248.2156 429.9421
113 147.6059 411.8077
114 262.2185 456.2701
115 263.9063 519.4320
116 111.4496 483.7515
117 143.9235 480.3598
118 168.5035 485.4550
119 203.4513 479.3668
120 228.8431 469.0147
121 247.8772 457.4932
122 284.8133 426.3117
123 117.2862 525.7786
124 131.9189 410.2850
125 300.1908 537.6834
126 254.3609 489.6918
127 89.4082 452.7548
128 261.5772 444.7508
129 248.4500 531.7901
130 157.9223 425.2600
131 262.2408 507.4171
132 105.7954 589.3468
133 248.1101 422.0950
134 275.1032 492.9826
135 166.7760 675.8437
136 167.6086 699.4258
137 98.7285 534.6519
138 142.0510 652.2825
139 103.5071 407.8362
140 245.7651 727.7263
141 302.3372 542.8356
142 239.1279 506.4511
143 112.5037 445.2582
144 187.4347 433.2999
145 203.2040 434.3244
146 249.3826 635.8754
147 123.9546 565.7290
148 280.0767 751.3314
149 222.9873 733.4742
150 197.5474 720.3630
151 296.0180 299.7914
152 318.6318 752.0909
153 218.8832 432.3650
154 233.4731 428.0761
155 243.1105 424.9911
156 118.3606 408.3757
157 231.7760 409.0997
158 215.9385 404.6894
159 200.2816 404.1490
160 184.4155 408.2018
161 174.3914 414.2816
162 91.7181 403.9032
163 176.7500 430.6550
164 310.1430 564.9910
165 255.2076 580.3358
166 267.3809 535.7523
167 287.3265 569.1689
168 300.2744 396.3644
169 193.1567 697.6772
170 218.4185 713.0891
171 278.8824 737.4878
172 143.6567 674.2417
173 243.1481 416.4693
174 274.9890 458.1776
175 318.3569 737.1598
176 249.8458 744.1093
177 107.4064 578.3480
178 281.3801 623.4677
179 279.1492 628.0752
180 276.9750 635.7423
181 275.1685 646.3098
182 269.3137 666.2684
183 257.4838 626.7798
184 252.2203 626.0305
185 246.7953 623.8141
186 226.7545 612.3480
187 150.3404 572.6849
188 273.7209 439.8282
189 262.0852 405.8462
190 250.8987 410.8667
191 260.8322 624.2185
192 150.5798 621.8571
193 277.5924 401.7945
194 258.5080 687.5224
195 304.2457 459.1689
196 286.7134 445.8680
197 303.0384 440.1038
198 265.3573 490.8730
199 317.7332 716.6797
200 316.7604 691.8705
201 287.0342 693.8541
202 215.6756 658.8866
203 234.1225 549.3697
204 235.2585 676.3949
205 190.3461 549.7383
206 217.7923 570.6435
207 176.7790 584.3127
208 281.2333 717.8649
209 256.1148 504.3429
210 199.2814 674.8597
211 224.1831 692.7720
212 200.0185 636.2287
213 131.0213 599.7342
214 175.7448 640.9329
215 120.0061 617.8994
216 205.0483 599.2916
217 264.9572 473.6501
218 270.3140 527.3211
219 260.0542 535.1138
220 276.0364 512.1468
221 246.7512 389.6854
222 216.9828 380.4677
223 191.5538 379.8335
224 170.2556 384.5337
225 155.2604 394.7530
226 144.9776 431.9320
227 93.7573 491.8350
228 159.7948 458.7126
229 178.7462 462.9156
230 202.9042 461.2501
231 226.0080 455.0309
232 244.0336 446.4669
233 256.2580 438.2117
234 93.0446 497.2902
235 261.3013 541.0792
236 276.2164 474.9325
237 281.9277 525.8131
238 292.2367 535.5417
239 282.6583 529.7153
240 266.9904 547.0819
241 295.0859 536.8053
242 297.1963 541.8497
243 254.7896 422.7530
244 265.6794 426.0175
245 271.5601 427.7007
246 168.3852 418.8102
247 158.8402 413.0358
248 319.4899 462.0816
249 430.9422 414.5139
250 323.2605 537.6038
251 490.0676 344.2497
252 380.8495 434.9553
253 399.3839 435.6852
254 416.2534 433.6486
255 437.3467 422.2187
256 364.6314 430.1401
257 399.7237 382.6347
258 380.8950 384.9213
259 417.6351 384.8422
260 430.1301 391.3135
261 452.7230 435.2400
262 383.6486 700.2254
263 436.2325 409.2947
264 503.3232 428.2922
265 471.4451 421.4194
266 395.1884 514.1382
267 332.4595 592.3039
268 330.3279 613.3256
269 353.9212 599.0749
270 368.3643 608.3013
271 345.5229 614.9667
272 357.9803 617.6502
273 392.8683 639.4761
274 322.6481 525.5713
275 323.8755 505.5665
276 458.0991 368.3470
277 357.0943 465.6030
278 360.4073 523.4688
279 361.1661 513.2498
280 449.7155 511.8245
281 321.6375 481.6433
282 415.1593 346.5915
283 440.2497 353.2725
284 471.3891 307.2147
285 337.2109 366.0232
286 364.5328 392.2842
287 404.9240 621.1966
288 492.4478 617.1553
289 347.9058 535.0191
290 334.1298 541.3895
291 384.1127 622.2084
292 376.3558 620.7833
293 449.8857 340.2223
294 360.8772 533.4197
295 381.5178 349.2609
296 384.3868 332.5831
297 397.4579 260.9935
298 460.6778 322.7133
299 389.4264 295.3063
300 468.6227 360.2743
301 479.6783 352.9227
302 331.8514 604.4381
303 349.2366 608.5831
304 363.2235 613.1872
305 343.4300 539.0284
306 379.9268 621.7764
307 373.6706 623.7792
308 374.5476 619.6563
309 339.5772 526.4740
310 354.4766 617.0172
311 341.9499 616.5309
312 328.0185 616.8134
313 338.6030 668.9318
314 336.2929 648.0396
315 334.7839 636.1755
316 332.8060 626.6552
317 330.7513 620.4446
318 358.4831 619.8274
319 361.1301 621.8969
320 365.0674 626.7471
321 368.9653 633.5281
322 382.5434 585.6588
323 506.4938 519.7823
324 366.2964 620.5284
325 369.5170 621.3566
326 329.3275 550.2784
327 355.0554 546.3894
328 331.4698 546.0103
329 376.8752 477.2778
330 407.3499 489.5401
331 364.1291 522.9685
332 442.0451 278.7144
333 432.2375 302.5366
334 421.1472 330.4023
335 379.2367 650.7059
336 342.2365 339.0679
337 345.5943 296.3465
338 349.6832 254.4427
339 430.0539 429.5882
340 472.5494 449.4344
341 354.0509 424.7332
342 450.7045 396.5165
343 343.9781 452.0759
344 350.3490 514.6566
345 491.7481 463.5522
346 461.3029 463.3496
347 438.5755 470.9092
348 404.0176 468.6577
349 377.8821 461.2144
350 357.8562 451.9094
351 319.0668 424.5977
352 490.4455 505.5875
353 465.6730 393.0886
354 317.0974 536.8349
355 355.3993 484.4142
356 506.8152 431.0939
357 343.0281 440.7772
358 365.6472 525.3486
359 441.8101 410.9749
360 350.1630 502.6186
361 502.9864 567.7831
362 353.1844 417.0083
363 336.4871 489.6440
364 457.5516 659.3132
365 457.3236 683.1306
366 506.9255 512.7248
367 477.9029 633.4085
368 491.7285 387.9370
369 388.3775 719.6562
370 315.1608 542.0890
371 372.0704 499.3177
372 486.8755 425.7222
373 414.5795 421.7008
374 399.1719 424.4171
375 378.1987 627.8782
376 487.7131 545.7807
377 356.2396 747.2110
378 409.2487 723.0359
379 431.8581 707.0854
380 383.4151 424.1087
381 368.5020 421.3422
382 358.5586 419.3413
383 478.4733 389.8023
384 368.0815 402.5339
385 383.2555 396.6791
386 398.7569 394.5460
387 414.6274 396.8698
388 424.9991 401.7229
389 501.2689 383.1648
390 424.5534 418.0588
391 365.4807 573.8430
392 348.4829 531.1597
393 332.9438 566.4703
394 435.0805 683.9605
395 412.8190 702.1397
396 357.2244 733.0844
397 476.3811 655.6452
398 357.5321 410.9046
399 332.3722 455.2675
400 384.9733 736.6217
401 502.6125 556.6689
402 345.9657 619.5727
403 348.7459 623.8208
404 351.8313 631.1929
405 354.6400 641.5657
406 361.3312 661.0142
407 368.8512 619.6984
408 374.0197 618.2145
409 379.0734 615.3851
410 396.8446 602.0648
411 464.3585 555.2179
412 331.1585 436.9404
413 338.3296 402.1889
414 349.3097 406.1197
415 365.1333 617.5835
416 468.1352 604.0581
417 323.1974 399.6044
418 373.2262 680.8785
419 319.7033 444.1882
420 344.9975 486.6141
421 346.1683 690.4203
422 411.6693 647.4534
423 381.9470 541.1532
424 394.3906 667.1638
425 424.7735 536.7341
426 400.5439 560.3493
427 441.2335 569.4727
428 353.7942 713.8057
429 355.2660 499.0250
430 428.1284 661.7130
431 406.2598 682.3335
432 424.4438 623.1024
433 483.9922 580.1233
434 447.0826 625.4702
435 494.8125 597.1555
436 416.0859 587.1358
437 343.5029 469.5467
438 345.0847 523.1238
439 355.5458 529.7755
440 338.0972 508.8298
441 352.1289 384.6345
442 380.7244 372.4450
443 405.8322 369.2958
444 427.0059 371.8495
445 442.1997 380.4242
446 454.9319 416.0112
447 507.9339 470.0093
448 443.7659 443.7123
449 426.0519 449.7901
450 402.4095 450.7520
451 378.8969 447.0498
452 360.2245 440.6347
453 347.2980 433.7271
454 506.7427 475.5192
455 354.6653 535.9533
456 333.1933 471.9183
457 333.9965 522.8691
458 324.5329 533.7610
459 333.4541 526.8571
460 349.6805 542.6216
461 322.1067 535.3552
462 320.1400 540.7629
463 346.8350 418.4077
464 336.7412 422.6983
465 331.6103 424.9389
466 431.2155 405.6827
467 439.9276 398.8953
