# Image: /home/yaroslav/Projects/Diia.AIContest-AdAstrum/fixtures/FLUXSynID-processed/01382684b15b/01382684b15b_f_doc.jpg
# Mode: stream
# Status: fail
# Errors: face_too_small_in_frame: Face occupies only 40.7% of frame (min: 50.0%)

# 2D Landmarks (index x y)
0 300.3777 600.6977
1 301.9559 534.7359
2 301.1560 557.0148
3 288.7069 471.4916
4 302.5241 514.4476
5 303.1288 488.9564
6 304.7709 429.3933
7 175.5750 424.5054
8 306.2214 381.4012
9 307.3714 355.0411
10 310.4947 268.4868
11 300.1037 610.3980
12 299.8368 618.0131
13 299.6558 621.4076
14 300.0098 624.9217
15 299.9086 632.4804
16 299.6113 642.4939
17 299.1280 653.3124
18 297.9571 672.4577
19 301.4584 545.5999
20 286.8624 544.9770
21 115.5293 354.9356
22 226.3194 444.1830
23 208.2122 445.1865
24 191.3970 443.4945
25 169.3947 431.9291
26 242.0295 439.2919
27 206.0104 391.9991
28 224.6108 394.3525
29 188.2035 394.2162
30 175.8357 400.8713
31 154.8629 444.7449
32 230.7593 702.3200
33 169.9425 419.0048
34 103.5031 437.3852
35 135.7617 430.9368
36 214.6511 521.8961
37 280.0134 597.6528
38 282.5776 617.6821
39 258.9420 604.6457
40 244.8441 613.4188
41 267.6243 619.4757
42 255.3325 622.1542
43 221.0959 643.0865
44 287.7336 534.0801
45 285.8811 514.7344
46 148.0602 377.3481
47 250.8057 474.0415
48 249.4783 531.6802
49 248.2288 521.6268
50 160.3828 520.0022
51 287.3044 490.9671
52 190.1591 355.4358
53 165.4846 362.0896
54 134.0659 319.1899
55 267.9106 375.2708
56 240.9402 401.6867
57 208.5107 625.4551
58 115.8159 619.3541
59 262.1656 542.6887
60 276.0933 548.4273
61 229.4532 626.3206
62 237.2051 624.8195
63 155.7320 349.0797
64 249.1074 540.9840
65 223.4447 358.3532
66 220.7499 342.2108
67 207.4940 274.6391
68 144.9754 333.6149
69 215.8759 307.4388
70 137.4927 369.2738
71 126.3936 363.0096
72 280.9234 609.2557
73 263.8712 613.6650
74 250.2072 618.1157
75 266.7096 546.3003
76 233.6620 625.8758
77 240.2836 628.0435
78 238.8146 623.6605
79 270.5342 534.8459
80 258.6041 621.3339
81 270.8896 620.8032
82 284.6006 620.8374
83 275.4918 671.7567
84 278.3883 651.6610
85 279.9316 640.1831
86 281.5833 630.5712
87 283.1964 624.3265
88 255.4044 624.2208
89 252.9023 626.4109
90 249.1862 631.2480
91 245.4078 637.8157
92 229.6486 591.4735
93 99.9499 524.9087
94 301.2973 550.2953
95 247.4203 624.6856
96 244.2588 625.5927
97 281.2286 557.0278
98 255.0469 553.2676
99 278.7668 552.8946
100 231.7566 485.5537
101 202.1436 497.9653
102 245.4530 530.7844
103 162.9522 291.6100
104 173.0372 313.8942
105 184.0681 339.7063
106 234.8582 654.3529
107 263.1339 349.0134
108 259.8195 308.8865
109 255.2071 268.2716
110 177.1201 439.4688
111 135.6030 458.8680
112 252.1709 433.9723
113 155.7593 405.9238
114 263.4288 460.9039
115 259.5256 523.3665
116 116.3438 472.4908
117 147.4794 472.7008
118 170.6074 480.0795
119 204.8239 477.4292
120 230.2515 469.7673
121 249.5862 460.4765
122 287.7564 434.3303
123 118.4850 513.4819
124 141.0462 402.4687
125 293.1780 544.5175
126 253.0303 492.5708
127 98.7458 439.0097
128 263.8426 449.5319
129 243.7115 532.7726
130 164.6212 420.5224
131 258.9502 511.3487
132 104.0489 571.3439
133 252.6014 426.3659
134 272.5409 498.8340
135 154.3252 662.0617
136 153.7101 684.1465
137 100.7054 519.3981
138 132.8320 636.6338
139 114.7566 397.7046
140 225.7172 721.2580
141 294.9939 549.4000
142 236.8724 507.1730
143 120.4087 435.0237
144 192.5188 431.8817
145 207.9398 434.3103
146 235.8954 632.0607
147 121.7102 552.2790
148 256.9015 747.6560
149 203.5789 723.6018
150 180.4513 707.8721
151 309.0580 311.7347
152 294.1948 752.0290
153 223.4285 433.7815
154 238.0365 430.8688
155 247.6063 428.7119
156 128.3892 399.1427
157 237.5071 411.8035
158 222.2770 405.7522
159 206.8388 403.7260
160 190.9714 406.2631
161 180.7475 411.4083
162 104.3985 392.6561
163 182.2584 428.1930
164 300.9687 570.6593
165 245.9535 580.1045
166 261.6919 539.1583
167 278.2348 572.6409
168 305.3637 405.7448
169 177.7757 685.9720
170 200.7614 703.7702
171 256.8287 734.2762
172 133.3068 656.9428
173 248.1369 420.3160
174 275.4645 464.4393
175 295.0298 737.9462
176 228.3283 737.3053
177 105.6303 562.0181
178 268.1289 623.7693
179 265.5034 628.1727
180 262.7010 635.5747
181 260.0674 645.7190
182 252.8886 664.2446
183 244.6228 623.9343
184 239.4739 622.6786
185 234.3489 620.0072
186 215.9152 607.2722
187 145.9749 561.9448
188 275.9026 446.2341
189 267.2445 411.6348
190 256.1100 415.5416
191 248.2452 621.7380
192 142.6133 608.7480
193 282.6307 409.0642
194 241.0759 683.4371
195 303.7259 468.5507
196 287.8111 453.8039
197 304.1986 449.6729
198 263.4380 495.2007
199 296.0012 718.0588
200 297.0903 693.8262
201 268.1783 692.6748
202 201.9815 650.7776
203 228.3398 548.1654
204 219.5083 669.9315
205 185.9275 544.2401
206 210.7371 566.8979
207 170.1472 575.8623
208 260.6968 715.3822
209 253.4617 507.1425
210 185.1252 664.7409
211 207.7363 684.8244
212 188.5113 627.4105
213 125.8730 585.4264
214 164.9503 629.7389
215 114.6882 601.2332
216 196.1143 592.7111
217 264.5363 478.2527
218 265.0736 531.6597
219 254.6155 537.8823
220 271.7967 517.7749
221 253.1348 393.9825
222 224.6595 381.7559
223 199.9003 378.6290
224 179.0518 381.1390
225 164.0374 389.7890
226 152.0719 425.5168
227 99.2891 477.9043
228 164.2786 453.3093
229 182.3228 459.3156
230 205.7858 459.9478
231 228.7099 456.0237
232 246.8279 449.4432
233 259.3043 442.6534
234 99.0543 481.9086
235 255.3455 543.5183
236 275.1537 481.1003
237 276.3459 531.5319
238 285.6297 541.6026
239 276.7979 535.1752
240 260.3960 549.6539
241 288.2913 543.1831
242 290.0487 547.9461
243 259.0690 427.6473
244 269.3372 431.7591
245 274.8867 433.9861
246 174.7403 415.3760
247 166.2213 408.5327
248 318.4432 472.4876
249 432.5063 433.0570
250 316.0334 545.8718
251 495.3843 368.4126
252 381.2442 449.3370
253 399.2980 451.4783
254 416.0997 450.7808
255 437.9316 440.7906
256 365.9098 443.4852
257 404.7029 399.1734
258 385.9047 400.1403
259 422.1612 402.6081
260 433.9187 409.9631
261 451.4549 454.6350
262 361.5392 706.4541
263 438.2596 428.1188
264 501.1634 450.7936
265 470.7657 442.1440
266 388.8745 527.2552
267 320.9110 598.4867
268 317.1407 618.4528
269 341.5822 606.2377
270 354.9388 615.6711
271 332.0706 620.8568
272 343.9826 623.9967
273 376.1073 647.1268
274 316.1212 534.8485
275 318.9279 515.6216
276 462.8238 388.7994
277 355.4697 477.4047
278 353.6684 534.5866
279 355.3280 524.6049
280 442.2044 528.7568
281 318.8170 491.9946
282 423.2278 364.6042
283 446.9820 372.7827
284 480.4289 331.5287
285 344.8936 378.4032
286 369.2016 406.3496
287 389.5422 630.1795
288 474.6396 631.0914
289 340.5890 544.7027
290 326.5188 549.8376
291 369.3221 629.4426
292 361.7314 627.5632
293 457.4432 360.6667
294 353.4562 543.9519
295 390.1242 365.0455
296 394.2402 349.1269
297 411.9676 282.0481
298 469.1413 345.3663
299 401.7167 314.4552
300 473.6947 381.5524
301 484.7580 375.8338
302 319.3350 610.0687
303 336.2440 615.0450
304 349.5152 620.0438
305 335.9304 548.1598
306 365.2253 628.7472
307 358.7514 630.8008
308 360.0488 626.3395
309 332.8732 536.4253
310 340.6592 623.0218
311 328.4650 622.0190
312 314.7200 621.4663
313 320.4766 673.0838
314 319.8987 652.7775
315 319.3794 641.1632
316 318.2199 631.5600
317 316.7054 625.2130
318 344.0472 626.2085
319 346.5089 628.5530
320 349.9961 633.6446
321 353.2453 640.5082
322 370.6502 595.0982
323 496.3623 538.1728
324 351.7339 627.0977
325 354.8697 628.1474
326 321.0576 558.0556
327 346.8607 555.7718
328 323.5647 554.1202
329 373.8269 490.0752
330 402.6494 504.2088
331 357.5384 533.9602
332 454.2310 302.1472
333 443.2122 324.0117
334 430.4281 349.3191
335 361.8702 657.7178
336 351.8996 352.7001
337 358.2691 312.5511
338 365.5095 272.2205
339 430.0705 447.6920
340 469.3299 469.8222
341 356.1188 437.5071
342 453.1217 416.4136
343 343.7026 463.5279
344 344.3831 525.7360
345 486.8609 484.6884
346 457.2041 482.6131
347 434.4639 488.4041
348 400.9700 483.6658
349 376.0943 474.5037
350 357.3714 464.0644
351 321.3954 435.5086
352 482.1737 525.1738
353 467.7870 413.7962
354 309.8726 545.1064
355 352.2817 495.7118
356 504.3250 452.8414
357 343.8547 452.3415
358 358.9824 536.0729
359 443.3497 430.0364
360 345.2965 513.7986
361 489.0015 584.1809
362 356.1291 429.9626
363 332.8114 500.6055
364 437.3575 670.9616
365 435.1738 693.3457
366 497.5174 532.5218
367 459.2615 647.0178
368 493.3486 410.8139
369 364.6169 725.8184
370 307.6324 549.7082
371 367.4530 511.1789
372 485.3524 447.3621
373 415.5726 439.1617
374 400.1365 440.6586
375 362.8878 634.9840
376 476.3239 563.6190
377 331.2389 750.2617
378 385.0111 729.7389
379 408.3955 715.3470
380 384.7298 439.1203
381 370.4343 435.2712
382 361.0371 432.5978
383 480.4397 411.3444
384 372.1366 416.6397
385 387.5589 411.7344
386 403.0228 410.7519
387 418.5283 414.2081
388 428.2388 419.8547
389 502.9316 406.5521
390 425.7957 436.2399
391 354.9345 582.8517
392 341.4012 541.2015
393 323.3370 573.7142
394 413.3294 693.5139
395 389.9758 710.0344
396 333.0690 736.7995
397 455.8315 667.4465
398 360.9644 424.3001
399 331.8518 466.3482
400 360.1589 741.8100
401 489.6518 574.4643
402 331.7398 625.3577
403 334.1238 629.7884
404 336.5204 637.3461
405 338.4636 647.7321
406 343.4684 666.9483
407 354.4936 626.2536
408 359.6779 625.1950
409 364.8884 622.8027
410 383.2664 611.5134
411 452.9741 571.4528
412 332.3290 448.1682
413 342.7212 414.4555
414 353.1809 419.0462
415 351.0261 623.9136
416 452.5825 618.4289
417 327.8679 410.7901
418 353.1433 686.8194
419 320.2389 454.8963
420 341.7251 497.5812
421 325.7908 694.4378
422 393.6102 656.3316
423 373.7070 552.3368
424 375.0623 674.5660
425 416.0629 551.2668
426 390.3433 572.1153
427 429.3810 583.7520
428 331.1987 717.6937
429 350.9031 510.0776
430 408.4514 671.5809
431 385.2322 690.3560
432 408.2900 633.6342
433 469.8987 596.3081
434 430.2878 637.8198
435 478.5816 612.9593
436 403.2829 598.6168
437 341.7276 480.7080
438 338.5094 533.6370
439 348.3985 540.3560
440 332.7084 519.5617
441 357.8794 397.9747
442 387.0350 387.8404
443 411.9004 386.4511
444 432.3883 390.4428
445 446.3971 399.9374
446 455.3699 435.8162
447 502.0710 491.5194
448 442.0169 462.3370
449 424.0852 467.0795
450 400.8695 466.2490
451 378.2456 460.8638
452 360.6826 453.2845
453 348.7207 445.7141
454 500.4394 495.5204
455 347.1336 546.0407
456 331.1766 482.8315
457 327.5299 532.9399
458 317.5187 542.5114
459 326.8221 536.5247
460 341.8215 551.9378
461 314.9177 543.9822
462 312.6498 548.7240
463 349.6995 430.8946
464 339.3738 434.3254
465 333.9960 436.2350
466 433.8439 424.2283
467 442.6761 418.1077
