# Image: /home/yaroslav/Projects/Diia.AIContest-AdAstrum/fixtures/FLUXSynID-processed/0068f321356b/0068f321356b_m_live_0_p_d1.jpg
# Mode: stream
# Status: fail
# Errors: strong_shadows_on_face: Strong shadows or uneven lighting detected (difference: 42.6); head_is_tilted: Head is tilted 17.3° (max: 10.0°); face_too_small_in_frame: Face occupies only 40.6% of frame (min: 50.0%)

# 2D Landmarks (index x y)
0 310.4895 608.7421
1 302.5807 533.2745
2 307.2909 561.2589
3 285.5260 479.0120
4 301.4745 513.3435
5 301.4918 491.1197
6 303.0697 441.9124
7 169.1339 463.1453
8 302.5899 403.7677
9 301.6237 380.1742
10 301.0958 305.6279
11 311.2135 619.0253
12 312.1269 627.6836
13 312.8892 632.0072
14 312.5495 633.5723
15 312.7564 640.5756
16 312.9772 650.3781
17 313.5524 662.2919
18 315.3193 686.2386
19 304.0962 545.2669
20 288.2893 549.5057
21 111.1971 419.4457
22 223.5107 473.3458
23 204.4399 476.7877
24 186.6656 477.7419
25 163.4865 471.8655
26 239.8343 466.5200
27 197.1439 428.7319
28 217.1933 428.1336
29 178.6803 433.3126
30 166.6053 441.3650
31 149.8293 486.6411
32 239.1250 729.1196
33 163.0518 459.6901
34 103.4298 495.1620
35 130.2948 478.3038
36 211.8179 545.5719
37 285.4738 608.4043
38 291.1830 629.8760
39 260.9783 619.5350
40 246.1199 632.2983
41 273.4421 634.3573
42 259.5640 640.0693
43 223.6400 667.9407
44 286.2900 534.6216
45 282.3421 516.3372
46 137.2336 425.3271
47 248.5010 495.2059
48 243.4522 543.8008
49 242.3407 535.4804
50 156.6411 553.3282
51 283.5858 495.4831
52 178.0780 396.5223
53 153.1015 407.4432
54 125.2169 381.3694
55 261.8450 402.8276
56 235.4442 432.2902
57 208.3122 652.2289
58 126.9864 673.3048
59 259.2533 553.1424
60 276.1352 557.3545
61 230.6299 650.7343
62 239.4075 648.2301
63 143.1104 398.1235
64 244.3717 554.8532
65 213.4715 393.8903
66 209.1597 379.5410
67 194.3068 325.6247
68 134.1830 388.6156
69 203.2103 350.3896
70 127.5369 421.3721
71 119.2412 421.0041
72 287.9291 620.6425
73 267.8452 628.3744
74 252.8803 636.3050
75 265.1076 556.9013
76 235.2620 649.8512
77 243.1389 649.3454
78 241.5919 646.9467
79 267.6739 540.6166
80 264.0000 639.5559
81 278.1497 636.0460
82 294.5635 633.5735
83 288.4825 687.9159
84 288.6871 663.2881
85 289.5618 651.0076
86 290.8975 641.1939
87 292.5255 635.2470
88 260.3887 641.6215
89 257.6168 643.9323
90 253.4677 649.2733
91 249.7098 656.6960
92 228.6078 611.8033
93 108.4868 585.4546
94 305.6807 552.1195
95 251.4796 644.7833
96 247.6244 646.1020
97 282.9473 565.3260
98 252.9580 567.6022
99 279.7645 561.4428
100 228.9616 509.5020
101 198.7334 525.5666
102 240.4121 546.2932
103 151.1078 349.3794
104 160.4659 364.2426
105 171.0218 383.6681
106 240.4160 676.2839
107 254.3729 379.3599
108 248.6580 344.9933
109 242.7263 312.6372
110 171.7785 476.8613
111 131.2589 503.0033
112 250.2508 459.8332
113 147.3140 450.2722
114 261.3094 480.1249
115 254.0871 531.6515
116 113.4589 520.4558
117 142.8598 512.4880
118 166.0120 514.5336
119 201.3956 506.9616
120 227.8242 496.0032
121 247.9990 484.1056
122 284.7997 449.1878
123 116.2791 558.0462
124 132.9444 450.5654
125 294.4528 545.5581
126 249.9793 510.8131
127 103.5699 503.8090
128 262.3596 471.1441
129 240.1880 550.2663
130 157.5668 462.2404
131 253.4435 521.8944
132 114.1313 628.9626
133 250.4111 453.2088
134 267.8412 506.3679
135 158.5876 701.5259
136 162.8343 728.6970
137 103.6735 572.3273
138 137.9532 680.1819
139 111.6405 455.9314
140 234.8018 752.6922
141 298.1515 552.1023
142 233.9563 528.2461
143 116.6927 486.1294
144 186.9947 466.2786
145 203.3791 466.2924
146 238.3934 654.1704
147 121.3860 595.4324
148 274.1869 780.3398
149 212.9839 762.0024
150 188.9767 748.6888
151 301.0899 341.7458
152 319.9464 781.0661
153 219.6442 463.8063
154 234.9788 459.3523
155 245.1222 456.1232
156 121.8081 451.4901
157 233.3020 443.8623
158 216.5905 441.7302
159 200.3994 442.1330
160 184.1257 446.1922
161 173.8368 451.6930
162 104.5636 457.8206
163 176.2074 464.9173
164 308.6636 576.8445
165 245.1762 596.6235
166 258.1206 548.5739
167 281.4152 582.5247
168 303.4867 424.3643
169 182.4281 722.7082
170 207.0552 738.0645
171 271.3498 761.4796
172 144.0079 705.9993
173 245.0975 448.7066
174 272.1867 477.8720
175 317.7243 761.8815
176 240.3005 772.9398
177 110.3899 612.7930
178 274.9547 637.6534
179 271.9448 642.2191
180 269.1129 649.9014
181 266.7914 660.8512
182 261.5395 683.2681
183 247.6997 645.1929
184 241.3064 644.3916
185 235.2564 642.3284
186 214.9479 631.2490
187 144.5256 597.8363
188 273.3850 463.2013
189 264.7581 436.8382
190 253.3608 442.3844
191 252.2845 642.8189
192 143.8971 647.2966
193 279.6231 430.9978
194 249.9323 706.1547
195 302.0379 474.0350
196 284.6859 464.6877
197 302.4944 458.1811
198 259.8598 508.3927
199 316.2462 737.3957
200 315.6597 709.8315
201 281.3495 711.4962
202 203.8509 678.9007
203 225.7565 568.6389
204 224.7908 695.8856
205 182.9792 571.4306
206 208.7771 590.0135
207 168.1719 606.2757
208 273.7843 737.8936
209 249.5429 522.8939
210 187.3764 697.0353
211 212.8771 714.7447
212 187.9635 656.6947
213 127.0568 627.9992
214 165.3501 663.6487
215 120.1597 649.3299
216 194.5418 619.2107
217 261.5146 494.1143
218 260.8610 538.0559
219 249.7294 548.4991
220 267.0090 522.4711
221 248.3730 422.7162
222 216.5407 415.4319
223 189.7258 416.0995
224 168.0340 422.0392
225 153.6878 433.1105
226 145.8742 469.8407
227 100.5911 533.3383
228 159.2474 492.2308
229 177.7399 494.0355
230 202.1495 490.9901
231 226.1750 483.9420
232 245.2375 475.1908
233 258.1652 466.6635
234 106.3795 545.0762
235 251.5279 555.5470
236 271.4755 491.3828
237 273.2467 534.4795
238 286.1019 544.7531
239 274.7872 539.1721
240 258.2617 562.0316
241 288.9212 545.2363
242 292.2688 551.7661
243 257.2979 452.8572
244 268.2223 454.6888
245 273.1743 454.7212
246 167.8136 455.9290
247 157.7760 450.3647
248 319.6668 476.6243
249 450.8655 443.0057
250 324.1013 546.6369
251 521.7109 389.9158
252 394.9762 460.4283
253 414.7807 461.1020
254 433.6173 459.6824
255 458.8924 450.8906
256 377.8818 456.2702
257 416.3306 414.0554
258 396.0288 416.0593
259 436.0368 415.8607
260 450.1062 422.0485
261 475.3043 463.6028
262 397.6142 719.7252
263 457.3933 439.0882
264 535.9696 465.1403
265 497.2965 452.9209
266 410.2729 531.0537
267 335.9422 603.8973
268 333.9930 626.3098
269 363.7049 610.5716
270 382.1696 620.3323
271 354.0990 627.4436
272 370.2976 630.5611
273 411.2369 653.4631
274 319.7822 532.0272
275 321.3179 513.3871
276 480.2748 403.1334
277 368.0341 486.5600
278 371.3556 534.0501
279 372.8203 525.7131
280 470.9031 530.6435
281 320.4607 492.8628
282 430.7126 381.4139
283 459.3229 388.4110
284 498.5824 354.0036
285 344.3342 398.2652
286 378.3991 422.5297
287 425.8919 635.0827
288 533.7125 648.0854
289 357.0098 545.3031
290 340.0266 552.3032
291 403.2477 635.7514
292 394.4610 634.6449
293 470.1927 377.7695
294 373.3556 545.0046
295 393.0120 383.2293
296 395.8457 368.4218
297 414.0020 309.0057
298 483.9051 364.5546
299 402.9478 336.7682
300 492.3195 397.4626
301 506.7662 394.2746
302 335.3385 616.5598
303 358.1338 620.4934
304 375.8500 625.5934
305 352.0595 549.9438
306 398.4506 635.4144
307 389.1588 636.7097
308 392.5296 633.8522
309 343.6322 534.5007
310 367.0489 630.5084
311 350.6364 629.7463
312 332.0991 630.2808
313 342.7970 684.0801
314 339.0997 659.2988
315 337.1621 647.0046
316 335.1640 637.4330
317 333.4619 631.7937
318 369.6149 632.1175
319 372.3418 634.0437
320 376.7774 638.9337
321 381.3392 645.9094
322 397.9442 598.5468
323 547.9069 556.6224
324 380.6877 633.6723
325 384.3072 634.1570
326 333.6715 561.3745
327 367.2241 558.9382
328 336.6265 557.0000
329 390.2351 497.7505
330 423.1260 509.1174
331 377.2551 535.9599
332 464.5030 326.1992
333 451.1292 344.5424
334 437.5210 367.4769
335 393.2528 665.0081
336 349.2797 373.9908
337 354.7624 337.4947
338 361.3650 303.4022
339 449.8953 456.7444
340 497.1987 477.0772
341 366.8800 451.3496
342 473.5038 428.2676
343 352.6400 473.5409
344 356.6948 523.8973
345 520.0455 492.1027
346 483.7287 487.8716
347 457.8297 493.3425
348 419.7263 490.9104
349 391.3442 483.9794
350 369.2083 475.2284
351 322.9459 446.6054
352 519.2253 529.7527
353 490.1436 426.4795
354 314.1832 544.0308
355 366.4757 502.2751
356 544.8436 473.3273
357 352.5594 464.6083
358 380.0013 539.7617
359 464.3716 440.8480
360 357.8619 514.1310
361 545.1456 601.4238
362 366.8483 444.8976
363 338.9964 501.1018
364 489.2849 681.4915
365 492.2233 709.9023
366 541.9060 542.8944
367 512.4677 656.9730
368 521.7645 427.3004
369 404.7616 743.2986
370 313.4594 550.8950
371 385.5929 517.0774
372 515.1654 458.5281
373 431.6193 448.3587
374 414.4566 450.4972
375 394.5438 640.8392
376 518.4992 568.3405
377 366.4725 775.5698
378 434.0713 750.2889
379 462.0088 733.7618
380 397.7609 450.3316
381 382.3674 448.3148
382 372.3412 446.7794
383 504.7531 425.4259
384 382.4765 433.5583
385 398.6639 429.2265
386 414.6749 427.2604
387 431.9359 428.8806
388 443.9386 432.7956
389 536.2529 427.3916
390 443.0872 445.6033
391 378.2323 586.2586
392 356.7681 540.7128
393 337.2604 577.9698
394 463.1890 706.1040
395 435.7808 725.1627
396 365.2386 756.4105
397 514.8875 684.0498
398 371.4132 439.9698
399 337.0068 473.2998
400 402.9110 764.3967
401 538.9370 584.5481
402 352.7991 631.0906
403 355.8062 635.0385
404 358.9330 642.3745
405 362.2774 653.2980
406 370.8504 675.5738
407 384.7590 633.0882
408 390.5459 631.1564
409 396.3402 628.2119
410 415.3165 615.3084
411 490.1874 573.7853
412 337.3111 458.8026
413 348.4394 431.3389
414 361.7486 434.8563
415 380.8646 631.5842
416 498.4542 623.8577
417 329.7341 427.8250
418 384.9472 697.5532
419 321.6706 462.0681
420 352.3902 501.6357
421 351.2336 707.1230
422 432.8683 663.0409
423 397.5627 555.9145
424 411.6765 683.5732
425 443.2239 552.7549
426 417.5492 574.6540
427 463.7011 585.5020
428 359.9540 732.8455
429 366.4804 514.2943
430 453.2029 680.1435
431 426.3186 701.8322
432 447.4866 638.1835
433 516.3357 602.1192
434 474.4264 643.2392
435 531.3505 623.1191
436 435.9218 601.4038
437 351.3181 487.5798
438 350.1128 531.0637
439 365.2739 539.5405
440 339.8063 516.9344
441 363.1633 415.4465
442 394.3396 403.9579
443 421.7174 400.8748
444 445.4123 403.7346
445 463.1023 412.5979
446 478.7114 446.7187
447 541.6611 503.2923
448 464.7925 470.1354
449 444.3712 474.6427
450 418.2217 475.0680
451 392.7211 471.5993
452 372.6045 465.7707
453 358.4223 459.3197
454 546.5890 515.4392
455 365.5026 546.6781
456 336.4614 486.7148
457 334.3886 529.7075
458 324.0928 541.7439
459 334.9280 534.4932
460 360.2350 554.2466
461 320.3838 542.8113
462 319.7686 549.6589
463 359.0990 445.6055
464 346.8887 449.1256
465 339.7340 450.1174
466 451.2398 436.0319
467 461.7353 429.5823
