# Image: /home/yaroslav/Projects/Diia.AIContest-AdAstrum/fixtures/FLUXSynID-processed/00702d3d8375/00702d3d8375_m_live_0_p_d1.jpg
# Mode: stream
# Status: fail
# Errors: face_not_looking_straight_at_camera: Head is turned 173.0째 (max: 15.0째); head_is_tilted: Head is tilted 14.0째 (max: 10.0째); face_too_small_in_frame: Face occupies only 47.0% of frame (min: 50.0%)

# 2D Landmarks (index x y)
0 268.7551 519.8188
1 272.4967 442.8798
2 273.8469 468.9270
3 266.8534 373.5926
4 274.5593 420.6184
5 278.9064 393.2356
6 291.1283 330.6755
7 166.1878 319.4177
8 297.5092 289.8753
9 300.6132 264.1237
10 315.2507 168.3090
11 267.7882 530.7090
12 267.5244 538.7187
13 268.1011 541.8418
14 267.7391 542.6711
15 266.7349 550.1106
16 265.3969 560.2452
17 264.1620 572.3117
18 262.4244 595.7086
19 272.3564 455.1960
20 256.0058 453.8066
21 119.0283 252.3882
22 215.9938 341.0127
23 197.6827 341.1778
24 180.4817 339.4448
25 159.2914 328.0338
26 231.9057 337.1505
27 197.1965 292.8086
28 216.0855 295.2606
29 179.2038 294.3373
30 166.9690 299.7696
31 143.2387 342.0124
32 184.7562 626.9384
33 160.6943 314.6831
34 97.5051 337.0276
35 125.4760 329.5560
36 188.9564 424.7848
37 245.2166 514.1221
38 247.2417 536.6343
39 220.4126 519.5823
40 204.3830 528.3103
41 229.7517 536.7500
42 215.6192 538.7326
43 178.2618 559.0178
44 256.3553 441.1639
45 255.8417 419.6026
46 141.2709 280.1276
47 232.9007 375.1619
48 215.0916 435.2219
49 216.1915 424.3259
50 137.0537 420.2432
51 261.3622 394.2442
52 184.7096 261.2981
53 159.2207 266.5478
54 138.3913 215.7203
55 261.6943 282.8559
56 232.6527 301.9381
57 165.6267 539.0050
58 87.9070 536.2991
59 228.1307 448.6269
60 243.5130 456.5893
61 186.0884 541.5795
62 194.7016 540.6733
63 151.6203 253.5956
64 214.1539 445.5315
65 218.4962 265.3817
66 216.7444 248.3685
67 211.6697 170.7756
68 145.3886 233.1523
69 216.0290 206.8799
70 132.8643 271.9592
71 125.9571 262.6899
72 245.5605 527.4114
73 225.5711 530.2709
74 210.0968 533.9055
75 232.9531 453.1519
76 190.4444 541.4101
77 198.4405 543.4667
78 197.1185 539.8706
79 238.1699 440.9087
80 219.8686 538.0862
81 233.9889 538.3018
82 250.2481 539.8108
83 236.9693 593.5082
84 240.6473 569.3289
85 243.3502 556.6893
86 245.9429 546.7615
87 248.3585 540.7299
88 216.2857 539.6091
89 213.3318 541.6155
90 208.8414 546.5255
91 204.2964 553.4706
92 191.2044 502.2064
93 87.2159 433.6846
94 273.2494 460.8906
95 207.2329 540.2523
96 203.1865 540.9507
97 249.0229 467.0577
98 220.3928 459.9388
99 246.2595 462.0446
100 212.6433 386.5093
101 181.7474 398.3768
102 212.7621 434.3509
103 167.7296 187.5701
104 174.2402 213.6244
105 180.4091 244.9836
106 193.3695 571.5438
107 258.2142 255.8692
108 259.0486 208.4526
109 259.1216 165.4858
110 166.4414 335.3718
111 122.3276 356.4855
112 242.2267 332.4040
113 146.9853 304.8684
114 247.1166 361.8476
115 227.0981 427.0879
116 102.1846 371.1196
117 132.0642 370.2274
118 153.8473 378.2134
119 188.6067 376.6736
120 214.9749 369.5440
121 235.2586 360.7306
122 273.0480 334.9006
123 98.1779 413.9157
124 132.8288 302.7041
125 262.7801 453.4039
126 230.2321 394.7596
127 97.5321 341.4271
128 250.5592 350.2344
129 212.4865 436.8778
130 155.3674 317.1974
131 228.9071 414.0725
132 84.0285 483.8913
133 243.2313 324.7778
134 245.0044 401.7483
135 112.3485 579.5075
136 113.1639 607.2131
137 83.3756 423.4072
138 95.5451 551.2516
139 112.2562 296.8553
140 177.4675 649.5581
141 265.4416 459.4165
142 212.4225 409.8397
143 110.9650 334.1301
144 183.0166 326.2071
145 198.6759 329.0623
146 193.4904 547.6130
147 95.4613 456.3175
148 210.6625 683.1453
149 156.6304 653.4863
150 135.4528 634.5970
151 308.0635 213.8432
152 252.6808 691.2703
153 214.2115 329.2775
154 229.0693 327.5198
155 238.4733 326.3830
156 122.0849 299.7656
157 229.0011 309.9978
158 213.8110 303.6937
159 198.0949 300.9933
160 181.8272 303.0024
161 171.3585 307.6641
162 106.4879 291.7495
163 172.7836 322.7915
164 272.5642 485.0295
165 208.9181 490.0100
166 227.9077 444.8333
167 245.4479 484.9249
168 295.0853 310.2758
169 132.3922 607.4202
170 153.5526 628.8254
171 210.0672 665.4846
172 98.3623 577.3052
173 238.9683 318.5478
174 256.1056 365.7661
175 253.0536 672.5388
176 180.4856 669.8856
177 81.8074 469.7900
178 230.9271 539.4237
179 227.6461 543.7962
180 224.0095 551.2105
181 220.1949 562.1659
182 212.2550 583.4561
183 203.0546 540.1622
184 197.3705 538.3750
185 192.1803 535.0400
186 175.0200 519.0888
187 116.5839 466.0537
188 260.6664 347.0616
189 259.0585 312.9883
190 247.4366 315.1386
191 207.8595 538.1070
192 106.8408 518.6327
193 272.6720 312.2521
194 198.2527 605.2090
195 283.1655 371.3876
196 269.2406 354.8671
197 287.1039 351.3817
198 238.6955 397.7315
199 255.2824 648.1402
200 259.0628 619.9341
201 226.7536 616.8273
202 158.8683 566.7191
203 196.3177 453.4389
204 176.3758 589.0508
205 157.3302 447.4304
206 177.3322 473.5043
207 136.9266 481.7029
208 215.6750 642.8790
209 226.6151 409.9274
210 140.9502 582.0676
211 162.3589 606.0919
212 146.7408 539.9329
213 94.6668 493.2536
214 124.6224 541.8138
215 84.2529 512.6636
216 158.7566 501.4630
217 243.6908 380.0372
218 232.0998 436.7092
219 219.9249 442.5782
220 240.5089 422.1164
221 246.4112 297.1465
222 217.8098 285.3215
223 192.2784 281.4514
224 170.7686 282.8161
225 155.7317 290.2802
226 142.3886 323.4563
227 87.8275 379.1719
228 151.6905 350.4556
229 169.0467 356.7085
230 192.7330 357.7478
231 216.2291 354.4473
232 235.1017 348.7622
233 248.1622 342.6514
234 92.9588 387.6522
235 220.4575 448.8607
236 252.0894 383.2118
237 244.1931 437.5388
238 254.7080 449.6771
239 244.9799 441.8011
240 225.8529 456.2740
241 257.3163 451.6688
242 259.7035 457.3967
243 249.4084 326.8849
244 259.1451 332.2982
245 263.0417 335.0876
246 165.4016 311.4137
247 157.3312 306.3594
248 299.7414 376.9624
249 433.0399 346.3692
250 293.5734 457.4639
251 519.0928 290.9219
252 376.7135 356.6124
253 395.5267 360.5358
254 414.1061 362.4075
255 440.0068 356.4548
256 361.1027 349.7464
257 405.2157 313.9757
258 385.5910 312.1922
259 423.3714 319.3725
260 435.7104 327.2888
261 455.4094 373.2759
262 335.5749 644.9132
263 440.5080 343.2572
264 520.3429 379.3400
265 479.9377 365.2327
266 380.3264 443.9655
267 294.2791 518.6479
268 289.2855 540.6130
269 320.6741 528.8559
270 337.6462 540.4080
271 309.2708 544.1231
272 325.2602 548.6099
273 361.1233 577.0868
274 289.6580 444.2195
275 294.0549 423.1894
276 468.7039 314.1260
277 347.0063 386.4238
278 342.3822 447.7153
279 345.3107 437.0530
280 439.6543 450.5503
281 296.9603 397.8041
282 421.8563 286.1361
283 449.4685 296.9749
284 500.7784 249.9485
285 336.1783 290.5995
286 367.7975 315.3680
287 379.0866 559.8664
288 490.5698 581.0678
289 327.0963 458.1352
290 309.1865 462.9896
291 357.3961 557.1720
292 349.6242 554.6093
293 462.3115 286.0240
294 343.4115 458.3791
295 384.5761 282.5505
296 390.3828 266.1562
297 423.6022 190.0964
298 481.1421 266.2496
299 405.2160 224.9643
300 482.5936 308.0303
301 500.6521 299.9458
302 291.8084 531.6957
303 313.6105 538.3497
304 330.9272 544.8476
305 321.7979 461.7891
306 353.1495 556.0529
307 343.0087 556.6089
308 348.0002 553.6104
309 314.4133 447.8957
310 322.6481 547.2283
311 306.2039 544.9049
312 287.4961 543.1545
313 289.0750 599.1233
314 288.9541 574.0325
315 289.0073 561.0237
316 288.8202 550.9024
317 288.3904 544.5886
318 324.8576 549.5711
319 326.9484 551.9730
320 329.9529 557.8221
321 332.8626 565.7441
322 357.1956 518.3471
323 520.1305 479.0707
324 335.8252 552.0921
325 339.1099 553.3421
326 300.7210 472.0327
327 335.2556 471.3975
328 304.7229 467.6867
329 366.4022 401.6003
330 396.0151 419.5385
331 348.5106 447.8137
332 470.5708 215.6680
333 450.8620 240.8397
334 430.8948 270.7544
335 341.3924 586.8981
336 345.4949 264.7920
337 359.4639 217.8636
338 373.6228 175.7679
339 430.1909 361.6317
340 475.6552 391.7597
341 351.4785 343.2341
342 458.3425 336.8672
343 334.1455 370.5010
344 328.6101 436.8765
345 497.0723 410.8953
346 459.3454 402.6579
347 432.3877 405.6205
348 395.6108 396.9720
349 369.5161 384.6626
350 350.0818 372.0133
351 309.5758 338.4739
352 489.8930 453.7480
353 476.1863 337.6595
354 282.7178 455.3280
355 342.9369 405.9705
356 530.0427 384.6557
357 335.8155 358.6367
358 350.8728 450.6058
359 446.7174 346.9823
360 331.7562 424.1819
361 510.1125 529.8472
362 353.0524 335.8301
363 314.4860 408.5966
364 435.3521 616.3885
365 434.6138 645.4572
366 513.8184 468.2272
367 464.5005 592.5175
368 511.4399 336.2996
369 338.6947 669.4862
370 281.4720 460.8617
371 359.2919 424.4269
372 497.8766 373.0225
373 413.3328 348.9001
374 396.7826 348.3060
375 347.2612 561.8610
376 483.4639 496.8260
377 296.8582 694.2620
378 366.9475 680.0358
379 398.3464 666.9349
380 381.0786 345.3774
381 366.6945 340.8054
382 357.5496 338.1413
383 492.1564 337.0895
384 370.4941 324.3336
385 387.1905 321.4202
386 403.0626 322.2143
387 419.2029 327.3933
388 429.3520 334.0799
389 528.1951 333.0973
390 424.8829 347.8856
391 340.1418 502.9163
392 327.1938 454.1463
393 300.5971 490.1819
394 403.5290 639.3476
395 372.6230 655.6002
396 298.3326 676.6473
397 464.0209 619.3078
398 358.4759 330.6801
399 318.3223 372.0704
400 333.6417 689.5553
401 504.4082 514.8256
402 307.8528 546.6248
403 309.7984 551.3934
404 311.4748 559.5052
405 312.5759 571.1115
406 317.6376 594.6561
407 339.9602 552.4556
408 345.2498 551.6225
409 351.2331 549.3867
410 371.7357 538.1546
411 453.2102 500.8074
412 321.5955 353.0966
413 337.0848 320.7978
414 349.8345 325.4187
415 336.6249 549.6933
416 454.2935 555.9371
417 319.3860 316.9233
418 327.3165 619.9278
419 304.9423 358.3788
420 328.5774 406.5729
421 293.0894 624.6002
422 380.2335 590.3765
423 364.8689 470.3232
424 355.6630 608.9554
425 409.0211 472.9018
426 380.4455 493.9778
427 424.4162 511.2908
428 297.0136 652.6900
429 340.8421 421.1455
430 397.2144 610.9295
431 366.8480 630.0269
432 399.3238 566.1032
433 476.3050 533.8261
434 425.7093 574.3651
435 490.2477 556.9347
436 394.3387 525.2815
437 330.2485 388.5975
438 321.0111 445.1556
439 335.6276 453.6864
440 312.3604 429.0598
441 352.7282 308.1057
442 384.1019 302.2794
443 410.8823 303.7929
444 433.6360 309.9324
445 449.8377 320.6042
446 461.2302 355.8151
447 519.9544 423.3236
448 443.0139 379.3667
449 422.3465 381.5875
450 396.7360 377.6992
451 372.8930 369.6683
452 354.6960 360.5100
453 342.1696 351.8691
454 525.3165 431.8218
455 335.2865 460.1430
456 314.8219 389.4686
457 305.1136 443.3589
458 293.8086 453.4344
459 305.5644 447.5465
460 329.1902 466.6346
461 289.4631 454.7005
462 288.4587 460.3006
463 345.3719 336.4642
464 332.8406 339.6601
465 325.7392 341.3366
466 435.4284 339.0236
467 445.8236 335.9291
