# Image: /home/yaroslav/Projects/Diia.AIContest-AdAstrum/fixtures/FLUXSynID-processed/001d6e39269e/001d6e39269e_f_live_0_e_d1.jpg
# Mode: stream
# Status: fail
# Errors: image_blurry_or_out_of_focus: Image is blurry (sharpness score: 57.06); face_not_looking_straight_at_camera: Head is turned 178.1째 (max: 15.0째); head_is_tilted: Head is tilted 30.2째 (max: 10.0째)

# 2D Landmarks (index x y)
0 315.1057 657.4198
1 314.2971 599.6062
2 313.1462 613.7496
3 296.8382 523.6303
4 314.1740 578.1565
5 313.1865 547.1431
6 310.2973 469.8331
7 180.6263 452.9490
8 309.0908 424.1365
9 309.0481 397.4536
10 307.4745 281.4424
11 315.2815 666.3540
12 315.0231 670.8109
13 314.5111 670.1833
14 314.9669 674.9324
15 315.3749 682.1580
16 315.4854 691.1411
17 315.4844 701.1687
18 314.4601 719.6515
19 313.9564 608.5348
20 295.9936 603.4343
21 103.9710 368.5932
22 234.9593 472.4718
23 216.4209 473.8405
24 198.2677 472.8738
25 173.5220 460.8024
26 249.9377 468.0204
27 207.2278 429.8882
28 226.4330 430.1639
29 190.0325 432.7747
30 178.4150 437.7202
31 157.0984 474.6961
32 244.5034 753.4718
33 173.0226 447.8746
34 95.7425 459.6144
35 133.7920 462.0419
36 218.6185 563.9203
37 290.4491 653.8554
38 292.6505 669.6193
39 265.1815 655.6862
40 248.1789 658.7108
41 273.8668 668.0060
42 258.4925 666.4211
43 224.9159 682.0418
44 298.6632 598.6711
45 296.4088 577.8059
46 146.9112 420.1561
47 256.2922 511.1805
48 253.9948 583.1526
49 253.0715 570.0390
50 161.5626 557.4613
51 296.7882 548.9017
52 192.5074 404.3563
53 165.8402 408.9443
54 122.6623 334.8947
55 273.3847 420.9103
56 243.7055 434.6003
57 208.7721 662.8326
58 113.9673 649.2348
59 266.6820 594.5173
60 282.4619 601.6154
61 226.7512 662.3497
62 234.3221 662.2956
63 154.1573 394.2390
64 252.5337 589.2290
65 228.2097 407.0802
66 224.0628 389.3255
67 199.4743 291.2560
68 139.1470 363.2923
69 213.8063 337.9484
70 134.1508 409.0388
71 119.2384 389.5540
72 291.4448 664.3203
73 270.5025 664.1524
74 253.8132 663.1343
75 271.1075 597.4278
76 230.5942 662.3459
77 241.0530 668.5939
78 236.3630 661.8323
79 277.7545 593.1645
80 260.9505 663.6683
81 276.6666 666.5194
82 294.2610 669.1524
83 288.9016 720.1037
84 291.6352 700.3450
85 292.4505 689.3018
86 293.0619 680.6961
87 294.0498 674.3601
88 258.7904 668.8256
89 256.5627 670.7498
90 253.7653 675.4127
91 251.1116 681.5615
92 232.2839 636.7692
93 93.7524 545.5444
94 313.5384 610.2388
95 248.2375 666.3257
96 244.8415 666.7831
97 289.2723 611.7112
98 258.3732 600.0124
99 285.9652 607.0280
100 237.4867 522.0141
101 206.7216 535.2948
102 249.4035 577.0560
103 152.8377 308.5594
104 169.4348 345.1829
105 185.0381 386.3125
106 241.9453 697.3983
107 266.7534 393.9531
108 258.4086 336.1636
109 249.2019 283.1050
110 182.6256 468.5818
111 135.6083 489.4455
112 259.1510 463.5029
113 156.6976 441.2592
114 269.0309 498.9952
115 266.1624 579.5322
116 114.4788 502.2270
117 150.0010 504.6169
118 175.2638 513.3643
119 211.1773 510.8704
120 237.2734 502.7309
121 255.7317 493.7613
122 293.0703 474.7644
123 117.1619 545.8597
124 139.2313 438.5454
125 304.5877 607.5275
126 258.1293 533.9115
127 88.6144 452.2510
128 269.4887 483.9058
129 247.2093 575.8326
130 167.7944 450.8719
131 265.2617 563.6007
132 100.1566 596.5622
133 257.8728 455.5169
134 280.6814 554.5118
135 158.5518 703.6098
136 160.3889 724.0342
137 96.7126 547.7683
138 132.4996 675.5494
139 106.9153 420.4349
140 241.3555 772.8650
141 306.1670 609.3903
142 241.4529 547.6228
143 116.2285 464.3737
144 200.2847 459.9357
145 216.3415 461.8725
146 237.1756 671.8156
147 119.2288 587.7182
148 275.8257 796.4885
149 218.8461 770.4679
150 192.2208 751.7201
151 308.4414 336.8626
152 312.7811 798.3581
153 231.7191 460.7811
154 246.1343 457.9604
155 254.5994 456.7440
156 124.0044 432.2799
157 240.8995 438.5965
158 224.3875 431.7882
159 208.0265 430.7150
160 192.0194 434.5790
161 182.5623 440.4973
162 93.3947 404.9890
163 188.8548 456.5589
164 313.6395 627.0478
165 250.4631 627.9034
166 266.6049 593.0328
167 287.6114 627.3558
168 309.3107 444.3862
169 187.2701 730.8546
170 213.4136 752.2023
171 274.8183 786.3264
172 135.0399 692.2161
173 252.6460 448.8804
174 281.8852 509.6707
175 313.7880 787.1384
176 245.9406 786.4358
177 102.3436 593.9343
178 275.0584 671.9239
179 272.8587 676.2597
180 271.2946 683.2119
181 269.6456 692.9354
182 263.0545 710.9165
183 243.6694 663.8217
184 239.0289 662.4612
185 234.1495 659.6904
186 216.1296 648.3710
187 144.3727 601.0584
188 281.4317 485.7142
189 271.7958 445.0356
190 260.0403 446.6347
191 247.2179 661.3162
192 141.0222 648.2855
193 286.8692 446.6412
194 252.9016 732.0912
195 312.0906 520.6895
196 294.5897 500.2615
197 311.2133 495.9753
198 269.9127 542.7922
199 314.3693 768.0845
200 314.4305 742.3695
201 283.1010 743.0151
202 208.4586 691.9793
203 232.0518 591.2489
204 229.2855 714.8221
205 187.2144 587.0139
206 213.6060 610.6213
207 169.9310 617.7810
208 277.2679 768.1092
209 258.8377 551.8802
210 193.0781 708.3954
211 218.8255 732.2144
212 191.5473 667.1016
213 123.3371 622.5512
214 167.1889 670.7145
215 112.2875 636.4485
216 196.7095 633.5179
217 270.3342 521.5322
218 271.9622 590.0046
219 259.2543 590.8197
220 280.3260 578.4275
221 257.8165 432.2515
222 228.2130 424.3217
223 202.4811 422.6082
224 180.7546 424.1310
225 165.4522 429.8015
226 153.2280 456.5969
227 93.7939 503.1472
228 168.7704 483.7089
229 188.4219 490.4423
230 213.5318 490.6655
231 236.6051 486.2100
232 253.9737 480.0381
233 265.5276 474.0399
234 90.7836 498.1327
235 259.2394 593.8840
236 282.6964 531.5389
237 285.5112 594.0766
238 295.3086 602.2528
239 285.1287 595.7305
240 264.1154 598.7866
241 298.7974 605.3098
242 300.2210 607.2574
243 264.1889 458.2315
244 274.4784 463.9645
245 279.7661 469.0897
246 177.1486 444.7308
247 168.8948 442.5060
248 327.1145 522.9650
249 434.2647 448.1895
250 330.2169 602.2250
251 499.4427 364.4927
252 381.4363 469.4709
253 399.6921 470.0767
254 417.2470 468.6709
255 440.4150 455.6890
256 366.4352 465.6752
257 408.0293 427.0424
258 388.7336 427.7849
259 425.0556 429.3007
260 436.1665 433.7980
261 455.6890 469.2070
262 379.3857 748.4637
263 440.9986 442.9853
264 507.4552 453.1335
265 476.4057 456.1438
266 401.2691 559.5336
267 338.6733 651.6905
268 336.3092 667.6895
269 362.3357 650.9365
270 377.7074 652.3007
271 353.6581 664.1272
272 367.4861 661.0812
273 397.4144 674.8883
274 329.6215 597.8351
275 331.3715 576.8464
276 466.1816 415.6965
277 362.6081 508.9779
278 369.2607 579.6898
279 369.1506 566.7743
280 454.6676 550.8589
281 329.2160 548.2041
282 423.4760 401.7573
283 448.7892 405.3249
284 483.8948 331.5967
285 344.3177 420.3390
286 371.8500 432.8919
287 412.1490 654.7484
288 485.5496 639.4333
289 356.9559 591.7295
290 342.2658 599.7158
291 396.1554 654.5618
292 388.3418 655.0930
293 459.4320 390.6399
294 369.8801 585.6164
295 388.7355 405.5017
296 392.8768 387.7068
297 413.0525 289.6600
298 471.3196 359.8409
299 401.5298 336.2823
300 476.9779 404.5133
301 488.5272 385.3461
302 338.0329 662.3076
303 357.3942 659.8263
304 372.5500 657.3506
305 352.7589 594.7851
306 392.1568 654.7398
307 383.0748 662.0711
308 385.9120 655.0792
309 347.6653 591.1006
310 364.1359 658.7333
311 350.1627 663.1089
312 333.7273 667.5201
313 339.0215 718.3849
314 338.2397 698.4047
315 337.5757 687.5658
316 336.4452 678.8858
317 334.8355 672.7829
318 366.5405 664.0323
319 368.8913 665.8340
320 371.9894 670.1950
321 374.6554 676.3346
322 390.9289 631.0399
323 503.5561 537.4982
324 375.4888 660.5488
325 379.2378 660.6748
326 336.0354 610.0013
327 364.0761 596.5656
328 339.0389 605.0949
329 381.1002 518.9012
330 411.4567 530.8768
331 372.0766 573.5087
332 456.5949 305.8098
333 443.4719 342.5218
334 430.1561 383.5976
335 382.1365 691.8473
336 351.1752 393.4552
337 358.3053 335.4595
338 365.0421 282.1619
339 432.2516 463.8046
340 475.7637 483.1178
341 357.5643 461.5667
342 456.4672 436.3956
343 350.2188 497.4340
344 358.5577 577.0328
345 494.1592 495.0917
346 463.2774 498.4937
347 440.3723 507.9431
348 405.9365 506.8510
349 380.1557 499.7070
350 362.0113 491.7015
351 327.2815 474.1157
352 492.5051 537.8550
353 472.3151 433.2933
354 323.2360 606.9104
355 362.0753 531.5650
356 509.6556 446.3428
357 348.5758 482.4957
358 373.2544 572.0988
359 445.5935 445.7513
360 358.1376 561.1868
361 497.6556 587.5500
362 358.1598 453.5784
363 344.1688 552.9476
364 452.1586 693.5980
365 447.0008 713.7066
366 506.4236 539.2120
367 474.3572 664.9737
368 498.2947 415.1915
369 381.3911 767.1324
370 320.7992 608.8474
371 378.3204 544.1996
372 491.6110 458.1797
373 415.7311 455.8092
374 399.8521 458.2630
375 386.8916 665.0153
376 490.1696 578.6420
377 348.4104 793.5056
378 398.2168 763.1469
379 420.3669 742.5968
380 384.4532 457.7128
381 370.1130 455.4238
382 361.6085 454.6239
383 484.9963 426.9065
384 374.6107 436.3825
385 390.7020 429.0541
386 407.1208 427.4372
387 423.0017 430.6591
388 432.2716 436.1396
389 507.4153 400.1103
390 426.6551 452.0695
391 373.3875 623.4464
392 357.4712 590.1941
393 338.9508 625.2630
394 427.4595 721.9347
395 404.6596 744.5267
396 351.3321 783.3586
397 467.7506 681.7325
398 363.2748 446.7786
399 339.7072 508.6254
400 375.4596 781.0297
401 500.7265 584.3911
402 352.1000 668.6133
403 354.7859 672.8068
404 356.7129 679.6353
405 358.3015 689.3377
406 363.1793 707.0416
407 380.4724 657.4463
408 385.2713 655.6161
409 390.0689 652.3912
410 406.0248 641.1346
411 469.7345 592.8616
412 338.2975 484.6947
413 344.7931 443.9655
414 355.9579 445.1068
415 376.1749 655.3389
416 470.2422 638.7209
417 331.0885 446.2067
418 371.5465 727.3311
419 327.5993 499.7036
420 352.1088 540.8138
421 344.4863 740.6952
422 411.5574 684.5592
423 388.8167 586.7319
424 392.7424 708.5267
425 431.8111 581.0154
426 407.3273 605.2115
427 447.5962 610.3909
428 350.1320 765.4616
429 362.1465 549.2167
430 424.3616 699.9500
431 401.3634 725.1627
432 427.3095 658.9197
433 485.4807 613.0597
434 447.7442 661.7205
435 491.6998 626.2266
436 423.2570 626.5770
437 350.4263 519.8096
438 353.4186 587.6443
439 364.5638 587.6797
440 346.1389 576.8257
441 358.3926 430.9650
442 387.7258 422.1803
443 413.2195 419.8359
444 434.4697 420.7304
445 448.9162 425.7012
446 459.1048 451.2497
447 509.3128 495.7381
448 445.2728 478.3870
449 426.8426 485.8731
450 402.7308 486.9133
451 379.9705 483.1643
452 362.9818 477.7956
453 351.5623 472.4163
454 506.6578 491.1310
455 363.8725 590.6513
456 340.5203 530.2930
457 341.7334 592.5606
458 331.5348 601.0801
459 341.1661 593.9699
460 359.0262 595.7928
461 328.6889 604.4356
462 326.4335 606.2505
463 352.3421 456.7019
464 342.6453 462.8793
465 338.3378 468.0815
466 437.2988 440.0729
467 444.9190 437.9132
