# Image: /home/yaroslav/Projects/Diia.AIContest-AdAstrum/fixtures/FLUXSynID-processed/0068f321356b/0068f321356b_m_live_0_a_d1.jpg
# Mode: stream
# Status: fail
# Errors: image_blurry_or_out_of_focus: Image is blurry (sharpness score: 13.19); head_is_tilted: Head is tilted 20.6° (max: 10.0°)

# 2D Landmarks (index x y)
0 307.1138 609.0658
1 308.4255 535.2540
2 306.4565 563.3988
3 283.5797 472.6572
4 307.8431 512.8495
5 306.0001 487.5566
6 300.2970 431.0736
7 128.1435 449.3169
8 296.7305 389.0601
9 295.2272 362.5869
10 290.5095 276.6428
11 307.1888 619.9408
12 307.0187 628.5742
13 306.4298 631.9691
14 305.4767 695.2318
15 305.9435 705.0542
16 306.2125 716.9095
17 306.1958 730.7145
18 305.4893 750.5952
19 308.0387 548.8885
20 283.8561 551.4953
21 45.0392 395.0116
22 197.4539 460.0698
23 174.2264 463.0070
24 151.3131 463.6230
25 118.2245 457.2868
26 216.6892 453.6509
27 163.6843 407.3572
28 188.9702 407.4065
29 139.5216 412.2725
30 123.0463 421.8054
31 101.4566 471.1858
32 206.2866 772.2560
33 118.9448 446.4454
34 36.1588 479.9576
35 76.2353 463.0940
36 176.2521 536.1689
37 267.0260 606.5303
38 270.7285 629.3378
39 226.0460 615.2640
40 200.5335 626.8598
41 240.7957 632.3322
42 218.3183 637.7576
43 171.9395 682.3142
44 287.8928 535.6554
45 284.0736 514.7718
46 90.1483 407.1370
47 227.2049 485.2156
48 223.6991 537.5780
49 221.5866 527.8343
50 104.5282 538.6488
51 283.9676 491.0096
52 146.1517 376.7089
53 113.1850 388.0523
54 67.6345 353.7164
55 248.3371 386.6712
56 211.1649 413.5765
57 153.5395 651.6447
58 60.2438 684.1744
59 242.3463 549.1900
60 263.5720 556.2235
61 170.7497 653.3944
62 184.0273 654.1294
63 100.4439 377.8245
64 221.1678 548.0807
65 190.4011 374.8855
66 185.6556 359.0388
67 159.7743 293.6093
68 84.8669 364.9455
69 175.0733 323.8546
70 76.5954 402.0489
71 61.4588 399.7113
72 268.2080 619.6374
73 233.8933 625.3849
74 209.2918 632.1717
75 247.8562 553.6476
76 176.9993 653.9017
77 190.5455 672.6646
78 188.8594 654.2358
79 258.7660 539.7307
80 223.2770 636.4190
81 246.0187 633.0478
82 273.4471 631.8721
83 262.7992 747.5003
84 263.8848 726.6096
85 266.0085 713.4307
86 268.7257 701.1763
87 271.5615 692.8612
88 220.7672 679.7342
89 215.6625 682.5264
90 208.1654 687.9191
91 202.3824 694.8248
92 186.6948 607.9506
93 35.6229 582.0368
94 307.3833 556.2076
95 206.1466 671.7131
96 198.0304 671.2435
97 271.7444 565.3148
98 227.9458 561.7019
99 267.8745 560.9283
100 201.0182 497.5814
101 161.2411 511.4745
102 215.9298 538.5540
103 103.7909 318.7818
104 120.7629 338.7155
105 137.5644 362.6218
106 194.1356 707.5266
107 240.0672 360.1587
108 230.3755 318.9292
109 219.8765 281.1856
110 130.6940 462.2943
111 77.7278 486.5619
112 228.8474 447.1929
113 99.2906 433.9310
114 244.8657 470.8463
115 241.9034 527.4477
116 53.3982 505.3920
117 93.4359 494.7272
118 122.6463 496.8524
119 167.1480 492.1887
120 200.9736 483.6321
121 226.4560 473.1138
122 277.6418 438.5639
123 53.0329 544.3004
124 81.9537 434.2628
125 295.6277 548.5188
126 228.4021 502.0210
127 29.0076 488.9259
128 244.9710 460.5127
129 212.4418 541.7238
130 109.8720 447.2661
131 239.7450 515.7277
132 42.6002 631.3585
133 227.8055 440.9571
134 261.9711 501.5465
135 106.5870 720.1171
136 110.3179 754.4731
137 33.3524 564.9143
138 78.1901 693.5674
139 48.3724 437.3445
140 203.3485 798.7168
141 297.6364 555.6014
142 205.6689 518.1403
143 57.6664 471.0289
144 153.3178 451.8752
145 174.1614 451.5057
146 183.6302 674.7613
147 54.3321 587.7754
148 250.5566 835.9401
149 173.7393 802.7863
150 143.7360 781.9035
151 292.8525 318.0728
152 306.5221 840.7928
153 193.1495 449.4237
154 210.9554 445.6912
155 222.2625 443.1155
156 66.0481 434.2964
157 207.3449 433.1320
158 187.5645 431.3013
159 168.8621 431.5445
160 148.8896 435.0086
161 134.9538 439.9070
162 33.0623 437.3809
163 138.8034 450.8882
164 306.3596 579.7206
165 212.3925 592.9172
166 242.8120 545.2279
167 266.3847 582.8880
168 298.1223 411.7490
169 137.6779 749.2350
170 168.8484 773.5334
171 249.8724 816.1586
172 84.2182 725.3200
173 221.4001 437.2056
174 262.6079 470.2166
175 306.5914 821.6113
176 208.1195 821.7935
177 39.3083 611.9384
178 243.7903 687.2416
179 238.5022 693.0375
180 233.1435 702.2543
181 229.1170 713.9230
182 222.4782 730.7118
183 197.5486 644.0313
184 188.9619 641.4977
185 181.3807 637.9500
186 165.0720 626.8617
187 84.5396 590.6203
188 262.0410 453.6443
189 247.3367 422.7454
190 232.3836 427.3675
191 204.4356 641.5952
192 83.0625 651.3591
193 268.1610 417.7073
194 214.2326 748.2985
195 304.0052 468.0546
196 280.3563 456.4241
197 302.0957 450.2176
198 245.4434 501.5225
199 306.4437 796.3593
200 305.8468 769.9894
201 257.5289 766.3055
202 157.5291 692.7189
203 192.9241 561.4023
204 182.4234 723.6440
205 137.0537 563.6269
206 169.0475 585.2228
207 116.7208 601.6555
208 251.8789 791.4394
209 229.0160 514.8097
210 141.9959 716.4353
211 173.2063 745.3848
212 138.2080 659.2069
213 60.6208 627.4892
214 111.7484 671.1541
215 53.2835 655.9137
216 147.3696 613.5998
217 246.1751 486.3320
218 250.7389 536.0985
219 231.8279 543.8551
220 262.3747 519.9751
221 228.7730 405.5577
222 190.2984 395.0015
223 156.9199 394.7934
224 128.6897 401.6587
225 108.6742 414.6432
226 96.0578 455.0659
227 32.4174 521.7954
228 114.1994 476.5495
229 138.9505 478.7076
230 170.0339 477.0738
231 199.7204 471.4724
232 222.9891 463.3703
233 238.6497 455.1783
234 32.2298 535.7708
235 231.4862 550.3528
236 264.0281 485.1215
237 269.8472 534.5810
238 283.2839 547.0877
239 269.4198 539.6238
240 236.9863 557.3612
241 287.9718 547.9979
242 289.5376 554.5835
243 237.1970 439.7582
244 250.7549 442.6771
245 258.5298 443.4724
246 126.0675 443.4899
247 111.0437 433.4009
248 323.6667 471.6239
249 459.5177 439.6624
250 329.4122 550.4979
251 532.4439 383.9212
252 394.0604 454.4638
253 417.2206 456.0646
254 439.3940 455.6034
255 469.4512 447.5282
256 374.8533 449.2077
257 423.0128 399.7425
258 398.3113 401.4891
259 447.2358 403.6100
260 463.5651 412.5162
261 487.1035 461.4510
262 402.6953 768.2491
263 467.4563 436.2955
264 546.0500 467.8325
265 509.2710 452.4135
266 423.8465 530.4117
267 345.8141 605.0286
268 341.8126 628.5713
269 384.5334 612.6209
270 408.1657 623.3606
271 370.0094 630.4498
272 390.6667 635.1866
273 433.5658 678.0094
274 328.3538 534.8703
275 330.2509 513.6205
276 494.4799 396.4251
277 370.6342 481.5995
278 384.4937 533.7617
279 384.7761 523.8569
280 491.0099 529.4188
281 327.5186 490.1065
282 439.9473 368.2315
283 471.9472 377.9631
284 509.1527 343.1242
285 342.4599 383.8452
286 377.3665 408.8174
287 450.5180 646.0501
288 529.1924 672.1597
289 367.0139 546.3437
290 347.2826 554.3578
291 434.3077 649.4829
292 421.4928 650.6391
293 483.2072 367.2660
294 386.2443 544.3442
295 397.2839 368.4535
296 400.8493 352.4521
297 418.5943 287.2390
298 495.6450 354.3641
299 407.6746 317.6175
300 506.3567 391.0835
301 519.3823 388.6738
302 344.6719 618.5005
303 377.0980 622.9919
304 399.7066 629.0663
305 361.5213 550.8672
306 428.3871 650.2721
307 415.6505 669.6864
308 416.7117 650.7689
309 353.2433 537.5639
310 384.9517 634.1114
311 364.0658 631.4252
312 338.1217 631.2049
313 347.4137 746.7000
314 347.2143 726.0104
315 345.2042 712.6285
316 342.0756 700.4033
317 338.4634 692.2711
318 386.5539 677.4916
319 391.8804 680.2744
320 399.4420 685.7177
321 405.3528 692.4235
322 419.9331 603.3168
323 547.8740 570.0823
324 400.0548 668.9399
325 408.3581 668.5402
326 340.3283 563.9119
327 379.6433 558.3022
328 343.6707 559.3614
329 396.4117 492.8563
330 435.5517 504.9256
331 389.6063 534.4036
332 472.9704 309.7980
333 460.4430 329.7582
334 447.2796 353.8287
335 412.7281 704.1769
336 348.4792 356.8471
337 354.1251 315.7291
338 360.0591 277.6127
339 458.5968 452.9276
340 510.5450 475.9104
341 362.6931 443.3147
342 486.4789 424.0137
343 353.0787 467.9692
344 368.1609 524.3841
345 534.1031 493.9124
346 497.6028 484.7572
347 470.6327 488.3149
348 427.3591 485.8311
349 394.0185 478.7609
350 368.7154 469.3099
351 322.0166 437.4466
352 537.2988 532.4521
353 503.1429 423.5007
354 319.8208 548.1006
355 372.5827 498.3744
356 550.1661 477.2968
357 350.4475 457.6185
358 391.8335 537.5487
359 476.3229 437.1018
360 368.0038 512.4873
361 543.2568 619.3909
362 362.8807 436.8971
363 347.4337 499.2694
364 491.4177 709.8992
365 486.8583 744.0993
366 553.5643 552.7235
367 516.1132 681.8390
368 533.2932 425.9005
369 405.8110 794.4700
370 316.9729 555.1288
371 394.7776 513.5379
372 526.8856 459.6105
373 436.7367 443.5289
374 416.4031 444.4059
375 422.3369 671.5488
376 537.3863 576.0641
377 361.0420 833.7807
378 431.7559 796.6442
379 458.1345 773.6440
380 397.1189 443.4778
381 379.4304 440.7174
382 368.3872 438.8390
383 517.5612 423.2483
384 381.2625 427.6456
385 399.8997 424.6442
386 418.3030 423.5053
387 438.0554 425.7997
388 451.9479 430.1387
389 545.4293 426.1326
390 450.1342 441.7496
391 395.7495 589.0129
392 367.2285 542.3057
393 345.1062 581.0525
394 464.2624 741.1317
395 436.3732 767.0322
396 362.4437 814.0535
397 509.0374 713.9772
398 368.4878 432.9946
399 339.4882 468.2077
400 401.1415 817.6775
401 549.5950 599.6335
402 365.1106 685.8776
403 370.6500 691.6035
404 376.0308 700.8092
405 380.4119 712.5300
406 385.9887 728.7421
407 409.5112 640.9196
408 418.1050 637.8765
409 425.2758 633.8430
410 440.1629 621.4185
411 510.7794 580.3212
412 336.6379 451.7054
413 344.5436 419.8831
414 358.1176 423.4881
415 402.4117 638.6617
416 512.6105 640.4667
417 326.6673 416.2484
418 393.8536 745.1032
419 323.1352 455.2803
420 358.9642 498.6426
421 352.8992 764.8484
422 446.4886 686.7623
423 411.0651 556.3627
424 423.4938 718.9561
425 462.0323 556.1548
426 434.1660 579.3476
427 482.2259 593.0470
428 359.8524 789.6612
429 374.6860 511.2808
430 460.8903 709.1137
431 432.2656 739.5630
432 464.0502 651.9532
433 532.0618 615.6089
434 487.6299 662.0228
435 537.5817 643.5074
436 455.0292 606.8721
437 355.3461 483.4177
438 361.0806 533.5078
439 377.4470 540.4678
440 350.3148 517.8434
441 361.0056 401.4207
442 397.3590 388.6131
443 429.9810 386.6698
444 457.8126 392.5541
445 477.2186 404.8893
446 490.2152 444.7022
447 551.9542 509.6417
448 475.8983 467.2217
449 452.7638 470.6091
450 422.7409 470.4493
451 393.2102 466.2246
452 370.2498 459.3793
453 354.8878 451.7990
454 548.8405 524.1518
455 377.1413 546.9285
456 341.9505 483.1567
457 344.1918 532.8895
458 330.6995 545.9329
459 343.7218 537.9463
460 371.4786 554.4021
461 326.8848 547.2893
462 324.3613 553.9215
463 354.1909 436.2438
464 342.5646 440.0009
465 336.7730 441.2544
466 460.6161 433.6494
467 474.9375 423.5874
