# Image: /home/yaroslav/Projects/Diia.AIContest-AdAstrum/fixtures/FLUXSynID-processed/01382684b15b/01382684b15b_f_live_0_a_d1.jpg
# Mode: stream
# Status: fail
# Errors: image_blurry_or_out_of_focus: Image is blurry (sharpness score: 36.86); strong_shadows_on_face: Strong shadows or uneven lighting detected (difference: 41.1); face_not_looking_straight_at_camera: Head is turned 177.5° (max: 15.0°); face_not_looking_straight_at_camera: Head is tilted up/down 15.2° (max: 10.0°); head_is_tilted: Head is tilted 16.7° (max: 10.0°)

# 2D Landmarks (index x y)
0 336.7569 633.8229
1 351.6960 558.1166
2 338.5387 582.2637
3 326.4191 486.8629
4 353.4698 535.1715
5 350.2878 506.6913
6 337.3419 440.1182
7 167.1380 432.9289
8 334.4039 387.1172
9 335.7444 359.4700
10 331.1266 273.5643
11 335.6700 644.9598
12 333.2373 654.0479
13 330.1675 658.4501
14 329.0170 670.1427
15 329.5800 679.9456
16 329.2954 692.2844
17 327.4051 705.1567
18 321.3752 725.7103
19 347.4356 570.4590
20 321.2550 570.2796
21 64.3807 358.8913
22 230.5661 452.2177
23 208.7800 453.5775
24 186.9477 452.6678
25 156.0535 440.6365
26 249.2063 446.9567
27 204.9630 394.4483
28 228.1405 396.4798
29 181.9536 397.4156
30 165.4925 405.2481
31 135.6418 456.1116
32 230.0468 757.8004
33 158.0056 427.3703
34 50.9590 448.7258
35 107.4554 441.2870
36 217.0581 542.3517
37 308.9738 630.3341
38 309.3201 654.3215
39 277.0962 639.3670
40 255.2132 650.3932
41 286.2225 657.1147
42 267.6448 661.1304
43 216.4195 687.3391
44 332.9202 557.4305
45 331.2562 535.4251
46 131.8756 383.5570
47 261.9703 487.9848
48 268.7886 554.0527
49 265.0519 542.3920
50 145.6152 539.9895
51 329.6160 508.8528
52 191.6311 358.3173
53 158.3916 366.7554
54 97.4619 321.1771
55 288.4877 378.8133
56 247.6505 404.5920
57 201.4365 666.3065
58 43.0876 657.4393
59 283.6894 566.7979
60 301.8896 573.5388
61 227.8498 669.2751
62 238.1653 667.6127
63 144.4511 353.6733
64 264.6013 564.6132
65 234.3428 360.5733
66 231.5136 344.2830
67 204.8668 276.1270
68 122.1051 337.6217
69 221.4550 309.8328
70 115.4059 375.4293
71 90.4739 368.7757
72 309.2615 644.0042
73 282.7508 650.1960
74 262.1051 656.1680
75 288.2497 571.1508
76 233.5212 668.9486
77 243.2803 672.7112
78 239.9282 665.9308
79 301.4455 558.5741
80 270.1323 660.1745
81 288.0573 658.7960
82 308.8673 658.0748
83 290.9965 724.6170
84 298.5422 703.0760
85 302.1511 689.8078
86 304.8212 677.3329
87 306.1178 669.3175
88 265.2781 668.2524
89 262.1930 671.4401
90 256.7581 677.5257
91 250.9932 685.0198
92 235.5533 624.3068
93 25.2354 546.5767
94 343.1552 575.5521
95 252.8227 668.1116
96 248.8895 669.6935
97 309.3835 583.0760
98 269.4825 578.9272
99 305.9112 578.5649
100 237.4639 500.5073
101 201.0371 514.7310
102 258.7286 552.9390
103 142.6363 292.4750
104 163.6445 316.6457
105 183.6112 342.5487
106 235.2364 701.5332
107 284.0739 351.6889
108 276.1959 312.5554
109 265.6627 271.3788
110 167.5552 448.6666
111 109.0263 472.0406
112 261.3939 441.2997
113 138.3910 413.2688
114 279.4872 473.7660
115 287.1648 544.7460
116 78.6436 487.4375
117 127.6374 486.8586
118 159.5958 494.5939
119 203.4891 491.0904
120 234.8432 482.2744
121 258.8709 472.2088
122 315.5254 445.0043
123 80.5680 533.1463
124 117.7963 410.2555
125 335.9958 569.4878
126 265.9499 509.1601
127 30.1289 449.8818
128 277.5396 460.6545
129 253.0528 554.8610
130 148.6928 427.9427
131 283.4957 530.8364
132 27.8933 600.1483
133 260.4059 433.6044
134 306.6209 517.2985
135 113.8071 709.8263
136 102.2032 737.4818
137 42.3381 540.6628
138 82.0639 678.8756
139 69.5590 405.6807
140 219.9118 782.4875
141 334.1664 574.5479
142 244.0962 525.4623
143 83.7560 446.1935
144 190.7949 439.5923
145 210.0330 441.6151
146 236.7537 676.7798
147 80.2058 577.4816
148 259.3813 815.0152
149 178.5620 786.3374
150 142.7020 766.6987
151 334.2741 317.4809
152 309.6085 818.2108
153 227.8238 440.7320
154 244.4010 437.6610
155 255.0830 435.6562
156 97.3406 407.1170
157 242.7783 421.4332
158 224.0661 416.4473
159 206.0928 415.2050
160 186.9224 417.4810
161 173.8644 421.7003
162 42.9048 399.1484
163 177.3222 436.3560
164 336.9472 598.4432
165 257.7387 610.5289
166 285.4145 562.8491
167 305.7298 601.4275
168 333.3258 414.0395
169 147.7543 738.9031
170 181.5426 761.5082
171 265.2387 796.7638
172 69.9233 703.5264
173 255.3629 428.5267
174 301.8779 478.5825
175 315.5018 800.0728
176 217.0877 803.2504
177 44.7867 589.8488
178 284.6084 668.3553
179 281.2866 674.2549
180 277.1507 683.5267
181 272.5232 695.4317
182 259.6601 714.8651
183 250.4879 664.5105
184 244.3324 662.9334
185 237.6909 659.5324
186 215.5363 643.4921
187 120.1511 588.3728
188 298.0139 457.8980
189 281.2294 417.9520
190 265.9900 420.8279
191 254.3398 661.4519
192 106.0393 644.3717
193 303.9310 416.4970
194 243.7621 735.3019
195 345.6956 483.6129
196 320.6171 466.9392
197 341.5669 462.4959
198 285.7144 512.5396
199 319.0056 775.3284
200 320.2626 748.0072
201 282.2378 746.6365
202 190.0201 695.0895
203 232.7782 572.4472
204 213.2298 718.5604
205 180.5548 568.0832
206 211.3999 594.5244
207 156.0402 604.8970
208 273.0584 772.6460
209 268.4982 525.5584
210 164.0744 712.3124
211 195.4225 737.0755
212 174.6960 667.0870
213 81.2546 616.5211
214 138.8215 669.9365
215 55.1801 636.1398
216 190.6005 625.0094
217 283.9901 493.5418
218 295.1959 554.7386
219 276.1377 561.2620
220 308.7170 539.0794
221 265.4908 397.2398
222 231.3331 383.5478
223 200.5931 380.6803
224 173.2924 384.6924
225 152.2330 395.1900
226 130.9826 434.8398
227 43.7174 493.8162
228 149.5653 464.7765
229 173.9351 470.9955
230 204.4756 470.8297
231 232.6374 466.0398
232 254.6420 459.0202
233 270.3182 452.1130
234 26.8061 497.9177
235 274.2320 567.7746
236 305.9201 497.2793
237 314.5491 555.1076
238 322.7808 566.6602
239 311.8775 559.3559
240 278.5515 574.8886
241 328.3548 568.2452
242 326.5290 573.4109
243 269.6017 434.5690
244 283.1008 440.2704
245 292.2345 443.7052
246 165.5360 424.8658
247 152.1146 414.5576
248 361.6068 487.6863
249 456.7630 441.9731
250 360.6351 571.0878
251 499.8869 379.2358
252 402.5622 458.2842
253 422.0271 460.8014
254 439.9662 460.7897
255 461.2686 450.1872
256 386.6737 452.2558
257 431.8503 403.7404
258 410.5376 404.8477
259 450.9239 407.5775
260 462.1200 416.1015
261 473.8622 466.9273
262 390.1154 755.3892
263 462.3266 437.0707
264 506.3232 464.1102
265 489.2243 453.7991
266 423.3439 547.1608
267 360.8076 630.8693
268 352.1769 654.7297
269 382.0044 639.5743
270 392.5321 650.8861
271 367.2201 657.2701
272 377.2099 661.6057
273 407.7242 688.0586
274 367.6323 558.4074
275 371.6653 536.5232
276 487.8292 396.3665
277 385.1606 491.7489
278 399.5363 556.3127
279 398.8556 544.9321
280 472.3475 547.7875
281 367.6280 509.9102
282 454.8113 369.7933
283 475.9720 378.9619
284 490.7517 341.4203
285 375.0352 383.0254
286 391.6152 411.5756
287 422.4838 667.9449
288 477.6989 661.0097
289 383.7815 568.3509
290 368.9256 574.5317
291 401.1891 670.6418
292 390.9860 668.2557
293 483.9580 367.3233
294 396.6321 566.6220
295 422.5815 369.4252
296 427.2648 353.7408
297 434.0541 290.0246
298 488.2910 354.2024
299 430.2191 321.4888
300 495.0134 389.7687
301 498.3431 386.1088
302 357.3758 644.3681
303 374.4953 650.1973
304 385.4161 656.5397
305 378.2463 572.2403
306 396.1572 670.0159
307 390.5874 673.7350
308 387.8188 666.4914
309 380.2516 560.2938
310 370.7005 660.5683
311 360.2016 659.0255
312 346.5713 658.3562
313 348.0766 724.5408
314 352.2980 703.4101
315 352.5729 690.0371
316 350.7503 677.7871
317 347.9738 669.6427
318 373.8720 668.8243
319 377.6928 672.1559
320 382.9285 678.3940
321 386.9815 685.9378
322 409.3901 626.1159
323 491.3060 557.6015
324 379.9702 668.7491
325 385.2622 670.4967
326 362.6764 583.5279
327 387.6888 580.1877
328 365.8249 579.3747
329 403.5485 505.3254
330 433.2214 520.9662
331 399.0250 555.2056
332 470.9410 311.0694
333 467.4506 331.8673
334 461.5414 354.9381
335 392.8283 701.5680
336 383.6704 357.0779
337 386.8867 319.0388
338 389.2383 278.9817
339 453.8269 457.5054
340 490.7353 483.9442
341 376.8186 445.8092
342 477.2781 424.9735
343 373.8717 476.8886
344 392.8599 547.2908
345 505.7083 500.0686
346 482.5626 497.4935
347 462.1889 503.5781
348 427.9303 497.9806
349 402.0260 487.6693
350 382.9797 476.4217
351 354.3651 446.5907
352 505.3280 543.3349
353 489.1039 423.2894
354 357.2887 570.0379
355 386.5827 512.2814
356 497.2983 466.4616
357 369.6364 463.9330
358 396.9325 557.3607
359 467.2382 438.2755
360 391.0186 533.2407
361 488.0710 607.8262
362 376.1537 437.9101
363 380.3593 519.0806
364 460.1983 708.8608
365 451.1134 734.7035
366 509.1133 551.6080
367 477.9471 680.5558
368 502.1257 422.5781
369 393.0815 778.8601
370 351.0880 574.9993
371 401.1997 529.1707
372 499.8890 459.8472
373 439.8428 447.7369
374 422.9856 448.9281
375 395.3565 677.8543
376 499.8863 585.5389
377 354.6264 812.7142
378 409.0201 781.4306
379 429.3632 761.9275
380 406.1388 447.2957
381 390.8230 443.2771
382 381.0737 440.4859
383 497.4078 421.5427
384 392.2979 427.2933
385 409.0111 423.6921
386 426.3911 422.9350
387 443.1981 425.8816
388 453.2085 430.6292
389 501.8492 418.4843
390 450.2040 445.0882
391 396.1422 611.8083
392 386.1444 564.8405
393 363.7650 601.7972
394 438.6228 735.8453
395 416.7722 757.2422
396 360.2436 794.8477
397 464.9203 703.7564
398 381.3880 433.3030
399 368.6580 480.5482
400 385.8406 799.1271
401 503.2895 597.8160
402 362.9080 668.9752
403 366.6120 674.8586
404 370.3221 684.4414
405 372.6691 696.0607
406 373.8217 714.8272
407 385.2461 665.1287
408 392.8236 663.7590
409 399.2503 660.5199
410 419.2126 645.5960
411 481.3767 594.8334
412 363.6600 460.2846
413 365.3687 421.5457
414 374.2459 425.4239
415 379.2411 662.0342
416 477.3581 647.8566
417 355.1557 418.8447
418 381.2576 733.8733
419 358.7143 468.1696
420 381.4629 514.8661
421 352.6537 745.7101
422 424.4258 695.2523
423 410.9858 575.5095
424 404.6559 717.3581
425 449.4938 573.6440
426 426.2739 597.9788
427 460.6381 609.6747
428 359.1140 771.2873
429 389.1304 528.3530
430 437.1996 711.1753
431 413.8864 734.4821
432 440.1828 668.9051
433 492.6118 622.2321
434 459.0999 671.7558
435 493.5503 641.1096
436 436.7023 628.4453
437 376.9699 496.0985
438 387.0135 556.7956
439 394.0751 563.4309
440 384.1594 540.8205
441 382.6231 402.4127
442 414.8150 391.4220
443 441.7257 390.6623
444 462.3701 395.9359
445 473.9773 406.9497
446 476.7373 445.9651
447 510.0873 507.5363
448 466.2837 474.7763
449 449.1144 479.6103
450 425.2215 477.9333
451 401.2955 471.7502
452 383.0029 463.6000
453 370.9711 455.9455
454 492.1036 511.8808
455 390.7095 569.4592
456 373.1680 498.8237
457 378.5428 556.6054
458 364.5333 567.4118
459 375.2525 560.7096
460 383.8282 576.1863
461 362.6418 569.1817
462 356.9414 573.9895
463 369.9813 438.4926
464 361.6662 443.5130
465 359.7647 446.4316
466 458.5640 434.3376
467 468.6333 425.3197
