# Image: /home/yaroslav/Projects/Diia.AIContest-AdAstrum/fixtures/FLUXSynID-processed/01382684b15b/01382684b15b_f_live_0_p_d1.jpg
# Mode: stream
# Status: fail
# Errors: face_not_looking_straight_at_camera: Head is turned 176.8째 (max: 15.0째); head_is_tilted: Head is tilted 12.5째 (max: 10.0째); face_too_small_in_frame: Face occupies only 37.3% of frame (min: 50.0%)

# 2D Landmarks (index x y)
0 313.3922 573.8367
1 310.1597 505.2220
2 310.7583 528.1700
3 291.8278 445.0930
4 309.1456 485.3901
5 307.6337 460.7439
6 304.0672 402.8594
7 176.8242 410.2795
8 301.5149 356.8304
9 300.5057 331.3226
10 296.2655 249.4335
11 313.8978 583.5755
12 314.2015 590.9545
13 314.2280 593.9434
14 314.4148 594.1909
15 314.9071 601.1034
16 315.4112 610.4022
17 315.8131 620.6297
18 316.2764 639.4389
19 310.4176 516.0653
20 295.2571 516.9405
21 110.3542 350.5195
22 228.2525 424.8774
23 210.4291 427.3885
24 193.6646 427.2659
25 171.1008 418.3975
26 243.4097 418.7482
27 204.1638 377.1454
28 222.6416 377.4907
29 186.8841 381.0446
30 175.1984 388.4798
31 157.3522 432.3711
32 251.2588 675.6284
33 170.7582 405.7435
34 105.1012 431.0496
35 136.9850 421.1962
36 221.9389 501.9354
37 292.3231 572.1894
38 296.2271 591.7406
39 271.0434 580.4390
40 256.7955 589.9656
41 280.6405 594.3816
42 267.6719 597.6338
43 234.7942 619.8933
44 295.8251 505.7727
45 292.5228 487.1808
46 145.5176 369.0058
47 254.3333 451.8379
48 256.4264 507.6172
49 254.4389 498.0693
50 168.3891 504.7072
51 291.9752 464.0818
52 185.6394 343.5885
53 161.7932 352.6229
54 126.0551 314.1524
55 263.8033 354.2717
56 239.2802 382.7563
57 220.6291 604.0241
58 130.3403 607.5345
59 269.7514 517.2200
60 284.0804 521.8250
61 240.7151 602.9575
62 247.9531 600.8655
63 150.9297 341.2813
64 256.3460 517.0976
65 218.7646 342.6091
66 214.6360 327.3350
67 195.5127 264.2094
68 138.5194 327.1122
69 206.7108 294.6109
70 134.2995 362.4005
71 122.2793 357.3653
72 294.0804 583.7517
73 276.6720 589.0792
74 262.4326 594.1603
75 274.4208 520.5926
76 244.6947 602.1764
77 252.1257 603.2306
78 249.4593 599.7424
79 278.3282 508.0708
80 270.6626 596.5354
81 283.8716 595.2908
82 298.4329 594.4077
83 293.4097 641.1629
84 294.5076 621.0590
85 295.0785 609.8794
86 295.8729 600.8947
87 296.9079 595.0175
88 267.3706 597.9476
89 265.2222 600.1291
90 262.0541 604.9654
91 258.9635 611.6315
92 240.6330 569.1866
93 107.6482 517.2677
94 310.4841 520.9817
95 258.8004 599.4726
96 255.7906 600.5464
97 290.0254 530.0080
98 263.1126 528.9411
99 287.1946 526.0296
100 236.4122 464.8389
101 208.2348 479.5893
102 252.0773 507.5301
103 152.6963 284.6871
104 164.8903 305.2728
105 178.1750 329.0669
106 250.3563 629.0303
107 256.8830 329.4428
108 250.0066 291.7760
109 241.9995 253.8575
110 179.3582 424.7675
111 139.0880 447.9762
112 253.0099 412.6662
113 155.3726 395.2387
114 265.8465 437.7538
115 266.4147 498.1016
116 120.8806 463.1956
117 152.1887 460.0868
118 175.7382 464.9835
119 209.3727 459.3392
120 233.8520 449.6105
121 252.2208 438.7609
122 287.7113 409.2129
123 126.0112 502.6538
124 140.1812 393.4969
125 302.0012 515.6945
126 257.6251 469.5772
127 100.0713 433.6743
128 265.4608 426.7331
129 250.4680 509.8305
130 165.4976 407.8872
131 264.7828 486.7130
132 115.1901 562.1245
133 252.8089 405.2403
134 277.7508 473.1655
135 172.0659 643.9930
136 173.5411 665.9897
137 108.5864 510.9106
138 148.5929 621.5973
139 113.3022 391.6544
140 247.9360 694.1473
141 304.0023 520.5699
142 242.6191 485.4695
143 121.9290 426.7751
144 194.1342 415.6350
145 209.4759 416.6973
146 248.1610 607.6578
147 131.8121 540.2200
148 281.4641 716.4145
149 226.4485 698.9670
150 202.1574 686.1603
151 298.5069 290.3781
152 318.8952 717.1187
153 224.6967 414.9014
154 238.8401 410.8674
155 248.0977 407.9937
156 127.2755 391.6697
157 236.8021 392.6870
158 221.3263 388.4732
159 206.0030 388.0753
160 190.6071 391.9158
161 180.9450 397.6053
162 102.2149 388.0838
163 183.7256 413.0608
164 311.6294 542.6081
165 256.3160 556.5449
166 269.2303 513.5489
167 288.6165 546.5485
168 302.6152 380.4131
169 197.2930 665.0364
170 221.6470 679.9075
171 280.1189 703.7014
172 150.6811 642.0022
173 247.9018 399.8475
174 277.9952 439.7180
175 318.6499 703.2517
176 252.1742 709.4471
177 116.4450 551.9663
178 281.0209 595.9523
179 278.8302 600.2705
180 276.7490 607.4054
181 275.1028 617.2735
182 269.7259 636.3467
183 255.9635 599.8876
184 250.9768 599.0759
185 245.8151 596.9055
186 227.3237 585.8815
187 156.6233 547.1044
188 277.0010 422.1330
189 265.9703 389.6492
190 255.3592 394.5737
191 259.3461 597.5139
192 156.1875 593.2934
193 280.6920 385.6289
194 259.8413 656.3689
195 306.4744 440.8759
196 289.3981 428.0140
197 305.3058 422.4923
198 268.3601 470.8649
199 318.0542 683.9165
200 317.1823 660.3090
201 287.9094 662.4210
202 217.3259 629.0758
203 236.4460 526.5457
204 236.8101 645.7569
205 195.0645 526.1550
206 220.5960 546.5121
207 181.2406 558.5534
208 282.2864 685.2625
209 258.8541 483.5965
210 202.3884 643.8177
211 226.7348 660.9563
212 201.9407 607.5210
213 138.0391 572.2749
214 179.5844 611.5640
215 127.9956 589.2042
216 207.4330 573.1097
217 268.1491 454.3990
218 272.5765 505.4676
219 262.0569 513.0843
220 278.4592 491.3317
221 250.8723 373.9492
222 221.8147 365.2323
223 197.1482 364.8296
224 176.7691 369.3222
225 162.5643 379.0447
226 153.0304 414.2397
227 104.0291 470.6846
228 167.5439 439.6501
229 185.7364 443.6993
230 209.0532 442.1513
231 231.3748 436.2914
232 248.7766 428.2801
233 260.5744 420.5184
234 103.5680 475.4514
235 262.9029 518.8522
236 279.0863 455.7937
237 284.0643 504.1711
238 294.0718 513.4819
239 284.7344 507.7722
240 268.2150 524.6997
241 296.9844 514.7527
242 298.8412 519.6076
243 259.2488 405.9482
244 269.6115 408.9971
245 275.1098 410.5554
246 175.2594 401.8722
247 166.2208 396.4606
248 321.4030 443.5969
249 428.5233 397.1611
250 325.1019 515.5330
251 484.7034 331.4691
252 379.8805 417.2409
253 397.7997 417.7818
254 414.2184 415.8328
255 434.5002 404.5431
256 364.2719 412.7425
257 398.8933 367.2132
258 380.6502 369.4615
259 416.1676 369.2474
260 428.1146 375.3774
261 449.2571 417.1442
262 383.0333 668.5615
263 433.7344 392.0239
264 497.4269 410.3586
265 467.2655 403.7789
266 395.0888 492.9717
267 334.0417 570.0356
268 332.1228 589.9078
269 355.8293 576.0446
270 370.5837 584.0233
271 347.7279 591.0346
272 360.5822 592.9111
273 394.5408 611.5984
274 324.3389 504.2216
275 325.7016 485.4278
276 454.7469 352.8486
277 357.6214 446.6255
278 362.2827 502.3508
279 363.0627 492.5102
280 447.2343 490.0185
281 323.5332 462.5284
282 414.1374 331.8552
283 437.8525 338.2914
284 467.1760 296.8750
285 338.7789 350.4662
286 364.7165 376.5647
287 406.8092 594.2554
288 487.8337 588.3569
289 350.0419 513.2265
290 336.4224 519.3653
291 387.2285 595.4518
292 379.8231 594.1456
293 447.1310 326.0126
294 363.0736 511.8884
295 381.8534 334.2913
296 384.6652 318.6516
297 396.2166 254.3310
298 457.3283 310.7127
299 389.0947 285.5176
300 464.7110 345.2077
301 475.0151 339.2106
302 333.5302 581.7438
303 351.2754 585.1608
304 365.5951 588.7731
305 345.7530 517.1543
306 383.2282 595.0401
307 376.3029 596.8947
308 378.0684 593.1045
309 341.0607 504.8336
310 357.2948 592.0806
311 344.3398 592.2476
312 329.9142 592.7983
313 339.1523 638.8217
314 336.9808 618.8046
315 335.6022 607.7237
316 333.7687 598.9968
317 331.8470 593.2626
318 360.8628 593.0241
319 363.2941 594.9358
320 367.0253 599.5227
321 370.6642 605.8578
322 384.0967 561.7295
323 500.2701 496.3889
324 369.1325 593.7606
325 372.3354 594.5589
326 331.3930 528.0164
327 357.4646 524.3529
328 333.6826 523.8651
329 376.7405 457.7078
330 406.1399 469.2725
331 366.1446 501.7911
332 439.2075 270.4593
333 430.2927 291.8659
334 420.0134 316.6613
335 380.2567 622.0826
336 343.5541 325.0430
337 346.5663 286.9980
338 350.1404 248.5792
339 427.5195 411.7479
340 468.2984 430.6769
341 354.1947 407.6817
342 447.4970 380.0182
343 344.8839 433.7673
344 351.9336 493.7622
345 486.7676 443.9279
346 457.5476 443.9840
347 435.7853 451.3110
348 402.5174 449.2722
349 377.3465 442.2700
350 358.0369 433.4887
351 320.8242 407.5455
352 486.0212 483.6508
353 461.8325 376.5641
354 318.7888 514.8874
355 356.5324 464.6580
356 500.4068 412.7259
357 343.7571 422.9980
358 367.5882 503.9378
359 438.8383 393.6774
360 351.8766 482.2832
361 497.4247 541.6768
362 353.5545 400.3280
363 338.1941 470.0573
364 454.9468 628.8363
365 454.0486 650.9759
366 501.2919 490.1025
367 474.6162 604.1868
368 486.2854 372.2604
369 387.3583 686.6916
370 316.8211 519.8938
371 372.8364 478.9122
372 481.9425 407.8540
373 412.6282 404.3516
374 397.6834 407.1289
375 380.6731 600.7789
376 483.9752 521.6455
377 355.7046 712.5384
378 407.4178 689.3455
379 429.3683 674.0300
380 382.3889 406.9638
381 368.0305 404.3854
382 358.5974 402.5507
383 473.9250 373.4776
384 368.0597 386.1434
385 382.8076 380.3814
386 397.9025 378.2379
387 413.3947 380.2646
388 423.3249 384.8391
389 495.1670 367.9059
390 422.2594 400.7125
391 367.4236 550.8572
392 350.3348 509.4992
393 334.6689 544.1761
394 433.1342 652.4579
395 411.3025 669.8592
396 356.8427 699.5997
397 472.5301 624.7843
398 357.7931 394.4010
399 333.8901 436.9537
400 383.7771 702.4617
401 497.5847 531.5938
402 347.5896 592.6073
403 350.3008 596.5404
404 353.1034 603.3268
405 355.6898 613.0304
406 362.0657 631.6080
407 372.0955 593.9248
408 377.0357 592.5173
409 381.8681 589.8446
410 398.5553 576.8257
411 461.9026 530.9688
412 332.4856 419.3670
413 339.2949 386.1325
414 349.9058 389.9645
415 368.3847 591.9024
416 465.8681 576.9144
417 324.8188 383.4883
418 373.1279 650.3295
419 321.5864 426.3981
420 346.4653 466.9198
421 346.3392 659.2670
422 411.9042 618.7505
423 383.2335 519.0292
424 394.3923 637.4263
425 423.8569 514.1433
426 401.0469 537.0628
427 440.1748 544.8926
428 353.6289 681.4985
429 356.8009 478.7030
430 427.1050 631.7859
431 405.3396 651.4116
432 424.7350 595.7200
433 480.6889 554.1001
434 445.9493 597.4636
435 490.5315 569.8870
436 416.4804 562.1205
437 344.7483 450.5504
438 346.5724 501.6928
439 357.4006 508.2665
440 339.7593 488.2279
441 352.8876 368.9339
442 380.6516 357.1737
443 404.7841 354.1361
444 425.0550 356.5270
445 439.4346 364.6597
446 451.3785 398.6193
447 501.9647 449.7440
448 440.5754 425.2617
449 423.5834 431.2431
450 400.7358 432.2110
451 378.0338 428.7401
452 360.0907 422.7520
453 347.7125 416.2587
454 500.3558 454.5519
455 356.8438 514.2571
456 334.7268 452.9737
457 335.5682 501.4768
458 326.1812 511.8947
459 335.0192 505.1993
460 352.0525 520.6987
461 323.7156 513.4573
462 321.8366 518.5864
463 347.4147 401.7268
464 337.6295 405.7932
465 332.7332 407.9477
466 429.1518 388.5935
467 437.2890 382.3405
