# Image: /home/yaroslav/Projects/Diia.AIContest-AdAstrum/fixtures/FLUXSynID-processed/00194c971ca4/00194c971ca4_m_live_0_a_d1.jpg
# Mode: stream
# Status: fail
# Errors: image_blurry_or_out_of_focus: Image is blurry (sharpness score: 61.15); strong_shadows_on_face: Strong shadows or uneven lighting detected (difference: 31.1); face_not_looking_straight_at_camera: Head is turned 177.6째 (max: 15.0째); head_is_tilted: Head is tilted 14.4째 (max: 10.0째); face_too_small_in_frame: Face occupies only 48.9% of frame (min: 50.0%)

# 2D Landmarks (index x y)
0 272.0213 642.4499
1 258.8802 556.5658
2 269.8176 583.6764
3 248.8293 486.7679
4 257.9079 533.8441
5 261.7147 505.8564
6 276.0985 438.8157
7 146.4518 441.4458
8 281.5123 381.0354
9 281.3947 350.8899
10 286.9440 259.9618
11 272.8977 654.5366
12 275.1058 663.7282
13 277.8902 667.1179
14 277.9546 684.2948
15 276.9703 694.5283
16 276.7809 706.6906
17 277.9266 719.8702
18 282.4540 734.3997
19 261.9012 568.8337
20 245.5337 568.6297
21 111.1116 368.3418
22 202.9438 460.4394
23 182.6311 462.3877
24 163.8578 460.8884
25 142.2608 448.8580
26 220.1304 454.2770
27 173.9780 399.6932
28 196.8435 401.6227
29 153.6411 403.2150
30 141.3539 412.1423
31 129.9538 463.0411
32 210.5904 751.2491
33 141.0246 435.8423
34 102.6366 456.0021
35 115.7317 447.9975
36 176.7211 544.8467
37 242.6921 637.8454
38 249.9527 662.6477
39 215.4492 643.1558
40 200.9499 651.1751
41 230.0270 662.4158
42 216.0918 663.6535
43 182.8929 684.8099
44 241.1028 555.7099
45 237.2925 534.6869
46 117.0879 388.5006
47 219.7698 490.8998
48 198.5514 552.7714
49 199.4747 541.8092
50 126.6207 542.8180
51 242.0082 508.3872
52 151.7838 360.9957
53 129.5934 370.1148
54 118.9409 329.0502
55 236.0002 376.4441
56 216.8078 409.8401
57 167.9011 661.1655
58 137.3066 647.2921
59 214.7865 564.7637
60 232.9881 573.4468
61 184.3759 665.3975
62 195.2019 665.7220
63 122.5582 357.2454
64 200.1259 563.5704
65 185.2697 361.0777
66 181.5225 343.7866
67 176.1630 274.7292
68 119.9702 342.8876
69 179.9189 308.8237
70 110.9121 380.4945
71 110.4356 375.7426
72 245.3551 652.0484
73 223.0915 654.5975
74 208.0733 657.4968
75 220.8690 569.8546
76 189.3691 665.9368
77 197.4292 674.5277
78 199.4930 664.6540
79 222.8198 555.1021
80 222.7653 662.6236
81 237.2154 663.9107
82 255.4307 665.5753
83 251.0887 732.5238
84 246.7122 716.3555
85 247.1839 703.0823
86 249.6129 690.5939
87 253.0219 682.2566
88 218.1605 674.9875
89 213.8558 677.6996
90 207.7403 683.4866
91 203.6899 690.2572
92 187.0440 623.9103
93 121.6949 547.8445
94 265.7304 574.8173
95 209.9555 671.3382
96 203.4763 672.5801
97 240.5271 584.1413
98 209.5309 578.2674
99 236.7951 579.0588
100 199.1234 503.8853
101 167.8396 518.2590
102 198.3181 552.3753
103 138.0407 297.0138
104 141.2058 319.6751
105 145.9411 344.5634
106 200.9808 701.6359
107 228.4559 347.7134
108 226.1538 306.8443
109 224.1962 263.7668
110 149.5850 456.9012
111 113.1391 478.1909
112 231.1813 447.9268
113 127.0380 419.9811
114 233.6494 476.3279
115 208.7772 542.7610
116 99.4367 492.6524
117 120.0634 492.3739
118 139.5401 499.3256
119 174.6805 495.8809
120 201.9646 486.9127
121 222.9271 476.2792
122 257.4498 445.2672
123 98.1898 535.5830
124 115.9369 416.4175
125 251.3759 567.9977
126 216.6128 510.7410
127 114.0448 457.3243
128 238.0581 463.9130
129 200.0737 554.5412
130 136.3423 436.2376
131 210.4926 529.8159
132 126.3539 596.0155
133 232.5552 439.9675
134 225.8158 516.7608
135 149.8078 696.3714
136 163.5677 719.1027
137 100.3643 542.2388
138 132.8458 668.0435
139 106.7784 413.5061
140 210.9482 769.3519
141 256.8293 574.0134
142 199.5995 527.4095
143 106.0893 452.8525
144 163.9088 449.1348
145 181.6143 451.0964
146 192.3889 677.6150
147 103.6154 577.0468
148 248.9556 799.5632
149 199.9182 766.9514
150 182.8840 746.7097
151 283.2270 306.6001
152 291.3445 806.3726
153 199.5731 449.6981
154 216.4851 445.6746
155 227.1049 442.6172
156 108.8539 413.3813
157 215.1879 426.0132
158 197.4227 420.7437
159 178.8106 419.4482
160 160.9084 422.5385
161 150.2467 427.9801
162 109.5866 408.6056
163 153.0205 445.4419
164 271.7826 603.0671
165 201.6015 611.1036
166 213.1941 560.5122
167 239.8917 605.3232
168 280.8344 410.7687
169 169.4883 724.3489
170 189.6067 746.1276
171 242.6934 787.4965
172 149.7876 688.5930
173 226.9362 434.0279
174 239.9457 479.5004
175 286.5801 793.2806
176 220.1764 785.3413
177 107.2322 587.3877
178 233.1497 678.7095
179 228.5851 684.6326
180 224.1327 693.9323
181 221.6718 705.2850
182 221.8652 718.8224
183 203.5205 664.1352
184 195.7828 661.4252
185 189.5272 657.3889
186 174.1273 641.1656
187 118.5903 588.3386
188 246.0383 459.3270
189 244.0994 420.7713
190 234.6698 425.8672
191 210.9058 662.0134
192 126.1929 638.9460
193 256.4396 416.0551
194 216.7591 733.4008
195 266.7279 482.9660
196 252.3013 467.2627
197 271.2461 462.0143
198 222.5529 512.9187
199 284.1019 774.1843
200 283.3251 752.0999
201 247.3001 749.0642
202 172.7499 689.6437
203 186.4617 572.9821
204 193.0758 713.7548
205 148.9408 570.3516
206 171.8246 595.1638
207 137.3875 604.5677
208 242.2434 769.9568
209 211.8419 525.9270
210 165.0193 702.9819
211 188.1706 727.3217
212 156.1229 661.6830
213 112.5581 612.9105
214 142.1430 663.1008
215 117.7252 629.4642
216 159.6935 623.2402
217 228.8820 494.9348
218 215.2421 551.6301
219 204.4285 559.3237
220 221.6206 537.1611
221 226.3457 399.7779
222 192.2281 387.0598
223 163.8261 385.2060
224 142.3042 389.6835
225 130.0982 401.1803
226 128.0591 442.0155
227 99.0183 498.7024
228 137.0670 471.8237
229 154.2023 477.3509
230 178.6894 477.5380
231 203.6061 472.3971
232 223.4826 464.6665
233 236.8805 456.7881
234 119.3656 502.5034
235 206.7640 566.1697
236 234.3828 497.5110
237 227.6137 552.2453
238 242.8190 564.3406
239 230.1850 556.0778
240 214.2107 573.9746
241 245.4083 566.5527
242 250.0770 572.3671
243 238.7134 440.2904
244 247.4043 443.9963
245 249.9110 445.9695
246 144.6584 432.0255
247 134.8047 422.0492
248 287.5903 487.0063
249 457.4785 440.2736
250 289.9989 569.2697
251 550.9110 362.7154
252 388.8547 458.8868
253 411.9357 461.0648
254 434.5505 460.2520
255 466.6581 447.7533
256 369.3484 452.7338
257 419.3670 396.1805
258 393.6863 398.2950
259 444.0485 400.1090
260 461.1911 409.2233
261 483.7425 462.4249
262 374.9934 758.0197
263 466.6626 434.1420
264 559.1495 454.5688
265 510.6806 446.6101
266 400.9954 546.6658
267 305.6036 638.2861
268 305.3280 663.3060
269 343.3707 644.9799
270 369.3391 652.8730
271 333.2383 663.8631
272 356.0755 664.9218
273 405.9362 688.4498
274 279.1238 555.9145
275 281.9693 534.9486
276 495.3084 384.7306
277 354.1245 491.3668
278 350.3256 554.7191
279 354.2024 543.7569
280 472.2717 544.6663
281 284.3120 508.7476
282 437.0907 356.4414
283 470.9243 365.8905
284 524.2105 321.8528
285 333.0023 374.9804
286 372.3041 407.1383
287 423.4595 664.4322
288 541.8322 654.9617
289 333.8079 566.3464
290 312.6699 574.5865
291 403.2486 667.1772
292 392.7031 667.1169
293 484.7719 351.9798
294 354.4087 565.9219
295 392.1829 357.4508
296 395.5562 339.5349
297 420.3024 268.8019
298 503.4032 336.9360
299 404.4328 303.8146
300 510.5728 376.0602
301 530.0099 371.0249
302 305.5344 652.8504
303 337.2961 656.3462
304 362.1964 659.1358
305 328.4889 571.5192
306 397.7798 667.3446
307 384.1264 676.3059
308 389.7926 666.0586
309 313.6989 555.9741
310 352.9757 663.4438
311 330.2590 664.8150
312 304.9649 665.9929
313 318.0599 734.3521
314 313.4489 717.8353
315 310.5933 704.4126
316 308.2815 691.7767
317 306.9442 683.2242
318 357.1946 676.4180
319 360.6743 679.2975
320 366.4518 685.5324
321 371.8398 692.8769
322 385.4905 626.4505
323 568.6903 550.6254
324 372.4855 672.8801
325 377.8173 674.0017
326 303.9264 585.3258
327 348.5373 580.6170
328 307.9505 580.1271
329 379.8278 504.7016
330 417.0853 519.2175
331 360.4114 554.6016
332 482.4620 289.5758
333 464.0389 313.3847
334 445.6573 339.2725
335 382.1339 705.7602
336 339.0430 345.3566
337 345.9796 304.2734
338 356.9320 260.4818
339 454.8971 456.1058
340 507.6984 478.0329
341 356.7785 446.5084
342 485.7706 417.8006
343 336.0802 476.4326
344 330.1717 543.9721
345 534.0657 493.2014
346 490.0468 492.6447
347 458.6826 499.6595
348 414.5179 496.2073
349 382.5405 486.9778
350 357.7628 476.2136
351 299.3985 444.9666
352 530.1704 537.8880
353 504.6955 413.9902
354 273.9851 568.1235
355 350.5903 511.6750
356 573.8359 455.4501
357 338.3786 463.5685
358 365.5793 556.7805
359 475.1441 434.5706
360 334.5033 531.2404
361 560.5978 601.5325
362 357.9346 438.5481
363 308.9067 517.6935
364 480.0048 705.9543
365 482.8537 730.1319
366 558.8878 545.1693
367 510.6625 676.4413
368 545.3298 410.0726
369 379.4747 777.5804
370 275.1951 574.0796
371 373.3089 528.7342
372 531.7745 451.6322
373 432.7323 447.7053
374 412.1009 449.1990
375 390.7460 679.7523
376 527.0852 581.1525
377 338.2119 804.5039
378 412.8029 777.7381
379 445.1443 758.4234
380 392.6381 447.4715
381 374.8136 443.5872
382 363.4367 440.9942
383 522.8670 410.3722
384 377.9957 424.2388
385 398.0443 418.5472
386 417.4686 417.4091
387 437.8643 420.6213
388 451.5766 426.1225
389 566.3756 404.7302
390 447.1737 444.3294
391 360.9272 613.6335
392 332.1340 561.8378
393 308.1463 606.4156
394 447.5225 734.8843
395 415.0492 756.2018
396 335.9513 792.2568
397 514.2085 698.0610
398 363.8757 432.8758
399 313.4255 479.9008
400 377.5885 793.8746
401 551.6534 592.4397
402 333.5702 680.1180
403 337.1383 686.2363
404 341.3674 695.8558
405 345.2043 707.4913
406 354.0083 722.3449
407 378.2139 665.3911
408 384.8225 662.8922
409 391.2604 659.0683
410 408.2882 643.7892
411 492.9447 592.0256
412 317.2730 459.3569
413 336.8506 419.6525
414 352.5533 424.4252
415 373.0144 662.8616
416 498.5830 645.1868
417 312.7198 415.4965
418 365.3984 738.6875
419 293.7316 467.3153
420 330.7715 513.9068
421 324.8459 752.0230
422 423.3029 695.6046
423 385.8048 575.6291
424 397.6315 719.9496
425 437.9148 572.8171
426 407.5412 597.9681
427 460.3122 608.3722
428 331.5994 773.8040
429 349.0185 527.3250
430 440.8299 711.2682
431 408.6390 735.6146
432 441.8696 666.4961
433 521.8916 618.4686
434 469.1175 669.7938
435 537.8713 636.3489
436 429.0848 626.4103
437 331.6669 495.6409
438 321.0468 552.6382
439 342.1875 561.1197
440 306.5756 537.9294
441 354.9625 398.2089
442 392.5161 383.9890
443 425.6459 381.4802
444 454.3814 386.3844
445 475.1721 398.1075
446 490.0894 440.6369
447 561.9687 499.6563
448 470.3541 471.3912
449 445.1771 477.2343
450 414.3717 477.1185
451 385.5811 471.6922
452 362.9460 463.9682
453 346.7680 455.8667
454 572.2467 503.0059
455 344.1744 568.2131
456 309.1550 498.1313
457 298.8178 552.8597
458 288.2261 564.8153
459 301.3386 556.6280
460 339.0294 576.0632
461 282.1529 566.7691
462 283.6922 572.7111
463 348.4448 439.0088
464 333.6515 442.9882
465 323.6806 445.3634
466 459.8069 430.3482
467 473.2147 419.6704
