# Image: /home/yaroslav/Projects/Diia.AIContest-AdAstrum/fixtures/FLUXSynID-processed/00cbdc6d495f/00cbdc6d495f_f_live_0_a_d1.jpg
# Mode: stream
# Status: fail
# Errors: image_blurry_or_out_of_focus: Image is blurry (sharpness score: 65.63); face_not_looking_straight_at_camera: Head is turned 174.7째 (max: 15.0째); head_is_tilted: Head is tilted 31.7째 (max: 10.0째)

# 2D Landmarks (index x y)
0 325.9646 641.4958
1 349.1711 570.2836
2 331.1756 594.1726
3 317.5749 496.3039
4 350.3450 546.1463
5 344.5717 516.0985
6 324.0025 445.4188
7 134.4078 443.1647
8 317.8779 394.1367
9 318.3499 364.3222
10 307.4283 250.0082
11 324.3074 652.0833
12 321.0381 659.0384
13 316.9400 660.4193
14 318.7939 714.5009
15 320.2134 723.8683
16 320.5158 735.0056
17 319.4680 747.6853
18 314.2598 766.3115
19 344.4952 583.1649
20 314.7976 582.7636
21 10.0765 363.0871
22 206.2406 461.7731
23 182.1937 463.6043
24 158.0728 462.9822
25 121.2977 451.8970
26 226.3688 456.4207
27 175.9354 403.0750
28 201.8552 404.3756
29 150.2945 407.4214
30 131.6325 416.3867
31 99.5521 467.7935
32 218.3616 795.7717
33 123.3984 438.3470
34 -0.3101 465.1592
35 67.0964 456.0610
36 191.4779 553.5908
37 289.6795 638.9309
38 286.6028 659.5742
39 247.3893 644.8465
40 216.4566 652.0883
41 255.6972 660.8167
42 229.3698 662.2364
43 179.1353 700.2784
44 329.4371 570.4657
45 327.7764 547.1032
46 94.8103 398.0625
47 243.1426 496.8822
48 254.7545 563.9951
49 250.0632 551.6003
50 108.4113 552.3974
51 323.4859 519.1845
52 165.2101 371.1932
53 126.0415 379.9466
54 48.4012 318.8492
55 270.9219 389.7222
56 223.1350 412.1221
57 158.9309 669.2893
58 4.9833 693.8130
59 270.5053 576.8577
60 291.0719 584.3002
61 175.3548 669.0505
62 186.7025 669.7634
63 109.7099 365.5136
64 248.2166 573.1540
65 213.5988 373.1882
66 210.0771 354.0623
67 169.8486 260.4354
68 81.0669 341.4572
69 193.9863 304.7657
70 74.6696 388.9124
71 43.7659 377.2372
72 288.0165 651.5594
73 252.5752 654.6489
74 223.3570 657.3363
75 274.7619 580.8806
76 180.9127 669.3190
77 198.2681 688.7106
78 190.1250 669.9433
79 292.9605 571.2878
80 230.7985 659.8697
81 256.8682 659.9827
82 285.2291 660.3690
83 275.2360 765.6368
84 281.0191 745.3806
85 283.7995 732.6663
86 285.4110 721.5120
87 286.5265 713.3803
88 229.9278 697.8250
89 226.1677 700.2341
90 220.3483 705.5080
91 215.2462 712.3738
92 203.0100 631.2390
93 -25.9993 574.4519
94 338.2874 588.3124
95 211.3431 688.0199
96 204.8579 687.6241
97 298.7057 594.4733
98 251.2203 586.3389
99 295.4145 589.6082
100 215.4190 509.3903
101 173.6477 524.0432
102 241.2063 561.3896
103 100.2234 283.6897
104 129.4734 316.1154
105 156.1134 352.7526
106 204.6759 727.1215
107 265.2097 359.2617
108 252.5289 302.7347
109 236.2963 250.5030
110 135.2304 459.4317
111 69.7763 485.1774
112 239.4619 450.5180
113 101.5522 426.8944
114 262.6917 482.5053
115 277.3862 556.4003
116 35.4743 503.6447
117 92.1333 497.6855
118 128.6458 503.2241
119 177.6842 499.7592
120 212.6447 491.1474
121 238.8751 480.7326
122 301.2636 451.9651
123 36.9746 550.6612
124 78.4966 425.2934
125 332.3142 582.7493
126 248.2158 518.3219
127 -27.5343 466.6839
128 258.7683 468.5704
129 232.7858 562.5703
130 112.7236 440.1598
131 271.9951 541.2628
132 -17.8272 632.6726
133 237.5983 442.6877
134 298.5111 528.1559
135 90.6595 742.8738
136 82.5082 775.7439
137 -5.8298 565.7359
138 49.9217 713.0791
139 19.7406 417.6149
140 213.7790 821.2900
141 329.1716 587.6222
142 222.8640 534.3467
143 39.3378 462.4653
144 162.0065 449.1725
145 183.3393 450.7291
146 191.8583 691.0631
147 35.5672 600.0271
148 256.7579 852.0945
149 171.8061 825.1068
150 131.3574 805.0430
151 313.7622 304.5590
152 305.2428 852.2761
153 202.9122 449.5570
154 221.0110 446.3924
155 232.3039 444.6378
156 54.2073 421.8084
157 216.5513 426.9428
158 195.8197 420.4872
159 176.2139 419.4436
160 155.3506 423.4402
161 141.0000 429.6374
162 -13.6679 409.2808
163 146.3642 446.3462
164 327.9328 609.9927
165 233.7238 618.3630
166 273.3558 573.9698
167 291.0194 612.2601
168 317.6838 419.1862
169 132.9482 773.2309
170 172.0110 797.6456
171 261.8377 835.7520
172 41.3769 742.0273
173 231.4842 436.5546
174 289.0828 487.8793
175 311.5837 835.8591
176 213.3238 841.8291
177 -0.6493 619.7290
178 256.9222 707.1423
179 253.4712 712.7162
180 249.6550 721.2917
181 246.0532 732.7337
182 235.6072 750.4563
183 202.7728 663.9919
184 196.3928 661.5201
185 190.2320 658.0338
186 175.2129 647.4075
187 78.3633 607.9205
188 282.5770 465.8948
189 260.1981 425.4904
190 242.9930 428.7894
191 207.3961 661.2086
192 67.8183 670.7813
193 285.9725 423.3974
194 225.8821 770.6902
195 337.3693 492.2440
196 309.4460 475.4742
197 330.7755 469.8910
198 272.1354 522.5944
199 314.5253 812.7327
200 314.4530 786.5180
201 270.4367 786.6232
202 163.2319 713.5633
203 209.6963 581.9670
204 191.2042 745.6178
205 147.4873 582.7811
206 182.2634 606.2242
207 119.7169 621.7548
208 265.9036 812.6722
209 252.1414 534.8627
210 143.7863 739.3812
211 180.1411 769.0850
212 141.8035 679.0883
213 38.9960 643.3425
214 107.8311 692.6974
215 15.8714 669.7097
216 154.7753 633.5694
217 269.0234 502.9855
218 286.3548 567.2567
219 263.0901 571.9419
220 302.6499 551.2038
221 244.1406 407.1389
222 207.4435 394.5933
223 173.2047 392.1874
224 142.1158 396.8235
225 117.3085 408.0652
226 93.5140 448.2726
227 -5.8771 514.9254
228 116.1436 475.6919
229 144.8907 480.8665
230 178.6664 480.4266
231 209.4650 475.5688
232 233.0868 467.9983
233 249.5957 460.4170
234 -28.6557 520.3783
235 259.5181 576.9652
236 295.4035 507.2691
237 309.5358 568.4261
238 317.4366 579.9407
239 305.2675 572.5998
240 262.6131 583.4070
241 323.9227 581.6265
242 320.9305 586.3154
243 247.7543 443.4598
244 262.4441 447.8580
245 273.6733 450.8165
246 131.6967 434.4408
247 116.7211 426.7275
248 352.9886 495.5339
249 440.2609 436.6262
250 355.8385 581.3667
251 472.7394 362.9991
252 385.6932 459.3019
253 406.0628 459.6219
254 424.5611 457.7906
255 445.2641 445.0343
256 368.8387 454.7208
257 414.5092 401.7607
258 391.9356 404.6067
259 434.3935 404.5621
260 445.7088 412.2670
261 459.2990 460.7963
262 385.4807 781.7795
263 445.2929 431.6723
264 483.1590 456.6889
265 471.7168 448.7190
266 418.9796 547.7543
267 356.4435 636.6370
268 347.7759 657.1060
269 382.8378 639.1939
270 396.3311 645.3366
271 366.9626 656.1653
272 379.9338 657.0162
273 408.6675 690.3468
274 365.3328 569.1994
275 367.8294 546.0825
276 469.5771 393.5460
277 372.9655 494.6572
278 395.8639 559.9637
279 393.5701 547.6876
280 471.9841 542.6189
281 361.5294 518.3585
282 435.6115 371.3285
283 457.6821 377.6151
284 465.1979 322.2703
285 356.7521 390.8072
286 372.4645 412.5623
287 423.7448 659.3240
288 455.5637 669.3794
289 380.5191 573.5132
290 363.8321 582.1955
291 409.6292 661.5390
292 398.3516 663.0979
293 464.0257 364.1812
294 393.4231 568.9235
295 403.0332 374.4317
296 407.3856 355.9078
297 412.8260 266.1528
298 465.0284 342.3280
299 409.3828 308.4593
300 475.0952 385.0293
301 474.6804 375.2477
302 353.3320 649.0421
303 374.8014 649.4162
304 388.8911 651.0737
305 374.6391 577.7108
306 404.8289 662.3114
307 397.0739 681.6662
308 392.9674 663.4417
309 377.3199 568.2369
310 372.7371 655.3613
311 359.4174 656.2053
312 341.4953 658.4164
313 347.8815 761.0923
314 351.6171 741.4667
315 351.3944 728.9517
316 348.9987 718.2742
317 344.9394 710.3659
318 376.6145 691.9426
319 381.6502 694.0665
320 387.6216 698.5743
321 391.4943 704.5171
322 410.3142 624.1220
323 466.0162 557.7948
324 383.7663 681.9261
325 391.3352 681.0651
326 357.1588 592.4381
327 384.6791 582.3670
328 360.6965 587.7270
329 393.6505 505.8383
330 427.2959 518.5960
331 394.5776 557.1029
332 447.5304 289.4058
333 444.7022 319.1837
334 440.9668 353.6398
335 394.7209 716.9747
336 365.3635 361.4808
337 367.3216 304.9487
338 368.1455 254.1428
339 438.5998 452.9730
340 477.0835 476.9266
341 358.4719 449.3327
342 459.8826 420.5324
343 360.0929 481.0801
344 389.1109 553.3492
345 491.6891 493.0942
346 471.4862 489.9186
347 452.7219 496.8909
348 417.1530 495.2498
349 388.8060 488.1060
350 368.2150 478.8955
351 340.6448 451.7814
352 498.5776 537.2954
353 470.5320 419.2416
354 354.1713 582.0656
355 377.1517 515.6860
356 469.4934 458.7585
357 354.2679 467.5353
358 392.2843 558.3003
359 450.0608 433.5118
360 385.1664 538.2800
361 464.6020 611.4660
362 357.0205 441.0675
363 374.1092 526.1326
364 445.2318 718.9351
365 430.7407 748.9223
366 493.5865 549.2702
367 464.4733 688.8249
368 478.4882 412.9981
369 384.3414 805.0046
370 346.5169 587.2961
371 394.0072 530.4703
372 480.7471 453.9755
373 423.6707 444.1625
374 406.7311 447.1691
375 401.5051 683.2771
376 496.7953 583.1033
377 347.2979 842.5106
378 394.0764 803.2936
379 410.8377 779.7634
380 388.8457 447.2311
381 372.2775 444.7254
382 361.9328 443.0694
383 476.9792 416.1665
384 373.6811 424.9855
385 390.4158 418.1161
386 408.7731 415.5821
387 426.4107 418.1939
388 436.4417 423.8007
389 473.8389 405.7737
390 433.9256 440.3601
391 394.4513 612.7919
392 383.1519 570.4869
393 358.4676 609.6883
394 423.0861 750.2997
395 403.5716 776.8540
396 354.4907 826.5818
397 443.9878 715.7483
398 362.3706 434.5007
399 357.3650 486.6106
400 375.3625 825.0568
401 489.8559 599.4088
402 363.7444 702.2525
403 368.8426 707.4643
404 373.2870 715.5465
405 375.7232 726.3360
406 376.4188 742.1750
407 391.4962 657.7102
408 399.4489 654.7870
409 405.7240 650.7940
410 421.5718 638.9326
411 483.0297 593.3388
412 349.6320 465.1699
413 347.3082 425.4196
414 355.6331 428.2936
415 383.4485 655.8011
416 473.4274 651.4777
417 338.7941 423.4694
418 380.1571 759.4011
419 347.2537 474.8127
420 373.2026 520.1811
421 351.2064 780.2874
422 417.7418 699.8376
423 406.3542 576.2914
424 400.1061 732.1592
425 450.0392 573.6052
426 423.7468 598.5355
427 461.4125 609.1830
428 355.9125 804.7625
429 381.4734 531.7721
430 426.2253 720.6196
431 404.5650 751.7426
432 435.4434 666.0146
433 487.9549 623.6411
434 452.6472 674.7224
435 479.6669 646.4995
436 436.2247 624.0481
437 366.2020 501.1044
438 384.3221 563.9973
439 391.1631 567.9302
440 380.0606 548.8263
441 363.5927 406.9995
442 396.1459 394.3437
443 424.2258 391.2335
444 445.5102 394.3620
445 457.3892 403.6118
446 459.3000 441.1405
447 490.4428 502.4174
448 452.5934 468.8794
449 435.6591 475.2449
450 410.8228 476.3155
451 385.6210 472.8640
452 366.3373 466.3350
453 354.0694 459.3496
454 465.6043 508.2120
455 387.6009 573.0989
456 364.4594 505.7362
457 375.8279 565.8804
458 360.6288 577.9285
459 372.1680 569.8398
460 380.9958 579.8370
461 359.2201 580.3620
462 352.1379 585.2221
463 351.5270 442.4051
464 344.6560 447.4612
465 344.0208 450.6464
466 441.8052 428.0062
467 451.7708 421.0360
