# Image: /home/yaroslav/Projects/Diia.AIContest-AdAstrum/fixtures/FLUXSynID-processed/00cbdc6d495f/00cbdc6d495f_f_live_0_p_d1.jpg
# Mode: stream
# Status: fail
# Errors: face_not_looking_straight_at_camera: Head is turned 174.2° (max: 15.0°); face_not_looking_straight_at_camera: Head is tilted up/down 10.7° (max: 10.0°); head_is_tilted: Head is tilted 12.1° (max: 10.0°)

# 2D Landmarks (index x y)
0 306.7066 618.3883
1 322.7230 550.4569
2 313.1929 571.5022
3 310.7008 484.0365
4 326.2625 530.2447
5 327.7897 504.1945
6 328.8667 442.1549
7 180.3161 418.0360
8 333.6021 395.8471
9 338.1166 369.7059
10 348.5339 274.6707
11 304.9504 628.6285
12 302.6506 636.1752
13 300.5705 639.1671
14 299.7062 643.2339
15 299.0419 651.7454
16 297.6559 662.3962
17 295.2224 673.5046
18 289.3550 689.6722
19 319.1664 560.6988
20 299.0191 557.4982
21 106.6253 336.6135
22 234.7196 444.4758
23 214.8911 443.3857
24 196.1192 439.8275
25 171.5735 425.0505
26 252.3078 441.5737
27 218.1004 392.4408
28 238.4844 396.6508
29 198.0502 392.3538
30 183.1248 396.7156
31 153.0053 437.0042
32 209.9993 710.7170
33 173.8081 411.8328
34 86.9866 420.7792
35 130.8041 420.7098
36 215.2115 524.5510
37 284.0012 612.4043
38 282.7691 633.5938
39 257.3468 616.6703
40 238.6821 623.9411
41 263.9995 633.1649
42 248.3350 633.9147
43 204.9290 651.3663
44 306.4279 547.9288
45 307.0450 528.4959
46 153.7983 371.5643
47 259.6065 479.0512
48 254.6092 538.9719
49 253.4374 528.3345
50 154.2031 516.1835
51 309.4907 504.2271
52 207.6804 357.0036
53 177.4335 359.7657
54 135.6569 303.2046
55 292.8691 385.8384
56 255.3452 405.1482
57 193.5078 631.5600
58 75.4425 605.4238
59 266.9714 551.4329
60 283.0020 559.3299
61 215.6699 635.2421
62 223.7228 634.3175
63 166.8161 344.8981
64 251.2176 548.2567
65 245.8220 364.4035
66 244.9271 347.2306
67 231.6498 267.7923
68 152.0172 323.4159
69 241.1179 306.3078
70 140.8445 361.3660
71 123.9284 349.8830
72 283.0777 624.7446
73 261.4097 626.8778
74 243.9001 629.4184
75 271.3105 555.7774
76 220.0988 635.2647
77 228.0979 638.8486
78 225.2461 633.0472
79 281.5697 545.0403
80 250.8940 633.0940
81 266.2180 634.4296
82 283.1633 636.4355
83 264.0828 686.9418
84 271.5918 669.6011
85 275.3104 657.9143
86 278.3237 647.4313
87 280.4729 640.6218
88 246.4507 636.5724
89 243.6707 638.7455
90 238.8544 643.7744
91 233.8327 650.1330
92 224.5495 598.4667
93 65.6714 507.1003
94 316.3422 564.7389
95 236.0279 635.5484
96 232.6819 636.5570
97 288.5930 569.1114
98 255.6794 561.5011
99 286.0767 564.5049
100 236.9566 488.5035
101 203.8641 498.3938
102 247.7778 537.1697
103 176.0015 279.4065
104 189.5975 307.4984
105 202.4751 339.5081
106 220.0642 664.2260
107 291.2691 358.6560
108 290.4438 312.5309
109 287.4213 267.2784
110 180.0375 433.7764
111 129.1322 449.3108
112 264.0939 437.7515
113 158.5658 398.7765
114 276.1869 467.6185
115 270.2955 532.1394
116 104.0436 460.3668
117 142.9952 465.4756
118 169.6218 476.1507
119 208.2552 477.1186
120 236.6975 471.7823
121 258.9434 464.6411
122 309.0265 444.8545
123 102.9966 502.7052
124 140.9559 393.9106
125 309.7140 558.6486
126 260.4515 498.4631
127 74.1407 419.2309
128 276.5227 455.6371
129 244.1082 538.4726
130 166.9956 412.9992
131 269.2878 519.6069
132 66.1028 554.8533
133 264.7268 430.0468
134 289.5276 509.6716
135 124.9793 657.8714
136 117.7776 678.1525
137 75.8966 504.4656
138 101.3600 628.3268
139 104.9605 382.3967
140 201.8436 728.0889
141 309.0462 563.0916
142 240.1676 511.4987
143 111.1370 422.5447
144 199.5042 427.5854
145 216.3008 432.0446
146 222.6581 642.5072
147 101.6094 542.4262
148 232.3020 755.7844
149 173.2037 725.8183
150 147.4253 706.5298
151 343.9274 321.3454
152 271.8245 762.6695
153 233.0590 433.2807
154 248.9905 432.1836
155 259.3202 431.4798
156 124.9004 388.2692
157 249.8420 413.1154
158 233.6296 405.0197
159 216.8716 401.4437
160 199.1188 402.2693
161 187.2137 405.9808
162 87.6173 373.0697
163 188.1024 422.6493
164 310.6344 586.0132
165 244.1991 588.5109
166 268.0747 547.8291
167 284.1047 585.3269
168 329.8376 418.7515
169 149.5849 685.8672
170 174.4306 707.2687
171 235.8722 744.4828
172 93.9750 646.8133
173 260.6543 423.3810
174 292.6792 473.9945
175 277.0626 750.9194
176 201.0974 742.7524
177 76.7350 548.2648
178 262.5588 638.0592
179 259.3408 642.8370
180 255.1414 650.6812
181 250.7004 660.8519
182 239.4038 676.7108
183 233.8360 634.2107
184 228.9441 632.5496
185 223.8853 629.3118
186 206.2253 613.6070
187 131.3287 556.5586
188 293.0447 454.8947
189 283.9829 418.4050
190 270.2725 420.2801
191 237.4193 631.8935
192 119.3612 602.8049
193 303.4579 418.8128
194 223.6725 693.5478
195 328.0588 482.8843
196 309.4886 465.3639
197 328.3819 463.2129
198 274.7248 503.4385
199 281.8027 732.8585
200 285.8958 709.9177
201 253.6062 706.1611
202 182.8297 655.8666
203 225.8506 552.8100
204 200.5315 677.2523
205 181.2861 544.4151
206 205.6953 570.4571
207 158.6402 574.6830
208 242.9944 727.4763
209 259.6806 513.5962
210 161.6700 666.7112
211 185.1962 689.9474
212 171.3426 630.3788
213 101.6443 576.2635
214 143.7246 628.2993
215 82.7419 589.3314
216 186.0941 595.7298
217 276.6971 485.8818
218 276.0448 541.1837
219 260.0846 545.8617
220 288.1149 529.0445
221 271.3900 400.6448
222 241.8446 386.1628
223 214.7506 380.0695
224 190.4836 379.3579
225 171.2088 385.0344
226 151.1890 416.9369
227 78.4865 461.9054
228 163.8170 447.0014
229 184.1934 455.6178
230 210.6472 458.7069
231 235.9985 457.1014
232 256.4921 452.7271
233 271.2509 447.6620
234 68.8850 462.8932
235 258.6956 551.6273
236 292.6031 491.4385
237 291.9670 543.4729
238 299.7870 554.3324
239 290.2327 546.6458
240 263.0039 558.5907
241 303.7415 556.6019
242 303.0147 561.0127
243 272.0852 432.5118
244 283.6844 438.1447
245 290.9352 441.7096
246 180.0147 409.0070
247 170.7904 402.1117
248 342.7364 488.3839
249 449.0260 455.4950
250 332.5501 561.7273
251 506.4913 393.1802
252 395.5979 467.5798
253 413.6638 471.3090
254 430.4650 472.1725
255 451.9602 463.8010
256 380.9036 460.4476
257 427.3849 423.1762
258 407.7450 421.8113
259 444.3940 427.8991
260 454.3032 435.5770
261 462.8527 478.7528
262 348.6411 724.7177
263 454.7107 451.2482
264 500.3244 475.8340
265 481.1594 467.9089
266 400.0250 548.3475
267 328.6597 618.0307
268 320.3809 638.1715
269 348.4213 627.6038
270 359.1056 638.2199
271 334.8739 641.6328
272 345.6343 645.5836
273 372.6566 670.5382
274 337.4704 551.9291
275 343.2614 533.1189
276 484.8146 417.7412
277 371.3229 494.2826
278 373.2787 553.9833
279 374.6098 543.6361
280 448.4657 553.9585
281 343.7421 508.7204
282 452.2430 392.9261
283 473.5263 401.9802
284 501.6514 356.4472
285 372.6894 397.9620
286 389.5328 425.3985
287 388.4718 654.3576
288 445.8738 648.1966
289 357.8619 562.8227
290 342.0382 566.7362
291 369.4036 653.5188
292 361.3036 650.6241
293 484.0655 390.3230
294 370.7915 562.9905
295 419.8571 390.3929
296 426.4389 374.4031
297 448.6400 300.9553
298 493.4613 372.3192
299 436.7336 335.8922
300 494.2931 410.6124
301 500.8506 402.7173
302 324.9990 629.9473
303 341.1811 636.3396
304 352.6368 642.3236
305 352.1757 565.8263
306 365.2135 652.4087
307 358.7171 654.1630
308 359.0553 648.7986
309 352.4991 554.0428
310 340.8839 643.8565
311 329.5217 642.1072
312 316.0184 640.5142
313 313.0934 692.4561
314 317.6121 674.8927
315 318.8650 663.0402
316 318.6105 652.3387
317 317.3317 644.9897
318 343.9736 647.8379
319 346.6671 650.7631
320 350.0968 656.6504
321 352.4784 663.8416
322 376.7773 616.9995
323 476.3319 558.5581
324 350.9045 648.9243
325 354.7408 650.9247
326 334.9179 574.7296
327 361.0857 574.2610
328 338.3137 570.8651
329 387.7155 508.6805
330 413.9909 526.0303
331 374.8028 552.9925
332 484.1264 325.3527
333 473.7072 349.3700
334 461.0359 377.4922
335 356.6686 679.4919
336 383.9251 373.0104
337 394.4224 328.3625
338 404.7375 285.3763
339 444.1583 470.1497
340 477.5446 495.4960
341 371.9300 453.7688
342 470.5474 442.1465
343 361.5188 479.4847
344 365.8439 544.5870
345 490.0760 510.7724
346 466.3905 508.1852
347 445.1046 512.5223
348 413.0765 504.5388
349 389.6566 492.6999
350 372.5256 480.5559
351 344.6226 449.9562
352 481.9101 551.0596
353 483.8302 440.8480
354 328.0139 560.9869
355 368.7831 512.9249
356 495.7390 475.4287
357 360.7358 467.7764
358 373.7432 554.6072
359 458.5359 453.8375
360 366.6651 532.2067
361 464.0983 602.8636
362 372.2348 446.0354
363 356.3077 518.3153
364 417.5924 689.8181
365 406.9767 708.5596
366 487.3124 556.2950
367 438.9283 666.8482
368 500.8409 436.5387
369 347.2250 742.0361
370 323.3615 564.9262
371 381.4596 529.8689
372 491.8737 473.3258
373 432.0797 460.3680
374 416.2642 460.6234
375 362.1847 658.7618
376 470.6007 588.4106
377 309.5897 762.9205
378 360.8341 743.7128
379 382.1346 729.6772
380 400.5108 457.7074
381 386.1942 452.4171
382 376.9300 448.9969
383 493.7821 438.6826
384 389.8559 433.7678
385 406.2594 430.3535
386 422.8459 430.9896
387 438.4516 436.0837
388 447.1077 442.5363
389 504.2923 430.4580
390 442.3790 458.1650
391 364.4957 603.0814
392 359.7186 559.5622
393 334.4475 591.4337
394 394.2060 711.1812
395 371.5007 726.6228
396 316.2743 752.1680
397 426.4432 683.5855
398 377.9346 440.6089
399 353.3629 482.2331
400 337.8479 755.4141
401 474.2586 596.8178
402 332.3366 646.3034
403 334.7180 651.6820
404 336.7318 660.1434
405 337.1955 670.8353
406 337.3261 687.5146
407 354.9553 648.6141
408 361.0659 648.2439
409 366.7981 646.2927
410 385.7892 635.1565
411 451.2457 596.3405
412 352.9085 463.2874
413 362.6887 430.3823
414 371.6345 435.6396
415 350.4664 645.4161
416 441.6419 641.2155
417 350.8883 425.9852
418 343.2331 706.0116
419 344.1046 470.0581
420 361.4000 514.8378
421 315.8456 712.6304
422 386.6697 678.5889
423 384.8683 572.4371
424 366.0107 695.0777
425 422.5336 574.9493
426 397.0514 594.2519
427 429.9155 608.1054
428 318.4415 734.9486
429 368.3811 527.7330
430 396.2953 692.0395
431 372.2715 709.2801
432 404.3077 657.4455
433 458.9793 619.6471
434 421.0636 660.3683
435 459.3137 633.7779
436 405.1392 622.4455
437 360.5872 497.2026
438 359.0819 551.9261
439 367.3900 559.4560
440 355.8955 537.7940
441 380.4219 416.9961
442 411.7551 411.2998
443 437.2316 412.7437
444 456.7871 417.7582
445 468.0900 427.0939
446 468.3909 460.3994
447 496.4803 516.1325
448 453.7215 486.0955
449 436.4400 489.5369
450 413.8195 486.5899
451 391.9722 478.9524
452 375.3767 469.7868
453 364.4043 461.3462
454 485.2109 516.9427
455 364.4716 564.7730
456 353.5887 499.5353
457 348.9512 550.6856
458 335.5263 558.8284
459 346.6337 553.7590
460 357.3815 570.0767
461 333.1413 560.2888
462 328.7519 564.3269
463 366.4114 446.7949
464 356.7446 449.3496
465 353.0622 451.0776
466 451.6591 447.2022
467 460.6354 443.0159
