# Image: /home/yaroslav/Projects/Diia.AIContest-AdAstrum/fixtures/FLUXSynID-processed/00000bb0d1b9/00000bb0d1b9_f_live_0_p_d1.jpg
# Mode: stream
# Status: fail
# Errors: strong_shadows_on_face: Strong shadows or uneven lighting detected (difference: 46.7); head_is_tilted: Head is tilted 10.2° (max: 10.0°); face_too_small_in_frame: Face occupies only 43.0% of frame (min: 50.0%)

# 2D Landmarks (index x y)
0 285.0402 556.8520
1 286.2696 485.7378
2 288.8152 512.1560
3 279.1349 427.6059
4 287.4905 465.7293
5 290.8690 442.7268
6 301.0630 391.3362
7 182.1598 391.3740
8 306.3411 349.5259
9 308.4517 325.1353
10 318.5323 249.6739
11 284.4709 566.9005
12 284.4965 575.4382
13 285.1982 579.8137
14 284.7961 585.3420
15 283.9070 592.9842
16 282.9568 603.1236
17 282.2933 614.7956
18 282.4634 635.3554
19 286.7645 497.5767
20 272.9210 498.6372
21 136.5600 336.1845
22 228.8834 409.9972
23 211.2035 410.5746
24 195.2534 408.7845
25 176.2322 399.2002
26 244.5713 405.5884
27 211.3321 359.8360
28 229.7479 362.2331
29 193.8182 362.1077
30 182.0799 368.8049
31 161.5066 411.9054
32 212.6362 662.3187
33 177.5224 387.0625
34 119.9326 411.4236
35 145.2444 400.1982
36 207.7727 481.1941
37 263.3674 553.0777
38 266.1800 574.7755
39 241.0189 560.6249
40 227.1729 570.9818
41 250.7958 576.8176
42 238.6742 580.5800
43 204.3862 603.0794
44 271.5831 484.9061
45 270.2250 465.8574
46 156.8645 348.1385
47 247.3356 436.1484
48 234.5587 485.9738
49 234.9115 477.0193
50 158.4242 480.6438
51 274.5193 444.5435
52 195.8138 324.8170
53 172.6342 332.3628
54 152.7778 300.5598
55 269.8910 342.9153
56 245.7894 369.4470
57 192.9351 585.1851
58 123.1477 589.7894
59 247.6788 497.4379
60 261.9754 503.6799
61 212.1994 587.3305
62 221.0526 586.0461
63 164.7327 321.2880
64 234.6139 496.4496
65 227.5022 326.9661
66 225.2225 311.8336
67 220.1201 255.2051
68 158.5279 310.1224
69 223.9618 281.9624
70 148.8041 342.2892
71 142.4004 339.8922
72 264.0527 565.2980
73 246.2200 570.1831
74 232.7674 575.9646
75 252.4612 501.5974
76 216.6398 587.1294
77 222.7906 588.8734
78 223.5405 585.0148
79 255.8000 487.5960
80 243.2140 580.4550
81 255.2597 579.0434
82 269.2548 578.8898
83 258.3571 633.5060
84 259.8146 612.1993
85 261.9010 600.3013
86 264.4592 590.3271
87 266.9958 584.1378
88 239.1395 584.4780
89 235.9932 586.6211
90 231.2443 591.4323
91 226.8746 598.0440
92 214.4818 548.7119
93 117.0139 500.0693
94 287.9809 503.8356
95 231.6870 585.4016
96 227.5530 586.3018
97 266.9431 512.4263
98 241.0026 509.6866
99 264.5938 508.2307
100 228.0515 447.5061
101 199.0359 459.1455
102 232.3113 487.0330
103 178.9797 272.6233
104 184.2532 289.6369
105 190.8725 310.7437
106 217.7881 614.1302
107 265.7129 317.9935
108 265.5480 283.1639
109 265.0965 248.9218
110 182.5928 405.4914
111 142.4071 425.5477
112 254.9619 400.4671
113 163.7654 375.0812
114 260.4661 423.0252
115 244.7381 476.2539
116 124.6732 439.8170
117 151.2027 437.2604
118 171.4543 443.0220
119 204.1612 440.5527
120 229.2331 433.4439
121 248.8505 424.4456
122 284.2130 395.9987
123 122.8009 477.9824
124 150.7502 372.8002
125 278.1656 496.4776
126 246.0575 452.3717
127 121.3116 418.3095
128 263.2762 413.6728
129 232.1936 490.4285
130 172.2571 388.6951
131 245.8586 465.7284
132 116.6490 544.0800
133 256.5332 393.5783
134 259.8429 452.7664
135 146.2073 623.8398
136 148.4778 649.3380
137 111.0913 488.4629
138 130.0784 600.2672
139 131.7142 373.6365
140 207.0869 682.6323
141 281.2031 502.7953
142 229.6927 467.0974
143 132.0126 405.4871
144 197.0103 397.5678
145 211.6264 400.1348
146 217.9908 592.7918
147 123.3962 515.6119
148 238.6524 712.8336
149 188.6817 687.3118
150 169.3128 671.7085
151 313.2750 286.8718
152 278.1709 719.7715
153 226.7523 400.0281
154 241.3840 397.7672
155 251.1858 395.8894
156 140.7063 371.5165
157 242.4014 380.6672
158 227.6965 375.4039
159 212.6483 373.2932
160 197.4072 375.4347
161 187.7174 379.9053
162 126.8656 373.0881
163 187.8480 394.4156
164 288.0093 526.5802
165 230.4276 536.4243
166 247.0084 493.2462
167 263.2187 528.2310
168 304.6189 371.7234
169 165.1394 647.1274
170 185.0151 664.8206
171 237.2446 696.3759
172 134.3551 624.7145
173 252.3319 388.0505
174 269.0241 423.4470
175 277.3083 702.4579
176 210.6066 701.2734
177 112.5477 529.5525
178 251.6321 583.5531
179 248.1945 587.9878
180 244.3193 595.4500
181 240.9768 605.8516
182 235.2056 624.6957
183 228.2204 583.8160
184 222.2087 582.2570
185 216.9035 579.3139
186 200.7054 565.5977
187 143.0525 522.3372
188 272.8698 408.1383
189 270.1820 378.5910
190 260.1361 382.7456
191 233.0925 581.8658
192 138.0557 570.0297
193 283.0343 374.9306
194 223.7715 643.2144
195 294.4045 424.9373
196 281.0379 412.4575
197 297.6205 408.5795
198 254.0191 452.2796
199 278.2362 680.6420
200 280.4814 656.1534
201 250.2637 653.4406
202 186.8798 609.9457
203 217.2811 506.1226
204 203.2397 629.3042
205 179.5376 502.7107
206 199.9539 524.5694
207 163.1153 534.4014
208 241.2872 675.9807
209 243.6217 464.8447
210 171.3689 624.1369
211 191.6371 644.4531
212 175.2152 586.3793
213 125.2739 548.3360
214 155.2151 589.3135
215 117.5412 567.2245
216 184.6047 550.7493
217 258.0733 437.7272
218 249.9452 484.0564
219 239.4645 491.8116
220 256.5680 469.5573
221 257.1526 361.3984
222 229.4134 349.4694
223 204.9958 346.6527
224 184.7968 349.7477
225 171.0966 358.8895
226 160.4317 394.3310
227 112.9284 449.1905
228 169.0726 419.0585
229 185.0180 423.8196
230 207.2267 424.4504
231 229.7326 420.9693
232 248.1139 414.8791
233 260.7266 408.2524
234 119.6855 459.5292
235 240.6059 498.4442
236 265.7572 437.5663
237 260.6512 482.7891
238 271.1791 494.1654
239 261.9274 487.3492
240 245.9868 505.3765
241 273.3229 495.3078
242 276.0608 501.5127
243 262.3915 394.3046
244 271.1790 397.6126
245 274.8397 398.5838
246 182.0227 383.5876
247 173.4796 376.7375
248 310.1749 429.7272
249 438.1229 408.0008
250 305.8475 500.6751
251 516.8346 359.7208
252 385.6730 419.5413
253 403.8053 422.4675
254 421.3164 423.0597
255 445.0019 416.7146
256 370.1556 413.2947
257 409.8591 373.3125
258 390.9603 372.9604
259 427.7686 377.9637
260 440.0327 386.0779
261 459.9789 431.4770
262 353.8118 674.9556
263 444.5324 404.5610
264 520.9176 438.0874
265 482.3916 422.6231
266 389.1865 493.1728
267 308.3280 555.5608
268 304.0467 577.0840
269 332.8372 566.0201
270 348.4055 578.0351
271 322.0410 581.1013
272 336.3148 586.3784
273 372.8981 614.9055
274 302.1495 486.7119
275 305.6139 468.0413
276 470.8537 370.3035
277 356.3830 443.1527
278 351.0520 493.3464
279 353.8460 484.7306
280 446.4491 499.7559
281 307.9914 446.7640
282 426.9840 342.2010
283 452.6365 352.8765
284 497.9111 321.2310
285 345.6156 348.7598
286 373.9753 377.7844
287 388.0257 598.2881
288 498.4301 619.8355
289 336.7781 502.7868
290 320.1834 507.3742
291 366.4974 596.7765
292 358.3844 594.3579
293 464.5138 343.1352
294 352.0344 504.1315
295 392.2048 339.3313
296 396.5858 324.6063
297 422.4619 266.4431
298 480.9028 331.1089
299 407.7002 293.6501
300 483.6660 365.5572
301 500.0254 363.2774
302 306.2036 567.6789
303 326.3996 574.8544
304 341.9299 582.2913
305 331.7650 506.4836
306 362.1290 595.8068
307 353.8349 596.8857
308 356.7773 593.1427
309 325.0498 491.4707
310 333.5826 585.8111
311 319.0413 582.8541
312 302.3701 580.7485
313 307.7372 637.3194
314 306.0395 615.3771
315 305.4309 603.0158
316 304.6118 592.7629
317 303.8539 586.3841
318 336.6365 590.2574
319 339.0285 592.8106
320 342.7046 598.5014
321 346.3317 605.8984
322 366.6898 558.5077
323 523.8529 529.5369
324 346.3494 592.4368
325 349.6268 593.7385
326 313.0137 515.4874
327 344.8994 516.6622
328 316.3399 511.5889
329 375.8203 456.9471
330 404.5959 472.3512
331 357.0722 495.1951
332 468.3063 289.4433
333 452.0492 307.2882
334 435.2129 328.7145
335 355.7884 624.2909
336 353.0052 324.6805
337 363.0067 288.9997
338 374.1353 254.7206
339 436.2479 421.7431
340 479.4833 447.7533
341 360.1491 407.0476
342 461.4135 395.2973
343 343.4836 428.3869
344 338.2465 482.0561
345 500.1218 465.0704
346 464.9139 457.5797
347 439.5611 460.2516
348 404.3910 453.2141
349 379.0772 442.8514
350 359.5562 431.4792
351 318.6814 398.2474
352 494.3580 503.4479
353 478.0647 394.9648
354 296.0802 497.5522
355 352.2555 459.2315
356 530.8312 445.6997
357 345.1507 418.8752
358 359.8036 498.8701
359 451.0729 407.1759
360 341.0457 471.8510
361 515.7970 574.4471
362 360.7432 400.2988
363 324.5611 456.8981
364 446.1816 649.1472
365 447.6243 676.1478
366 517.4106 517.5663
367 472.9053 628.0632
368 511.2103 398.3493
369 357.8373 696.8765
370 295.2344 503.6086
371 368.5155 476.1457
372 499.5883 430.0052
373 420.2816 411.5709
374 404.6062 411.9551
375 358.4633 601.6132
376 488.9111 541.7806
377 319.9653 721.0077
378 385.6030 706.5883
379 414.5927 694.8182
380 389.2773 409.8301
381 375.1566 405.8917
382 365.7432 403.0553
383 493.1104 395.1075
384 376.7210 389.3820
385 392.3617 386.1898
386 407.3927 386.2505
387 422.8272 390.3316
388 433.0213 396.0385
389 527.3027 398.8865
390 430.9067 409.9366
391 350.5485 544.3401
392 336.8227 498.4691
393 313.6529 531.3462
394 417.4549 669.4187
395 389.1462 683.8654
396 320.0233 704.3405
397 474.3530 653.5849
398 365.4875 395.4647
399 327.8581 427.2963
400 354.5866 715.6916
401 509.5066 559.0747
402 321.5346 587.8378
403 323.7668 592.5832
404 326.0238 600.7339
405 328.0750 611.7633
406 334.3128 632.3351
407 349.3457 591.0216
408 354.8993 590.0300
409 360.7133 587.8252
410 380.2633 577.2157
411 459.6192 544.6086
412 330.7992 411.9505
413 345.6993 383.7438
414 357.3193 389.0515
415 346.0281 588.6742
416 461.6549 594.4686
417 328.4386 378.1012
418 344.9494 653.5169
419 314.6442 414.6580
420 338.2975 457.7343
421 312.7631 658.8441
422 392.4193 625.7077
423 373.7130 516.5891
424 370.9198 643.0227
425 416.5683 518.7293
426 388.9503 537.2984
427 431.4295 553.2605
428 317.6218 682.8820
429 350.2280 471.7980
430 410.0184 643.9028
431 382.5586 661.1656
432 408.5923 603.3625
433 482.6109 574.8372
434 434.7841 610.9289
435 496.8077 596.5893
436 402.1159 565.6860
437 339.7161 442.9819
438 331.1692 488.8628
439 344.6486 498.2263
440 322.7988 473.6804
441 361.0015 368.8276
442 390.8995 360.9028
443 416.2362 361.3405
444 437.7037 367.2217
445 453.2345 378.2398
446 464.6863 414.5305
447 521.8069 477.4207
448 449.0175 437.0670
449 429.6717 439.4187
450 405.3132 436.8359
451 382.2483 430.3739
452 364.1243 422.1537
453 351.5505 413.9539
454 527.6947 487.8879
455 344.3982 505.0170
456 324.7826 441.4438
457 316.2381 486.1475
458 306.0627 496.3118
459 316.7350 490.6207
460 338.8900 511.5791
461 302.1760 497.0622
462 301.3960 503.2011
463 353.4793 400.1729
464 341.9529 402.2266
465 334.9191 402.6106
466 439.2101 400.4241
467 449.8242 395.2907
