# Image: /home/yaroslav/Projects/Diia.AIContest-AdAstrum/fixtures/FLUXSynID-processed/00000bb0d1b9/00000bb0d1b9_f_live_0_e_d1.jpg
# Mode: stream
# Status: fail
# Errors: image_blurry_or_out_of_focus: Image is blurry (sharpness score: 26.02); strong_shadows_on_face: Strong shadows or uneven lighting detected (difference: 54.3); head_is_tilted: Head is tilted 15.8° (max: 10.0°); face_too_small_in_frame: Face occupies only 43.0% of frame (min: 50.0%)

# 2D Landmarks (index x y)
0 277.3427 569.3783
1 276.6575 493.7401
2 281.3704 522.3657
3 270.9938 438.3449
4 277.9291 473.8492
5 282.1213 451.9678
6 294.8733 403.7826
7 179.2318 409.5563
8 301.2171 364.6824
9 303.4402 341.3062
10 315.1119 271.7940
11 276.8748 579.8074
12 277.2171 589.0553
13 278.2522 594.2148
14 277.7524 600.6028
15 276.6547 608.4948
16 275.5688 618.9571
17 274.9939 631.0311
18 275.5021 652.5351
19 277.8961 505.9473
20 264.6109 508.7012
21 137.2458 364.0018
22 224.9747 425.6203
23 207.5066 426.8220
24 191.8125 425.9590
25 173.2777 417.9357
26 240.5698 420.8091
27 206.8249 377.7958
28 225.3266 379.3535
29 189.6525 380.7374
30 178.3873 387.7520
31 158.3484 431.9962
32 202.6050 681.5004
33 174.5947 405.9107
34 118.7237 436.3270
35 142.4291 421.8520
36 201.0713 497.1413
37 255.2256 566.6401
38 258.8522 589.4887
39 232.8569 576.0880
40 219.6430 588.4304
41 243.6932 592.7842
42 232.0003 597.9075
43 196.5752 622.9978
44 261.7487 493.5696
45 260.1540 474.8496
46 154.0488 369.9572
47 241.0542 450.7003
48 225.3326 498.6017
49 225.9985 490.0522
50 153.3190 499.6433
51 265.3432 454.3587
52 191.5958 344.3169
53 169.0812 353.3752
54 152.4984 328.2963
55 265.1112 358.9104
56 241.5029 385.6924
57 185.5016 605.6506
58 118.8559 614.2373
59 239.2391 509.7376
60 253.8586 515.4466
61 205.7331 608.1227
62 215.0567 606.3013
63 161.6354 343.6865
64 226.0092 509.8155
65 223.0848 344.9107
66 220.7681 330.8309
67 218.0309 280.8619
68 156.7321 335.2411
69 220.5428 304.2026
70 146.6978 365.6874
71 141.6116 365.5581
72 256.2672 579.3575
73 238.4816 585.8455
74 225.5079 593.3926
75 244.2839 514.0115
76 210.3634 607.7454
77 216.1384 608.4775
78 217.7223 604.9018
79 246.7031 498.1254
80 237.1339 597.9247
81 248.6216 595.3234
82 262.4293 594.1041
83 250.5746 651.1603
84 251.8086 629.1074
85 254.1380 616.9448
86 256.9166 606.4649
87 259.7154 600.0658
88 232.6290 602.4246
89 229.2009 604.8584
90 224.0419 609.9941
91 219.2898 616.8346
92 206.8071 565.4053
93 116.0530 525.4712
94 279.9281 512.8498
95 225.5458 604.2698
96 221.1558 605.4840
97 258.9433 524.0374
98 233.0763 523.5129
99 256.5714 519.9111
100 221.9605 462.9336
101 193.3734 475.9847
102 223.8029 500.8590
103 177.8791 299.6646
104 181.7183 313.6422
105 186.9262 331.6129
106 209.7231 633.0756
107 260.9635 335.2480
108 261.5372 303.8193
109 262.1729 273.0828
110 179.4249 423.5225
111 138.9265 446.7284
112 250.8787 415.3623
113 160.8495 395.3931
114 254.2240 436.9750
115 235.2467 487.4450
116 121.2967 462.1876
117 147.0388 457.4098
118 166.5551 461.8256
119 199.1548 457.4928
120 224.0217 449.1162
121 243.5093 439.4322
122 277.8432 408.9224
123 118.6594 499.7525
124 148.1591 394.5526
125 269.0678 505.3548
126 238.7268 466.3249
127 122.3029 445.0312
128 257.8851 428.1340
129 224.3110 504.8481
130 169.2911 407.7705
131 236.6955 477.5284
132 114.1080 568.9765
133 252.5329 408.8653
134 250.5967 463.5319
135 137.1776 645.5986
136 139.7663 672.3509
137 108.1457 512.1264
138 123.0722 622.5672
139 131.1917 398.9502
140 196.0402 703.2896
141 272.9810 512.1783
142 222.6695 482.0847
143 129.6079 428.3725
144 193.8892 414.4223
145 208.2079 416.3520
146 210.9639 612.6104
147 118.7444 537.0622
148 228.4982 735.1914
149 177.4237 709.5279
150 158.6739 694.1008
151 308.9406 305.9009
152 270.8264 741.8584
153 223.0035 415.7812
154 237.5264 413.1924
155 247.2659 411.1621
156 138.7914 394.8135
157 238.2632 398.2549
158 223.3312 394.3973
159 208.4180 393.1036
160 193.7163 395.3955
161 184.4120 399.5539
162 127.9863 400.4118
163 184.9583 411.9648
164 280.5818 537.6416
165 222.2752 551.4297
166 238.2366 505.0725
167 255.2228 540.6742
168 299.3393 385.8912
169 154.6495 668.4764
170 174.0044 685.7446
171 226.8836 716.6358
172 127.9216 648.5046
173 248.2599 404.1159
174 261.6673 435.8760
175 269.2643 722.6717
176 199.4103 723.4819
177 108.5554 552.8337
178 244.6788 600.3738
179 240.9003 605.1168
180 236.5997 612.9645
181 232.8296 623.6274
182 227.0172 642.9804
183 222.1256 602.7806
184 215.6342 601.3922
185 210.0616 598.6072
186 193.3538 584.3404
187 137.8675 542.1530
188 266.6300 421.5568
189 266.0068 393.7559
190 256.1643 398.1082
191 227.4515 600.4776
192 131.6333 590.9284
193 277.9227 389.6467
194 214.8694 661.7275
195 286.5867 435.1288
196 273.7491 424.2288
197 290.6088 419.7858
198 245.8927 464.7691
199 270.1549 699.0343
200 272.9733 673.6261
201 241.6689 671.2442
202 177.7449 629.7468
203 209.6661 521.6212
204 193.9964 648.5523
205 173.4733 520.0569
206 192.8389 541.1005
207 157.0600 553.0124
208 231.5956 694.6054
209 235.5928 478.2214
210 161.5021 644.5758
211 181.4169 664.3283
212 166.9942 606.4472
213 119.8318 569.8893
214 147.1649 609.8283
215 112.1118 590.1572
216 177.6475 569.1965
217 250.7993 450.8657
218 240.5491 494.7333
219 230.4367 504.0111
220 246.6185 479.5105
221 253.1381 377.2518
222 225.2724 366.5829
223 200.8758 364.9156
224 180.9077 369.1827
225 167.8289 378.9534
226 157.4796 414.6957
227 110.8783 473.3881
228 165.4280 438.2524
229 180.8407 441.9339
230 202.8440 441.1949
231 225.2235 436.6876
232 243.5303 430.0441
233 256.1884 423.0850
234 119.9944 485.6249
235 231.9748 511.2659
236 257.5335 449.0784
237 250.8304 492.2510
238 262.3389 503.8199
239 252.6228 497.2452
240 237.8991 518.4610
241 264.3576 504.4956
242 267.7367 511.2725
243 258.2643 409.0515
244 266.6445 412.1565
245 269.6131 412.8372
246 178.8425 402.9061
247 170.3075 395.9483
248 303.0485 439.5971
249 435.5946 418.7352
250 298.7609 509.4447
251 520.4880 376.0605
252 382.4398 430.3186
253 400.6529 432.9161
254 418.6203 433.5978
255 443.5136 427.6579
256 367.1611 424.7048
257 406.8033 385.7427
258 387.8527 385.6147
259 424.9419 389.9365
260 437.5396 397.7494
261 459.5649 442.9043
262 351.6059 691.4842
263 442.4009 415.7740
264 525.9298 451.9250
265 483.4287 434.8939
266 386.3979 503.8349
267 301.4211 567.5000
268 297.1345 590.4579
269 327.2932 578.3173
270 343.5093 591.2306
271 316.0307 594.5241
272 330.8474 600.4166
273 370.6608 629.8054
274 293.4193 494.2941
275 296.9714 475.9240
276 469.1799 383.7295
277 352.9119 454.5689
278 346.6777 502.3742
279 349.8589 494.3881
280 445.2799 510.4497
281 300.0715 455.6311
282 423.5036 356.0344
283 449.9074 366.5157
284 499.1976 338.2560
285 340.9269 363.0303
286 371.0358 390.4323
287 385.8569 612.6789
288 509.0053 635.9389
289 331.9585 512.1344
290 314.6950 517.1943
291 362.8480 612.3167
292 354.3259 610.0083
293 462.2041 357.8166
294 348.1683 513.9678
295 388.1738 353.2414
296 392.5387 339.3362
297 420.4924 285.3696
298 480.2809 346.8539
299 404.6558 310.4548
300 482.7818 379.8033
301 501.2693 378.6562
302 299.1987 580.1592
303 320.5088 587.7122
304 336.5945 595.8624
305 327.0076 516.2338
306 358.1824 611.4720
307 349.6468 612.0671
308 352.7333 608.6330
309 318.6454 499.4730
310 328.2514 600.3561
311 313.1478 596.9574
312 295.7568 594.7378
313 301.9729 653.8142
314 299.8411 630.9963
315 299.0104 618.2927
316 298.0750 607.5300
317 297.4243 601.0594
318 331.5750 604.9751
319 334.0268 607.6761
320 338.0148 613.4965
321 342.0994 620.9416
322 362.8762 570.5962
323 534.0306 544.8073
324 341.8397 607.5256
325 345.1094 608.9047
326 307.1116 525.6336
327 341.1761 527.4741
328 310.7032 521.5256
329 372.8379 468.0868
330 402.0378 483.1809
331 353.4636 505.3046
332 467.8621 307.2385
333 450.1003 323.5114
334 432.0642 343.4279
335 352.6701 639.5415
336 348.2751 339.9316
337 359.2354 306.5802
338 371.2202 275.0593
339 434.2523 432.3342
340 480.4137 459.2062
341 357.3497 418.8340
342 460.3454 407.3341
343 339.4535 439.9836
344 332.4942 490.2883
345 502.6726 476.8791
346 464.7549 468.6212
347 438.2188 471.1776
348 401.8923 464.2021
349 376.0576 454.0822
350 356.2551 443.1352
351 313.1103 410.2800
352 497.0450 514.9112
353 477.9370 407.6959
354 287.6320 505.6833
355 348.7364 470.1355
356 538.7311 461.4182
357 341.3932 430.9397
358 356.7549 509.6536
359 449.7682 418.3215
360 335.8980 480.8770
361 526.7052 589.7385
362 358.3029 412.5053
363 317.7913 465.7805
364 451.3874 664.6309
365 455.2343 693.7038
366 523.9350 530.5024
367 479.2990 642.7957
368 514.3929 412.9123
369 356.8235 715.1523
370 287.5323 512.4942
371 365.5013 487.1783
372 502.1052 442.6317
373 417.0313 421.7749
374 401.1087 422.2324
375 354.7005 616.7426
376 492.2131 553.4965
377 316.3922 742.2898
378 388.5402 725.8904
379 420.0230 713.1262
380 385.9183 420.6260
381 372.1962 417.3485
382 363.1068 414.8964
383 494.1066 408.6639
384 373.3897 403.0039
385 388.7410 400.4138
386 403.5831 400.3159
387 419.1974 403.6519
388 429.9113 408.5148
389 533.1706 414.7727
390 427.9403 420.3353
391 346.4906 555.8049
392 331.6801 507.2276
393 307.5271 542.1315
394 421.3112 685.6889
395 390.9682 701.1960
396 315.5213 723.3910
397 483.7308 670.5946
398 362.7276 408.2830
399 322.3320 438.0743
400 354.3884 735.9185
401 516.9451 572.3394
402 315.7333 602.3597
403 318.0941 607.2504
404 320.5180 615.7278
405 322.9380 626.9535
406 330.0614 648.1018
407 344.4642 605.8792
408 350.2998 604.5832
409 356.3440 602.0571
410 377.0005 590.3479
411 460.0987 555.7836
412 325.9808 423.7399
413 342.2527 396.9753
414 354.4030 401.5745
415 341.3175 603.6754
416 464.5893 607.2984
417 323.9208 391.7559
418 341.8341 669.4730
419 308.3298 425.4541
420 333.3690 467.8384
421 307.2934 675.4155
422 392.2815 640.2205
423 370.9610 527.6387
424 369.8496 658.2829
425 414.1486 529.3157
426 386.1062 548.4128
427 430.2044 564.4668
428 312.3633 700.1515
429 346.4648 482.1306
430 411.8812 658.8949
431 382.8830 677.1200
432 408.2758 617.0328
433 486.6008 587.2822
434 436.5401 624.5169
435 504.3687 610.5443
436 399.7233 577.8908
437 335.2033 453.8124
438 324.9397 496.8075
439 339.9302 507.0542
440 315.5200 481.5142
441 357.4677 381.9031
442 387.5446 373.6397
443 413.0177 373.8154
444 434.8606 379.5868
445 451.1279 390.4674
446 464.4358 426.2622
447 527.5598 490.4947
448 448.0245 447.9998
449 427.8497 450.3362
450 402.6666 447.6399
451 379.1572 441.5171
452 361.0691 433.8201
453 348.3214 426.1144
454 536.8393 503.4913
455 340.0323 514.5383
456 318.5110 451.3251
457 308.5414 493.7138
458 298.4143 504.6321
459 309.4978 498.4884
460 334.6142 521.8310
461 294.1105 505.1616
462 294.0541 512.0399
463 350.6729 412.2728
464 338.6316 414.8693
465 330.8668 415.2014
466 436.5845 412.2836
467 448.0867 406.7741
