# Image: /home/yaroslav/Projects/Diia.AIContest-AdAstrum/fixtures/FLUXSynID-processed/0106e3309eb7/0106e3309eb7_f_live_0_p_d1.jpg
# Mode: stream
# Status: fail
# Errors: strong_shadows_on_face: Strong shadows or uneven lighting detected (difference: 42.0); face_too_small_in_frame: Face occupies only 44.6% of frame (min: 50.0%)

# 2D Landmarks (index x y)
0 297.0486 556.7136
1 287.1499 485.4229
2 295.0099 510.1011
3 273.6526 425.6253
4 285.6157 464.9944
5 286.3403 440.4568
6 291.1271 384.4354
7 177.7519 394.9512
8 291.1329 342.7393
9 289.6757 318.3541
10 289.4116 233.3315
11 297.8109 566.8129
12 299.0912 575.0121
13 300.5228 579.2171
14 300.7806 582.2614
15 300.6910 590.1347
16 300.9570 600.3559
17 301.7749 612.0245
18 305.1485 633.2917
19 289.8391 496.9573
20 277.6169 499.0727
21 128.5508 340.5784
22 226.1338 408.0909
23 208.8883 410.9268
24 193.0418 411.4247
25 173.5712 403.6722
26 240.6262 401.7383
27 201.1455 362.6283
28 219.4909 362.5291
29 184.7473 366.6246
30 174.6086 373.9706
31 161.1983 418.5768
32 241.7394 670.7556
33 172.7620 391.2430
34 123.3839 419.9479
35 144.4911 408.1959
36 214.6653 486.9399
37 276.7740 555.8657
38 282.7868 576.7964
39 257.5320 566.1179
40 246.2499 578.1964
41 269.2478 580.8811
42 258.7723 586.0167
43 228.0527 612.1419
44 273.1375 486.2360
45 269.1700 467.2306
46 147.6789 356.7413
47 246.4659 434.8885
48 240.7617 490.5050
49 240.1340 480.8660
50 167.3274 491.8831
51 271.0771 444.3232
52 181.4544 331.7480
53 160.2373 340.7037
54 138.2983 303.9173
55 255.3162 341.5521
56 236.1876 367.1804
57 214.6356 596.0162
58 149.9170 600.6559
59 254.9859 500.6975
60 269.2814 505.0315
61 234.7496 595.6386
62 243.1672 592.8095
63 151.4424 329.8726
64 242.7805 500.8939
65 212.3761 331.0374
66 207.7815 315.8859
67 195.1138 251.8375
68 144.6150 315.9313
69 202.3663 281.9031
70 139.3737 351.0643
71 133.6515 346.4631
72 279.1582 567.9351
73 263.8749 575.0941
74 252.3283 582.3676
75 260.2851 504.1728
76 239.0123 594.6310
77 244.8126 594.9461
78 245.2608 591.1364
79 259.9118 490.2976
80 263.2461 585.0766
81 273.9783 582.2840
82 286.5008 580.3916
83 282.5332 634.3557
84 280.9755 612.3683
85 281.4248 600.3281
86 282.8081 589.9838
87 284.5438 583.4417
88 259.2640 587.7773
89 256.5408 590.4989
90 252.7149 595.9674
91 249.3639 603.2513
92 230.4305 556.4819
93 133.7211 508.3667
94 292.5039 502.3876
95 252.6497 589.9893
96 249.0203 591.6021
97 274.9081 513.1775
98 251.0250 513.3550
99 272.2131 509.3338
100 230.0485 448.7513
101 203.4188 464.8092
102 239.4757 491.0934
103 158.9093 273.6681
104 166.1190 293.4076
105 174.8701 317.5805
106 242.0605 621.2457
107 247.4411 317.3763
108 242.1228 277.5905
109 237.1656 239.7681
110 180.3721 409.4929
111 144.9585 434.9275
112 249.7813 395.5678
113 158.1840 381.4982
114 256.8136 420.1845
115 248.1000 479.9831
116 130.1013 450.9977
117 154.5662 446.7827
118 174.6170 451.0292
119 205.9028 444.1080
120 229.2933 433.3725
121 246.5437 421.8563
122 275.4393 391.0659
123 133.3088 491.1314
124 145.5712 380.7497
125 281.3064 496.7974
126 247.6052 452.6692
127 127.0899 424.3250
128 258.7778 409.5839
129 240.4062 493.9077
130 168.3004 393.5851
131 248.2542 468.5643
132 138.5931 553.7888
133 250.2269 388.3965
134 258.6120 454.0103
135 173.3963 638.0419
136 179.4537 661.9428
137 124.6370 500.4108
138 155.6693 614.4438
139 128.8855 380.8032
140 238.6770 692.3713
141 285.9059 502.1814
142 234.3548 469.5192
143 133.0585 414.5677
144 193.0081 399.3506
145 207.7301 400.0731
146 240.7258 599.5728
147 138.9768 529.5497
148 273.3704 719.4723
149 222.0225 698.0999
150 201.5576 683.6628
151 289.0699 274.7029
152 312.9619 721.8716
153 222.5230 397.9974
154 236.4024 393.7749
155 245.5455 390.9443
156 136.2420 379.9844
157 234.8125 377.4775
158 219.6418 374.2047
159 204.3528 374.2447
160 189.7117 378.1717
161 181.0501 383.5416
162 125.0901 378.4010
163 183.7134 397.2893
164 296.0619 524.8927
165 244.0313 542.0744
166 253.4586 496.6717
167 273.3025 529.7828
168 292.6517 363.9690
169 194.0998 660.1600
170 215.3075 676.4569
171 269.3088 703.0260
172 163.9372 636.6283
173 245.3983 383.3637
174 264.3038 421.2689
175 308.9752 704.7698
176 244.7521 710.5576
177 131.2519 542.3384
178 270.5591 585.0697
179 267.7553 590.0250
180 264.9233 597.9210
181 263.0508 608.7912
182 259.9169 629.0127
183 249.6230 590.2540
184 243.6920 589.5927
185 238.0673 587.4973
186 219.6546 575.3846
187 158.4864 535.8531
188 266.4591 404.2316
189 261.1849 373.4486
190 252.0245 377.9140
191 254.0015 587.5212
192 159.5115 584.3324
193 272.3847 369.6168
194 250.6771 649.8003
195 288.0055 421.0700
196 273.9491 409.0362
197 289.5002 403.1354
198 254.3443 452.8031
199 306.7988 682.1384
200 305.8629 655.9030
201 276.9086 656.6215
202 210.8964 621.1461
203 227.6223 511.6614
204 229.0661 638.5994
205 190.3340 512.5515
206 212.8964 532.8007
207 178.8420 546.8299
208 270.7782 681.3043
209 247.0830 466.4687
210 197.3235 636.8342
211 219.3204 655.3001
212 196.6906 598.9313
213 144.9382 562.6689
214 177.8619 603.3508
215 140.3594 580.7888
216 201.5115 561.8477
217 256.3999 436.5997
218 253.8901 487.4599
219 246.0585 496.1568
220 257.4259 472.1942
221 246.0613 359.0712
222 217.3787 351.2302
223 193.2992 351.2952
224 174.1979 356.0157
225 162.5646 365.5549
226 157.9184 400.6192
227 121.4055 459.6730
228 169.1712 425.4012
229 185.1281 428.7653
230 206.8205 426.4120
231 228.2378 419.7693
232 244.9611 411.4038
233 256.0532 403.5591
234 131.3439 466.4271
235 248.5613 502.4780
236 262.5918 436.9240
237 262.8809 485.2200
238 274.7572 495.0822
239 265.1743 489.4393
240 255.0111 508.6145
241 276.7867 496.1241
242 280.9310 501.5465
243 255.8911 388.8528
244 264.5167 391.9468
245 267.6599 393.3211
246 176.3159 387.6762
247 167.6441 382.1296
248 304.1842 423.6561
249 432.1917 377.1089
250 309.1529 496.8313
251 510.2648 313.0275
252 380.1694 396.7738
253 398.5660 397.2429
254 416.5194 395.7892
255 440.7214 385.0548
256 364.2456 392.7666
257 398.7664 348.0943
258 379.7461 350.7420
259 417.3404 349.6605
260 431.0015 355.3424
261 457.9201 398.8576
262 380.7434 666.3048
263 438.7572 372.3765
264 524.7561 394.5797
265 480.4790 386.3403
266 391.4607 475.6330
267 318.2109 552.3927
268 316.9246 574.1791
269 342.4971 559.3657
270 358.9798 569.1186
271 334.2944 575.7582
272 348.6987 578.8693
273 389.3675 602.5536
274 302.7084 484.3170
275 303.4819 464.8024
276 460.5114 335.5517
277 353.1002 427.7226
278 351.8279 482.8771
279 353.7515 473.2816
280 450.7055 474.2096
281 303.5336 442.2004
282 410.3619 316.1511
283 438.6340 321.7545
284 483.5722 277.5342
285 329.3993 336.6877
286 363.6166 357.8271
287 402.2649 584.0656
288 528.6050 583.8992
289 339.2142 494.5730
290 323.9390 501.1250
291 379.3046 585.0139
292 371.4170 583.1644
293 449.6525 309.6191
294 354.3583 493.3022
295 374.2922 319.9947
296 376.5364 304.2146
297 396.3154 235.0638
298 465.8965 292.6219
299 384.1670 267.8022
300 473.6272 328.4303
301 491.7354 321.4308
302 317.6352 564.7930
303 337.4146 569.2110
304 353.3492 574.3040
305 334.9721 498.7979
306 375.0458 584.4423
307 367.0335 586.0853
308 370.0729 582.0080
309 326.1630 485.3740
310 346.3544 578.4917
311 332.0217 577.6803
312 316.0695 577.8330
313 329.1263 632.0693
314 323.7900 609.7697
315 321.4660 597.5156
316 319.5564 587.5130
317 318.2446 581.1317
318 349.9081 581.2709
319 352.3524 583.6615
320 356.4104 588.9045
321 360.7796 596.0285
322 375.5303 546.6267
323 543.1366 485.9460
324 359.9913 582.2544
325 362.7564 583.2948
326 318.0608 510.2408
327 349.2427 506.8170
328 320.8018 505.8574
329 373.9697 439.2097
330 404.5575 451.6084
331 358.5230 483.1770
332 447.1362 250.7713
333 431.5734 273.7171
334 416.6096 300.7981
335 373.8643 614.1018
336 333.2051 311.5859
337 338.5966 269.9486
338 345.6654 230.5385
339 431.9383 392.0237
340 480.1075 413.3847
341 353.7401 388.0212
342 454.8155 361.2551
343 338.6038 414.7859
344 337.6688 473.7721
345 504.3747 427.7977
346 465.5727 426.5617
347 439.1643 433.8624
348 402.4058 431.0177
349 375.8743 423.2793
350 355.3628 414.5064
351 309.6818 388.7824
352 502.7877 469.0805
353 472.0985 358.9545
354 298.8512 495.6438
355 350.4622 445.7716
356 538.6581 398.2813
357 339.5024 403.9407
358 361.9608 485.9911
359 445.8002 374.0705
360 339.5034 462.3534
361 540.8358 533.7934
362 353.9860 381.0184
363 321.3029 449.8482
364 473.7473 625.8723
365 481.3673 651.6880
366 531.6952 477.5412
367 499.3456 599.3371
368 509.0505 355.2551
369 388.5870 688.4730
370 299.4111 501.2771
371 368.5747 460.7757
372 499.8275 391.0541
373 413.8220 383.4640
374 397.9425 386.0002
375 372.1621 590.2810
376 502.0944 509.2340
377 354.5815 717.9249
378 419.9180 693.4608
379 448.8334 676.7120
380 382.6169 385.9064
381 368.3694 384.0204
382 358.9601 382.7824
383 488.2639 356.4606
384 368.2251 368.0990
385 383.2891 362.6129
386 398.5645 360.4121
387 414.9456 362.0520
388 426.0135 366.0715
389 527.8229 351.0216
390 424.7192 380.2460
391 357.8978 534.4031
392 338.6648 490.4715
393 320.6331 526.2492
394 446.4809 651.3348
395 419.2355 670.5674
396 351.4628 701.1319
397 507.2083 623.2780
398 357.9689 375.6704
399 322.0369 417.4583
400 389.0586 707.6279
401 529.0076 521.5449
402 334.9740 580.5041
403 337.5503 585.1188
404 340.5303 592.9975
405 343.9430 603.8621
406 353.8602 624.2961
407 362.0799 581.4729
408 366.9446 580.0089
409 372.2479 577.0677
410 391.2563 563.9752
411 470.5665 517.9218
412 323.8074 400.3356
413 335.9241 368.2457
414 348.7832 370.9446
415 359.0223 579.3996
416 480.5607 567.8446
417 317.3510 366.6256
418 368.3614 645.2176
419 307.1541 406.8862
420 335.8469 447.3648
421 337.4039 654.4339
422 412.1884 611.0860
423 378.4951 502.0440
424 392.8821 631.4870
425 422.2305 498.4480
426 396.2612 521.4086
427 442.1451 531.6985
428 345.6463 679.0668
429 349.4727 459.6620
430 433.7922 627.0700
431 408.1853 648.4948
432 425.3351 586.3868
433 500.2508 544.0106
434 454.2835 589.7760
435 520.6954 562.4496
436 412.8961 549.1876
437 335.9996 431.2054
438 331.6173 481.9776
439 346.2030 489.0958
440 321.2235 467.8535
441 348.6183 352.0575
442 377.0607 339.9306
443 402.6678 336.0194
444 425.4685 337.9106
445 443.2765 345.8069
446 461.0502 380.0865
447 530.9647 435.2819
448 446.9180 406.7748
449 426.9122 412.5422
450 401.6592 412.8491
451 377.7789 409.1299
452 359.0740 403.3249
453 345.7096 397.2230
454 541.5290 442.2421
455 346.9630 495.6138
456 320.2137 433.1586
457 316.5621 481.6794
458 308.6281 492.8564
459 318.0277 485.9034
460 342.5526 502.7537
461 304.8300 494.2365
462 305.2767 499.9573
463 346.5442 382.4558
464 334.7767 387.0710
465 327.2935 389.2846
466 432.7418 369.3218
467 442.7605 362.6556
