# Image: /home/yaroslav/Projects/Diia.AIContest-AdAstrum/fixtures/FLUXSynID-processed/001bd789984b/001bd789984b_m_live_0_e_d1.jpg
# Mode: stream
# Status: fail
# Errors: image_blurry_or_out_of_focus: Image is blurry (sharpness score: 48.22); strong_shadows_on_face: Strong shadows or uneven lighting detected (difference: 61.9); face_not_looking_straight_at_camera: Head is turned 168.3째 (max: 15.0째); head_is_tilted: Head is tilted 13.5째 (max: 10.0째); face_too_small_in_frame: Face occupies only 47.3% of frame (min: 50.0%)

# 2D Landmarks (index x y)
0 270.5954 560.0603
1 276.3010 486.3554
2 278.1281 513.6803
3 276.5449 420.6935
4 279.7807 464.8207
5 286.4192 439.4506
6 304.5877 382.5872
7 182.0491 365.2693
8 314.5619 343.0996
9 319.3528 318.3194
10 340.9411 232.5291
11 269.1669 570.4150
12 268.6977 578.3199
13 269.2602 581.8645
14 269.5630 581.5097
15 268.0328 588.0418
16 266.1909 597.2097
17 264.3603 608.5110
18 261.5375 632.6871
19 276.1320 499.0271
20 261.5278 498.0171
21 139.7611 302.3092
22 229.6894 391.0031
23 211.1803 389.4204
24 194.3733 386.2128
25 175.0254 373.7318
26 246.2183 388.5263
27 214.8866 339.2176
28 233.9633 343.7360
29 196.6078 339.4802
30 183.9063 344.5096
31 157.7874 386.8004
32 180.9647 660.5016
33 177.2747 360.1232
34 113.3711 381.6167
35 141.2978 373.3929
36 197.5161 468.4171
37 247.7210 553.7844
38 249.1817 575.5076
39 223.3247 558.7610
40 207.6892 567.3337
41 232.3085 575.5554
42 218.7431 577.5316
43 180.5467 596.0954
44 260.7393 483.9435
45 261.5041 462.8950
46 159.0638 322.5898
47 244.6700 423.5445
48 222.8929 479.0741
49 225.0319 468.8565
50 145.8214 461.4981
51 269.1394 439.4809
52 202.7418 304.6808
53 177.3028 309.0084
54 160.7930 266.9285
55 278.5231 332.5107
56 250.2246 352.3614
57 168.9300 577.0007
58 91.6677 574.4971
59 235.3805 493.0930
60 249.9032 501.1511
61 190.1557 580.4136
62 198.8621 579.5949
63 170.2648 296.3889
64 221.8818 489.6656
65 236.1518 311.2409
66 235.1687 294.8093
67 236.7049 227.5602
68 165.6804 280.5405
69 237.6219 258.9471
70 151.2606 315.2856
71 145.2225 309.4873
72 247.5394 566.4021
73 228.0948 569.1290
74 213.1869 572.8159
75 239.9438 497.8230
76 194.5323 580.3187
77 202.3126 581.4113
78 201.2727 578.8624
79 244.5649 484.7872
80 223.3169 577.3554
81 236.8046 577.4822
82 252.1921 579.1978
83 236.5641 629.1143
84 241.6716 604.4972
85 244.9384 592.7876
86 248.0117 584.0955
87 250.7399 578.8141
88 219.7741 577.6767
89 216.8127 579.2717
90 212.1282 583.5438
91 207.3121 589.9844
92 195.4792 542.2237
93 98.3618 476.3051
94 277.4111 505.3471
95 210.9000 578.7531
96 207.0224 579.1725
97 254.4205 511.1850
98 227.4477 504.2181
99 252.2028 506.3685
100 223.7022 433.6253
101 191.7469 442.9964
102 221.2560 478.8689
103 191.6606 240.9415
104 195.3244 262.4274
105 199.1701 289.0506
106 194.4982 607.8328
107 276.5282 305.8748
108 280.7568 264.3967
109 284.5858 225.8924
110 181.1300 381.2368
111 135.7881 399.9522
112 257.2246 384.5482
113 163.9127 348.9833
114 259.4206 411.0455
115 234.4009 470.6403
116 114.8569 413.3544
117 144.0758 413.5455
118 165.0408 422.3189
119 199.9802 422.9130
120 227.0410 417.8927
121 248.0116 410.4072
122 286.3841 385.5355
123 107.9061 454.3629
124 150.0496 346.1644
125 266.8905 496.8162
126 240.8999 441.8304
127 114.2431 388.1319
128 263.9560 400.8000
129 221.2793 481.9125
130 171.9107 362.4304
131 237.5393 458.6140
132 91.6622 524.2891
133 259.1469 377.1458
134 253.1541 446.4583
135 111.3885 613.8369
136 110.8506 641.8547
137 93.7079 463.9937
138 96.9373 586.6277
139 130.3005 342.9859
140 171.8739 682.5523
141 270.0615 503.5289
142 222.2817 455.7948
143 126.7364 377.6512
144 197.5493 373.4416
145 212.7381 377.7697
146 197.0891 585.3510
147 102.8545 495.0082
148 203.3787 717.8618
149 151.0477 686.9578
150 131.1610 668.3297
151 330.1524 273.4988
152 245.6072 728.8905
153 228.4193 379.5144
154 243.8443 379.2086
155 253.8761 378.7423
156 139.6630 343.6639
157 245.8999 360.4742
158 231.0669 352.3803
159 215.2334 348.1737
160 198.7251 348.8897
161 188.1780 353.0414
162 125.4416 340.2847
163 188.0246 369.2156
164 276.2084 528.3111
165 213.7161 531.4562
166 234.9550 489.0061
167 249.6367 527.1641
168 310.7653 363.7156
169 129.5925 641.0321
170 149.3282 662.0039
171 203.4466 699.3822
172 98.7426 613.5105
173 255.3680 370.3060
174 267.3180 413.7710
175 246.5621 709.3136
176 173.8579 703.5004
177 89.2557 508.5374
178 233.9329 577.2145
179 230.4249 580.8965
180 226.5205 587.4452
181 222.1968 597.4943
182 212.6843 619.0256
183 206.7707 579.1750
184 201.0889 577.3542
185 195.9057 574.0201
186 178.8430 557.9823
187 122.9701 504.6285
188 273.6274 396.9858
189 275.2445 365.1357
190 263.9392 367.2938
191 211.7445 577.4404
192 110.1431 555.0518
193 288.2690 364.1397
194 196.5047 640.0264
195 292.7567 419.6108
196 280.7343 403.5961
197 298.5196 401.3081
198 248.5097 443.8481
199 250.2135 684.7437
200 256.1842 656.8100
201 224.0705 651.8250
202 159.3057 602.6184
203 203.7331 496.8020
204 175.6018 624.3618
205 164.4924 488.0348
206 183.0585 514.2807
207 142.1705 520.0391
208 210.6201 676.9654
209 236.5088 455.8829
210 139.9614 616.5332
211 159.9923 640.0865
212 148.8659 576.7314
213 99.7541 530.4759
214 126.3061 577.5563
215 88.6095 549.6341
216 162.9979 540.3699
217 254.7526 427.6118
218 238.6618 480.1979
219 227.1721 486.3554
220 246.9963 465.3530
221 263.4980 347.4428
222 235.5525 332.6764
223 210.1087 326.8222
224 188.4732 327.1289
225 173.2286 334.0238
226 158.4217 368.0940
227 100.9620 421.6855
228 165.3428 395.2836
229 181.8568 402.3882
230 205.3628 405.0598
231 229.1709 403.6769
232 248.6871 399.4743
233 262.3286 394.2200
234 107.0650 432.5494
235 227.7885 493.0028
236 261.8241 429.6674
237 249.5483 480.4537
238 259.8568 493.3969
239 250.7251 485.3437
240 232.9193 500.6755
241 261.9087 494.9546
242 264.6548 501.4631
243 265.0620 379.3744
244 274.0754 384.5235
245 277.3774 386.5651
246 182.0980 356.7377
247 174.2466 351.0555
248 309.1078 426.2414
249 450.4864 411.2610
250 297.4556 503.7253
251 545.7825 370.1882
252 392.4057 417.5152
253 411.3375 422.5037
254 430.1735 425.5310
255 457.2023 421.9628
256 376.9244 409.8919
257 423.4074 376.5749
258 403.5395 373.6557
259 441.5577 383.3534
260 453.8589 392.3816
261 472.0116 440.1422
262 332.5044 689.2157
263 458.3539 408.7606
264 541.3618 454.9821
265 498.1954 434.7859
266 388.4891 500.2277
267 295.7737 560.8729
268 289.7090 581.6515
269 321.5436 573.4229
270 338.0288 586.6604
271 309.4125 587.1536
272 325.2467 593.4571
273 360.9376 625.7418
274 293.4620 489.1589
275 299.0883 468.9424
276 488.2217 382.5164
277 358.5496 442.3966
278 347.1496 499.1401
279 350.9615 489.4194
280 449.9980 512.5552
281 304.2485 445.4141
282 441.7284 350.3016
283 469.1412 363.5211
284 527.7692 327.6869
285 354.4630 347.2192
286 385.3454 375.8926
287 379.8908 611.1638
288 501.7324 649.6607
289 331.2228 508.2862
290 313.1001 511.2252
291 357.5497 605.9497
292 349.9731 602.5841
293 483.2108 354.7185
294 347.9434 510.2158
295 404.2771 343.3993
296 410.9216 328.3381
297 450.2853 261.9278
298 505.0570 339.5806
299 428.9189 292.1686
300 503.3966 378.6909
301 524.2108 374.9557
302 292.4935 573.1055
303 313.9725 581.9086
304 330.9816 590.3104
305 325.9132 511.4988
306 353.3599 604.3377
307 343.3200 602.9699
308 348.6410 601.5291
309 318.5274 496.1878
310 323.1157 592.3498
311 306.6639 588.0322
312 288.0865 584.4413
313 287.4218 638.0056
314 288.2583 612.0695
315 289.0666 599.6809
316 289.5534 590.4879
317 289.6204 584.8606
318 325.7727 593.8972
319 327.5528 596.2295
320 330.1406 601.9058
321 332.5941 609.8713
322 359.3407 568.4355
323 538.2884 553.8911
324 336.8688 598.2133
325 339.7301 599.4606
326 304.3523 519.1970
327 339.4091 522.5255
328 308.4935 515.4198
329 377.5542 458.9277
330 406.7723 478.5394
331 353.9814 500.4918
332 497.7648 291.0916
333 475.0839 311.6737
334 452.1208 336.6529
335 340.5879 632.6366
336 365.0699 323.1035
337 382.2420 281.5263
338 399.7369 244.0623
339 446.7190 426.1036
340 491.9044 460.1819
341 367.2546 402.8441
342 476.8275 404.3135
343 346.3655 425.5711
344 333.5532 486.5756
345 513.5454 481.3395
346 474.0167 468.7242
347 445.5764 468.8642
348 408.4209 457.2271
349 382.4910 443.3111
350 363.3334 429.4569
351 322.8272 391.7493
352 503.4839 521.9119
353 495.3853 406.8956
354 286.3450 499.8591
355 352.2915 460.2436
356 553.7907 463.4784
357 349.3965 415.0532
358 356.7870 504.1445
359 464.6783 413.2329
360 337.7723 475.0360
361 525.0039 602.0784
362 369.2505 395.8216
363 321.2099 457.6924
364 439.1064 674.5453
365 438.4827 704.6286
366 529.5558 540.2131
367 471.4257 655.2501
368 534.1949 412.0079
369 334.7419 714.2944
370 285.4310 505.8780
371 368.0239 479.8074
372 516.8805 444.7044
373 430.2003 412.3445
374 413.3578 410.8267
375 347.2421 608.6383
376 494.7310 563.1140
377 290.6514 735.4972
378 364.6875 729.3572
379 398.7146 720.5775
380 397.5631 407.1576
381 383.2099 401.9389
382 373.9034 398.6672
383 512.4802 408.6782
384 387.5868 385.0322
385 404.7650 382.8432
386 420.9237 384.5449
387 437.1829 390.8154
388 447.2599 398.3417
389 554.0524 412.7425
390 442.0610 412.1514
391 342.7754 552.2016
392 331.3326 504.0548
393 303.5816 535.5108
394 404.4122 692.7514
395 371.0844 704.8657
396 292.4789 716.9016
397 471.3807 683.4013
398 374.8829 390.9136
399 328.9786 424.1975
400 329.0042 734.5917
401 517.4870 584.5115
402 308.8151 588.6980
403 310.4012 593.1963
404 311.2846 600.8171
405 311.7673 611.9953
406 316.1473 636.9533
407 340.0011 599.3054
408 345.2645 598.9137
409 351.3127 597.3630
410 373.1627 589.0913
411 461.8342 562.8602
412 334.4353 407.2271
413 353.7027 378.9239
414 366.6001 384.8894
415 337.2863 596.5301
416 461.0893 617.1446
417 335.3008 372.5375
418 325.0768 663.5999
419 316.1274 409.5746
420 336.6798 458.4286
421 289.9762 664.1714
422 380.8826 641.1600
423 370.2385 524.2808
424 354.6475 656.4072
425 416.3642 530.4716
426 385.0697 547.9396
427 430.4684 569.3476
428 292.2204 692.5666
429 348.3721 474.2938
430 398.2968 663.5567
431 365.7856 678.5594
432 401.3891 619.7597
433 485.6343 598.5007
434 429.4631 631.3140
435 500.5775 623.9695
436 397.7393 579.5282
437 340.3132 441.8236
438 325.2206 493.8662
439 339.9050 504.2616
440 317.3085 476.6781
441 370.6216 367.0330
442 402.7031 363.3152
443 429.5990 366.7459
444 452.2355 374.7623
445 468.4370 386.9566
446 479.2122 423.4800
447 538.2879 497.2946
448 458.7885 444.6011
449 437.1937 444.7720
450 411.1992 438.9338
451 387.3326 429.5180
452 369.3110 419.3549
453 356.9372 409.8589
454 546.3976 508.8661
455 339.4764 510.9662
456 323.5893 440.0130
457 309.0818 490.0203
458 297.6240 499.4559
459 309.5467 494.7063
460 333.2847 517.1107
461 293.1921 499.9539
462 292.3251 506.0225
463 361.2845 395.5982
464 348.1028 397.0595
465 340.1676 397.2684
466 453.1724 403.8443
467 464.0557 402.0321
