# Image: /home/yaroslav/Projects/Diia.AIContest-AdAstrum/fixtures/FLUXSynID-processed/001bd789984b/001bd789984b_m_live_0_p_d1.jpg
# Mode: stream
# Status: fail
# Errors: face_not_looking_straight_at_camera: Head is turned 168.1째 (max: 15.0째); head_is_tilted: Head is tilted 13.6째 (max: 10.0째); face_too_small_in_frame: Face occupies only 40.3% of frame (min: 50.0%)

# 2D Landmarks (index x y)
0 275.3705 556.5537
1 285.2748 483.3485
2 283.4980 510.3429
3 283.8404 418.4342
4 289.0242 462.2200
5 294.8363 437.2202
6 309.6115 380.7529
7 183.3739 362.6590
8 318.7364 340.7293
9 323.8842 315.5420
10 344.2633 228.4955
11 273.6748 566.5692
12 272.7593 574.0437
13 272.7835 577.0073
14 273.2326 575.3468
15 271.9796 581.2393
16 270.1415 589.9117
17 268.0362 600.7333
18 263.8152 624.4256
19 283.9529 495.7068
20 268.0157 493.9451
21 136.9935 294.3407
22 231.0196 388.0947
23 212.6243 386.5652
24 195.8036 382.9788
25 175.7008 370.2682
26 247.4978 385.4890
27 217.4374 337.7033
28 235.7085 342.0636
29 199.3646 337.4873
30 186.4726 341.9450
31 158.4204 381.8314
32 183.1071 652.0694
33 178.5612 357.4777
34 110.6640 374.2769
35 141.2932 367.6996
36 200.8972 463.2907
37 252.7071 549.5866
38 252.9365 570.4663
39 227.5718 553.4059
40 210.6193 560.8354
41 235.3542 569.7251
42 220.7103 570.8563
43 182.1554 587.7747
44 269.6679 480.4916
45 270.8153 459.9440
46 161.1286 317.7524
47 247.6656 420.0413
48 228.5382 473.9077
49 230.1930 463.9710
50 147.7234 455.1304
51 277.5796 436.8849
52 206.8162 301.1852
53 180.6479 304.8922
54 159.9252 259.2956
55 282.7221 329.7737
56 251.5797 350.4482
57 170.4682 568.8245
58 87.8446 566.1217
59 240.5464 487.6853
60 255.0812 496.5807
61 191.4250 571.8397
62 199.4941 571.4690
63 173.1183 291.3896
64 226.7619 484.1279
65 240.4614 308.0724
66 239.9649 291.1661
67 239.3739 221.2484
68 166.7887 274.0566
69 241.5589 253.9257
70 152.5273 309.4849
71 144.5767 302.4678
72 252.0552 561.8396
73 231.8122 563.5765
74 215.8557 566.1876
75 244.9002 492.5832
76 195.6419 571.8337
77 204.2277 572.9855
78 201.5948 571.0557
79 251.3805 479.9870
80 224.5897 570.6247
81 239.1877 571.4525
82 255.3160 573.7833
83 239.2337 620.8005
84 245.7387 596.5029
85 249.1894 585.0591
86 251.9421 576.9547
87 254.3385 572.1865
88 221.7600 570.0986
89 219.1916 571.3002
90 214.9191 575.2493
91 210.1722 581.4957
92 198.9212 536.0210
93 92.8342 468.5608
94 283.9520 501.9895
95 212.2005 570.9367
96 208.6849 571.0379
97 259.5808 506.9200
98 231.6972 498.6412
99 257.4121 501.9128
100 226.3451 429.5203
101 194.3529 438.0209
102 225.8484 473.5935
103 192.6473 233.8089
104 197.9285 256.7276
105 203.2358 284.8337
106 196.7468 599.4879
107 281.4910 302.6711
108 285.2537 260.0807
109 288.1217 220.5544
110 182.1900 377.8477
111 136.3117 393.8002
112 258.4730 381.5380
113 165.3092 344.8209
114 262.9224 408.0690
115 241.3633 466.1466
116 114.7396 406.5542
117 145.3686 407.6117
118 166.9952 416.8760
119 201.9221 418.4870
120 228.9811 414.1074
121 250.2581 407.1150
122 291.3650 383.3859
123 108.1676 447.2649
124 150.8421 340.9475
125 274.7856 493.2483
126 244.5845 437.9772
127 108.7380 380.1601
128 266.6273 397.8891
129 225.0100 476.6042
130 172.7465 359.0658
131 243.6971 454.4365
132 86.9287 516.3566
133 260.1709 374.3812
134 260.7630 443.2768
135 112.0830 605.1420
136 110.1335 632.7236
137 91.6961 456.5476
138 96.3202 578.0580
139 128.3577 335.7458
140 174.1096 673.2796
141 276.6658 499.9455
142 225.6128 451.2536
143 125.9001 371.1648
144 199.2074 370.9120
145 214.4395 375.2577
146 198.9961 576.8299
147 102.7447 487.7923
148 204.7064 707.3541
149 152.2473 677.4825
150 131.7015 659.1987
151 334.3154 270.1981
152 245.3003 718.0409
153 230.0039 376.8749
154 245.0998 376.3569
155 254.9124 375.7864
156 139.6115 337.5237
157 247.0918 359.3019
158 232.3569 352.1781
159 217.2208 348.1966
160 201.0933 348.4485
161 190.2412 351.7563
162 121.3346 332.2616
163 189.5255 366.5386
164 281.1349 525.1178
165 217.9233 525.8270
166 240.6410 483.7271
167 254.7056 523.0895
168 314.6395 361.6042
169 130.9169 632.3158
170 151.1085 653.1366
171 205.6188 689.8700
172 96.2158 604.6526
173 256.5123 368.1046
174 272.7649 411.1714
175 247.6540 699.3728
176 175.5462 693.5109
177 87.3943 500.9193
178 236.8838 570.0485
179 233.7218 573.3254
180 230.1425 579.3885
181 225.9111 589.2288
182 215.3630 610.5832
183 207.8612 571.7103
184 202.6353 569.7928
185 197.7502 566.4430
186 181.1951 550.8013
187 123.8160 497.5584
188 277.8443 394.4954
189 277.2667 362.4416
190 265.3540 364.7782
191 212.2910 570.2589
192 110.4706 547.1852
193 291.7840 361.7440
194 198.5034 631.8633
195 300.0042 417.5951
196 286.8759 401.4318
197 304.7415 399.5098
198 253.7190 440.3245
199 251.8979 675.8936
200 258.0337 648.5235
201 226.3168 643.6897
202 161.1900 594.7341
203 207.2117 491.0929
204 177.5584 616.2804
205 167.0719 481.9902
206 186.0848 508.2872
207 143.7127 513.2471
208 212.9528 668.4484
209 240.6633 451.6550
210 141.6895 608.4021
211 161.9780 631.8172
212 150.5694 568.9637
213 99.5196 522.8968
214 127.6140 569.5325
215 87.0823 541.5701
216 165.0654 533.5467
217 259.1863 424.4269
218 245.7011 475.4189
219 232.9099 481.0423
220 255.3186 461.6515
221 265.7720 344.9387
222 238.2456 330.2536
223 213.3746 324.1028
224 191.6349 323.8108
225 175.6146 330.2985
226 158.9193 363.4701
227 98.5152 414.3113
228 166.3949 390.6326
229 183.3113 398.0118
230 206.8722 401.3758
231 230.6415 400.3672
232 250.3299 396.3330
233 264.1140 391.1584
234 101.1637 424.6786
235 232.8682 487.5755
236 268.3053 426.8610
237 257.9810 476.4364
238 267.2210 489.4326
239 258.2502 480.9576
240 237.5031 495.2845
241 269.6100 491.2856
242 271.2590 497.6200
243 266.4116 376.4966
244 276.0572 381.7308
245 280.3211 383.9584
246 183.8095 354.6914
247 175.8910 347.8944
248 315.5303 424.4433
249 445.5340 413.7193
250 303.2300 500.5101
251 533.6609 368.5022
252 389.8635 418.4290
253 408.2498 423.9946
254 426.3374 426.9592
255 451.4669 423.6948
256 374.9024 409.9399
257 420.4835 378.2502
258 401.7923 374.9544
259 437.6164 384.9978
260 449.0328 393.9416
261 465.5093 440.3594
262 329.0466 681.5291
263 452.5642 411.2998
264 527.4920 453.4623
265 489.8913 434.4204
266 387.1245 497.9474
267 299.8053 557.7209
268 293.3686 577.5515
269 324.0225 570.0767
270 339.4774 582.8971
271 312.1414 583.0068
272 327.2468 589.1203
273 358.8211 619.9979
274 301.6722 486.2646
275 307.5097 466.5862
276 483.6923 382.0688
277 358.8998 440.8339
278 350.6506 496.2112
279 353.8503 486.6703
280 445.0023 510.7269
281 311.8049 443.3024
282 441.1382 349.3952
283 466.5891 362.9364
284 519.5912 326.2091
285 357.2838 345.2772
286 384.2048 376.4757
287 377.6952 606.3707
288 481.5415 644.4311
289 334.9887 504.8502
290 317.2666 507.9325
291 357.0264 600.4719
292 350.1418 597.3717
293 480.3464 353.5096
294 350.4178 506.8828
295 405.5493 342.1164
296 412.5784 326.5730
297 449.3015 259.7016
298 499.8852 338.1671
299 429.5560 290.0645
300 497.8462 377.6890
301 515.6090 373.5216
302 296.4875 569.5437
303 316.6628 578.1370
304 332.8406 586.2233
305 329.4581 507.9676
306 353.2525 598.8956
307 343.6461 597.0967
308 348.7795 596.5572
309 324.2050 493.0531
310 324.8769 587.7990
311 309.0748 583.5036
312 291.1797 579.9356
313 288.3383 630.1221
314 290.7689 604.6150
315 292.1364 592.6273
316 292.7870 584.1500
317 292.7462 578.9801
318 327.2670 588.4010
319 328.8900 590.3146
320 331.1248 595.5971
321 333.0098 603.3012
322 359.5970 564.9750
323 518.1755 550.9428
324 337.5187 592.7999
325 340.3318 593.8330
326 308.6701 515.8474
327 341.3544 518.7591
328 312.6946 512.0410
329 376.7439 457.4033
330 404.5771 477.0992
331 355.8903 497.4740
332 493.1314 289.4198
333 472.9332 310.0952
334 451.4870 335.2770
335 339.0430 625.9752
336 368.4004 320.7607
337 384.8990 278.9473
338 401.2318 241.0587
339 441.8108 427.6781
340 483.9327 459.4977
341 365.7922 402.4877
342 470.9444 404.9218
343 347.7010 424.0363
344 338.6783 483.8936
345 503.0318 480.1223
346 467.4939 468.0236
347 441.1344 467.9312
348 405.8733 456.5152
349 381.0423 442.5322
350 362.7793 428.3156
351 326.8526 390.1335
352 492.9967 520.2383
353 488.6466 406.6019
354 293.7099 496.7037
355 353.4650 458.1981
356 535.7751 461.3112
357 349.9045 413.7243
358 357.6062 500.9259
359 458.5201 415.0592
360 342.1978 472.6075
361 504.1770 598.2965
362 367.5562 395.6665
363 327.3855 455.5734
364 426.8292 668.1382
365 422.8796 696.9425
366 513.8488 537.9154
367 457.0255 649.7453
368 522.6932 410.5829
369 329.9045 705.3608
370 291.7444 502.6511
371 367.8251 477.5505
372 506.6843 443.7989
373 426.5612 414.7094
374 410.3104 412.8586
375 346.9948 602.7045
376 483.4967 560.7058
377 287.5569 724.8675
378 355.0977 720.0550
379 386.1876 712.1056
380 394.8635 408.5059
381 380.9430 402.4771
382 372.0451 398.6890
383 504.2617 407.8253
384 385.2981 386.6300
385 401.7586 385.8048
386 417.0122 388.0623
387 432.2871 394.3096
388 441.9004 401.4081
389 538.6793 410.8450
390 437.7577 414.5472
391 344.1223 548.6160
392 335.5813 500.8410
393 307.4042 532.4600
394 394.2685 685.6368
395 363.2816 696.7560
396 290.8793 707.5839
397 453.2720 676.7955
398 373.0901 391.2188
399 332.9525 422.5972
400 322.7519 724.5025
401 501.0599 581.4032
402 311.2543 583.1131
403 312.7246 587.1269
404 313.4148 594.1060
405 313.3264 604.8240
406 315.7059 629.5192
407 341.1305 594.6313
408 346.0742 594.2866
409 351.8255 592.8788
410 372.4270 585.1933
411 454.3760 560.2942
412 337.1578 405.7147
413 354.0592 377.7081
414 365.5724 384.5609
415 338.2291 591.9756
416 450.7051 613.1495
417 337.7245 370.7694
418 322.8675 656.2641
419 321.4025 407.9239
420 340.1530 456.2826
421 290.0672 656.3743
422 376.1917 635.7719
423 369.8760 521.0766
424 350.7282 649.8585
425 413.5729 528.0772
426 383.8614 544.9621
427 425.9385 566.5409
428 291.6601 684.4119
429 350.4119 471.8432
430 390.8136 657.4433
431 359.9787 671.4341
432 396.7762 615.3136
433 473.5885 595.2004
434 421.6122 626.5055
435 484.4010 619.6838
436 395.4682 576.3070
437 342.8520 439.9784
438 330.9078 490.9094
439 343.8040 501.1976
440 324.1876 474.2514
441 371.0489 366.2821
442 402.2417 363.3833
443 427.8733 367.2191
444 449.2113 375.3175
445 464.0284 387.5761
446 472.2791 424.1163
447 523.4489 495.5561
448 453.1352 445.0041
449 433.0795 444.9903
450 408.3307 439.3267
451 385.3208 429.5621
452 367.9632 418.7252
453 356.3261 408.8331
454 527.0723 506.3491
455 342.6443 507.6557
456 328.7936 438.1724
457 316.2176 487.1094
458 304.0418 496.2289
459 315.9913 491.5653
460 336.0606 513.4581
461 300.1028 496.8158
462 298.2777 502.7364
463 360.1800 394.9903
464 348.1958 395.8042
465 341.5185 395.8176
466 447.6554 406.6035
467 458.4584 403.5675
