# Image: /home/yaroslav/Projects/Diia.AIContest-AdAstrum/fixtures/FLUXSynID-processed/003705bb8fe8/003705bb8fe8_m_live_0_e_d1.jpg
# Mode: stream
# Status: fail
# Errors: head_is_tilted: Head is tilted 25.5° (max: 10.0°); hair_covers_part_of_face: Possible hair occlusion detected (score: 0.171)

# 2D Landmarks (index x y)
0 297.3391 561.6794
1 290.1113 484.1695
2 294.9653 517.2780
3 269.6375 430.2749
4 288.4097 462.6703
5 287.8348 440.3734
6 287.5176 393.1869
7 146.4130 431.8576
8 285.5990 355.0230
9 283.4351 330.0331
10 278.8174 253.4027
11 298.2249 572.0583
12 299.3926 582.0557
13 300.2566 587.8815
14 300.1168 593.1361
15 300.3076 599.6545
16 300.8711 609.8597
17 302.0378 623.2362
18 305.8245 655.2442
19 291.9487 498.4320
20 272.6675 506.1090
21 80.3242 393.4307
22 203.3838 435.3033
23 183.8017 440.3895
24 164.7509 443.2526
25 139.1313 441.3984
26 219.7802 427.4218
27 172.8921 390.6344
28 193.7897 388.2282
29 153.8496 397.1246
30 141.4326 407.2823
31 123.6872 457.1731
32 223.6678 712.3111
33 139.4948 430.2694
34 70.6393 475.6978
35 101.6785 451.9081
36 187.0683 508.4175
37 267.2864 563.1113
38 273.8573 586.3151
39 237.7432 578.2645
40 220.6118 594.1085
41 252.1364 593.3327
42 236.1557 602.0849
43 199.3693 638.5100
44 271.8796 487.0207
45 267.2831 467.2871
46 111.3644 394.7161
47 227.4053 454.1906
48 220.6321 501.7648
49 219.3380 493.5478
50 127.5632 521.6143
51 268.0761 446.1448
52 154.3057 359.1944
53 128.3697 373.7793
54 95.0264 350.1718
55 242.2005 357.6266
56 213.2080 391.1759
57 180.9175 622.6906
58 94.4115 674.8251
59 238.3548 511.4833
60 257.5832 515.4460
61 203.7654 618.4424
62 214.2350 615.8357
63 117.5573 365.3994
64 221.0167 513.9712
65 191.2290 352.3919
66 186.2201 337.6062
67 166.4102 282.6341
68 106.2523 356.3374
69 177.8996 306.9945
70 100.5417 391.9785
71 90.3884 393.3049
72 270.0349 575.8527
73 245.5873 586.9745
74 228.5289 598.0347
75 244.3666 515.5619
76 209.1640 617.1741
77 219.0068 616.0194
78 217.0959 614.8854
79 249.2137 497.0913
80 241.0472 601.8648
81 257.6133 595.4549
82 277.6488 590.9821
83 275.7155 657.7522
84 273.9255 625.6385
85 274.2803 612.0520
86 275.1500 601.6358
87 276.9247 596.0393
88 239.4817 606.1841
89 236.3163 608.5529
90 231.8265 614.4442
91 227.8332 623.2038
92 202.5568 576.1638
93 74.3452 579.2965
94 293.4826 507.3229
95 229.1709 611.0430
96 224.4252 611.9601
97 265.5663 523.2277
98 230.0257 527.4496
99 261.7906 519.5245
100 206.3216 470.4195
101 174.0328 488.5541
102 217.0266 505.6282
103 121.6578 312.5527
104 133.7946 327.1138
105 146.3692 346.5169
106 219.2928 647.4508
107 233.6589 333.2075
108 225.2687 297.0733
109 216.9594 264.6147
110 148.4541 444.5983
111 102.6245 475.3065
112 230.0962 419.8758
113 121.4244 420.3570
114 241.6175 437.4578
115 233.8845 487.6749
116 82.2802 496.9561
117 115.3036 481.9114
118 139.9748 480.4411
119 178.1635 470.0652
120 206.2236 457.3116
121 227.4436 443.7510
122 267.6715 402.3936
123 83.7662 535.4930
124 105.7047 422.0876
125 280.8969 499.5124
126 227.8378 469.6488
127 70.5275 488.8243
128 242.6443 429.1881
129 216.2556 510.8302
130 132.4283 432.6329
131 232.5452 477.9650
132 80.1408 627.0037
133 229.7160 414.3232
134 250.1064 459.6074
135 128.9878 694.5796
136 134.8517 730.6311
137 69.2303 559.1011
138 105.2004 674.5701
139 80.9728 432.2014
140 219.6240 743.3395
141 284.6756 507.8767
142 210.5779 489.1760
143 86.3200 462.2982
144 166.0267 431.6286
145 183.1398 429.4670
146 213.6990 621.5279
147 87.1210 576.8680
148 265.3703 775.7156
149 194.2179 760.9079
150 165.5777 748.9990
151 280.8050 289.9855
152 317.4099 773.7305
153 199.3256 425.7210
154 214.7143 420.4747
155 224.6196 417.0816
156 93.0852 425.0180
157 211.8057 408.9822
158 194.4084 409.7227
159 178.4865 411.7084
160 162.4264 416.6497
161 151.6031 422.3342
162 72.5557 436.7720
163 154.4146 432.0036
164 295.9285 532.2912
165 220.7555 558.3479
166 237.4301 506.4952
167 263.7144 539.7860
168 287.3714 376.5621
169 157.7509 714.9982
170 186.7569 729.9129
171 261.8169 749.4452
172 113.3037 708.7758
173 224.0335 411.1973
174 254.1389 432.3677
175 313.5736 747.9943
176 226.3927 770.0126
177 75.1368 603.7114
178 256.2837 600.0945
179 253.1815 604.6208
180 250.4138 612.8814
181 248.4588 625.5862
182 244.3296 654.3643
183 222.8343 610.5457
184 215.5158 609.7144
185 208.3456 607.7222
186 187.4869 598.4354
187 112.0323 573.5464
188 255.0904 418.4870
189 244.8324 394.2170
190 232.7125 401.2512
191 228.2094 607.9658
192 111.1105 631.7104
193 261.2684 385.8506
194 233.5197 683.2411
195 287.6186 423.7690
196 268.1160 416.7687
197 287.5396 408.7363
198 239.6463 464.6571
199 310.3311 716.7257
200 307.8228 683.5894
201 269.8951 686.8582
202 179.5399 654.9274
203 201.0205 531.3719
204 204.1393 673.0952
205 155.1191 538.1651
206 182.6878 555.2819
207 138.0291 578.4386
208 263.5619 718.7732
209 227.2011 481.2925
210 162.6377 680.7530
211 192.3019 698.8595
212 160.6054 631.5642
213 92.5633 613.7079
214 135.3712 645.3631
215 85.5133 643.3959
216 166.5106 587.8786
217 241.4849 450.8113
218 241.5862 494.3497
219 227.7831 506.5310
220 249.5840 476.1026
221 227.4018 380.0194
222 193.6513 374.3180
223 165.7470 377.3078
224 143.1162 386.2006
225 128.2700 400.6193
226 119.3294 441.5439
227 67.1151 516.8330
228 134.0502 460.9111
229 153.7792 459.9682
230 180.0012 454.7492
231 205.3758 445.8841
232 224.9856 435.6181
233 238.3614 425.8736
234 72.9335 534.7113
235 229.4323 514.2068
236 253.7428 444.9268
237 256.7462 488.7964
238 270.8961 500.3952
239 257.8301 494.7806
240 236.3777 521.1389
241 274.3926 500.0305
242 277.5523 508.1127
243 237.1938 412.1379
244 248.5255 412.6148
245 254.0329 411.2993
246 144.7731 426.6200
247 132.4431 419.1920
248 306.8714 425.7396
249 442.8841 393.6796
250 314.7841 500.9275
251 516.1765 339.9016
252 384.4862 411.6742
253 405.1463 411.8357
254 425.3163 410.1786
255 453.2126 401.3397
256 367.1580 408.3577
257 405.8732 359.9051
258 384.7944 363.2317
259 427.0649 361.3519
260 442.4260 368.1293
261 472.1446 414.1900
262 400.1524 693.5630
263 450.1693 389.9997
264 539.6462 419.6229
265 495.6787 403.6103
266 407.7750 482.3242
267 327.3610 555.6121
268 325.6838 580.1974
269 360.5543 563.6901
270 381.4391 575.1783
271 349.5149 581.9574
272 367.8859 586.8528
273 412.3882 614.3551
274 309.1728 482.4492
275 310.3628 461.9299
276 472.6089 348.4714
277 359.8083 438.2604
278 368.1013 484.2878
279 369.2320 475.8903
280 473.4225 480.7873
281 308.6444 441.3928
282 418.9566 324.6661
283 449.5154 332.0782
284 489.1916 300.5877
285 329.2127 346.3972
286 366.8941 371.3615
287 429.0123 594.2953
288 553.1718 624.5652
289 352.2928 497.7955
290 333.2383 506.5420
291 404.0066 595.2049
292 393.8287 595.0234
293 460.2587 321.1857
294 370.8833 496.5179
295 379.4855 327.6316
296 381.6600 311.7880
297 398.2450 252.4619
298 474.1500 309.4684
299 387.6351 279.7546
300 485.0006 343.3292
301 500.4571 342.2858
302 326.9357 568.9374
303 354.3362 574.1341
304 374.1258 580.9377
305 347.2591 503.1958
306 398.5760 595.1014
307 387.2799 596.3470
308 391.3300 594.5940
309 336.6495 486.2732
310 364.1044 587.6082
311 345.5572 585.1919
312 323.7321 585.5436
313 336.3574 651.0456
314 330.5095 619.2233
315 328.0799 605.6257
316 325.7970 595.5457
317 324.0306 590.5326
318 365.0624 591.3315
319 368.1684 593.1384
320 373.2093 598.0863
321 378.5317 605.8918
322 398.9501 553.3499
323 561.0972 523.7720
324 377.5041 593.9579
325 381.6105 593.7777
326 326.1271 516.2503
327 364.8906 511.8448
328 329.5704 511.4844
329 383.8884 449.0513
330 419.4710 459.1725
331 374.3760 487.1711
332 451.9990 270.3140
333 438.6705 287.6889
334 425.4803 310.1154
335 392.8058 627.9777
336 333.0526 320.1241
337 337.0914 282.4524
338 342.6019 248.1924
339 443.2515 407.0407
340 497.4082 427.5539
341 356.0448 403.6971
342 467.5562 376.3522
343 342.3636 425.1339
344 350.7696 473.5551
345 524.0370 444.4742
346 482.9522 437.4564
347 455.1531 442.5166
348 413.6443 441.4768
349 383.2453 435.5516
350 359.7090 427.3230
351 309.1438 397.3543
352 527.2699 483.3977
353 485.2794 374.8125
354 303.0553 496.7149
355 360.1794 453.8215
356 549.0776 432.6112
357 341.6459 416.8243
358 377.5384 491.9771
359 458.8420 390.7914
360 351.9817 463.8406
361 562.2351 572.8648
362 356.2776 397.8716
363 329.6394 450.0043
364 504.5926 653.9041
365 510.2563 690.6881
366 554.4459 503.1523
367 530.3978 628.0125
368 519.8051 378.6340
369 410.5257 723.4491
370 302.5376 505.7820
371 381.2873 468.8576
372 515.7467 410.2075
373 421.9436 398.4663
374 403.7809 400.5860
375 393.5739 600.6357
376 530.8673 526.0173
377 369.8162 765.0352
378 445.1873 734.8553
379 476.4409 716.3411
380 386.7280 401.0799
381 371.3795 400.0806
382 361.5343 399.1458
383 501.0902 374.5258
384 371.8117 388.0608
385 388.2441 384.1376
386 404.2014 381.6926
387 421.9103 382.1061
388 434.9042 384.9166
389 535.0959 381.3419
390 434.2867 395.9909
391 377.6976 540.1328
392 351.7436 492.5863
393 329.3296 531.8076
394 475.1448 680.8972
395 444.8287 702.5809
396 366.4362 738.6766
397 534.6604 663.5738
398 360.7511 393.6777
399 325.5894 423.6005
400 410.6673 751.0621
401 555.5372 549.2739
402 346.1952 589.5182
403 349.4231 593.3286
404 352.7903 601.0559
405 356.7698 613.2347
406 368.0375 640.7353
407 383.6474 591.7097
408 390.3236 589.1957
409 396.9772 585.4552
410 417.6641 571.5394
411 499.6067 528.9790
412 325.0875 410.0431
413 335.8145 382.7245
414 350.0669 386.1229
415 379.0108 590.6502
416 512.0346 586.6891
417 315.7578 379.1751
418 384.7441 666.8276
419 308.4395 411.9148
420 344.6028 452.1273
421 347.0493 678.5226
422 437.0451 626.3824
423 396.4422 508.6040
424 414.0942 650.1277
425 445.0354 504.3078
426 418.0312 528.0918
427 469.8685 540.2540
428 358.3781 708.8619
429 361.3710 465.4557
430 461.2278 648.1324
431 431.8288 673.1178
432 453.2056 598.3211
433 531.2553 564.1418
434 484.8043 606.4004
435 549.7376 591.7981
436 439.1416 556.5542
437 342.4847 438.5060
438 343.6287 481.8333
439 361.2998 490.5853
440 331.1860 466.0780
441 350.0733 364.1430
442 382.0784 349.4379
443 410.6218 344.9033
444 436.0534 348.0578
445 455.4800 358.3249
446 474.6917 396.9582
447 549.6634 460.3174
448 460.8775 420.3428
449 438.6780 424.9221
450 410.3390 425.9273
451 383.3373 423.3703
452 362.4208 418.2687
453 347.4367 412.0847
454 555.3429 478.7980
455 362.0523 498.5557
456 325.7726 436.2354
457 325.4195 480.3082
458 314.4578 494.8320
459 326.2846 486.2913
460 356.8579 507.2726
461 310.2096 495.6795
462 309.8007 504.2565
463 347.7657 397.8280
464 335.0639 401.6547
465 327.4218 402.1340
466 443.2161 387.7014
467 455.2192 377.5896
