# Image: /home/yaroslav/Projects/Diia.AIContest-AdAstrum/fixtures/FLUXSynID-processed/003705bb8fe8/003705bb8fe8_m_live_0_a_d1.jpg
# Mode: stream
# Status: fail
# Errors: face_not_looking_straight_at_camera: Head is turned 178.6째 (max: 15.0째); head_is_tilted: Head is tilted 24.2째 (max: 10.0째)

# 2D Landmarks (index x y)
0 297.4821 642.8816
1 290.8527 574.7375
2 294.3861 592.5808
3 272.1304 496.8746
4 290.1859 552.3277
5 290.5233 520.9008
6 292.9297 444.6188
7 143.6201 428.7512
8 292.8060 401.0032
9 292.3344 374.5623
10 293.9878 262.6602
11 298.1066 653.1041
12 298.7276 659.6775
13 299.3975 661.0355
14 298.7268 670.1093
15 298.7231 678.7678
16 298.8465 689.4521
17 299.1090 701.2054
18 299.5668 720.8017
19 291.7366 584.9263
20 269.0600 579.7898
21 73.8000 349.4927
22 207.0153 447.2862
23 185.7586 448.8359
24 164.5568 448.4515
25 136.5942 436.9223
26 224.1610 442.9651
27 172.6804 404.2794
28 196.3605 404.7927
29 151.9938 406.7043
30 138.7958 411.9283
31 119.7732 451.4005
32 215.8548 748.1345
33 135.4448 424.0699
34 61.8535 438.6040
35 95.3909 438.4336
36 185.5687 540.6802
37 267.6203 638.2436
38 273.6863 658.3841
39 238.5989 641.9920
40 222.1053 648.2570
41 252.5874 657.5558
42 237.1341 658.0740
43 196.8624 675.4687
44 271.0299 573.0303
45 267.5741 551.2793
46 105.8339 395.1788
47 229.3041 486.9806
48 216.7792 557.8704
49 216.6890 545.1867
50 124.8532 534.3786
51 269.5735 522.2087
52 153.8953 379.5081
53 124.6552 383.9182
54 90.3693 315.4832
55 248.8824 396.7556
56 217.4756 409.6018
57 179.1068 655.1704
58 83.3600 633.9796
59 233.4220 570.4410
60 253.0835 579.0157
61 202.8744 658.5783
62 213.5008 658.3064
63 113.5330 369.8489
64 216.3814 565.8459
65 194.6625 382.3369
66 189.7338 364.8074
67 169.1879 271.2618
68 102.7000 341.3486
69 181.6712 315.5887
70 94.2931 384.8027
71 84.2786 367.9130
72 270.1632 650.6076
73 246.4910 652.0565
74 229.7464 653.8013
75 239.3124 574.3225
76 208.2985 658.7197
77 218.0354 664.1101
78 216.3200 657.0939
79 245.7402 567.3609
80 242.0446 656.2433
81 257.8203 657.5707
82 277.2197 659.5812
83 269.3052 718.5852
84 270.3390 698.4131
85 271.7583 686.3028
86 273.3983 675.6903
87 275.4018 668.5494
88 238.7353 663.1976
89 235.2837 665.5832
90 230.2242 670.6926
91 225.7678 677.1331
92 201.3545 621.8765
93 65.1161 527.9299
94 292.8817 587.7283
95 228.5773 660.9177
96 223.6461 661.9341
97 262.1588 590.0051
98 225.3298 578.8090
99 257.5781 584.8403
100 208.0416 498.2860
101 173.9768 511.7195
102 213.6964 553.4995
103 119.7743 288.5405
104 133.2679 323.1022
105 145.9831 361.8583
106 215.9981 690.9496
107 240.5274 369.9058
108 233.3586 314.3013
109 225.4141 263.4378
110 146.8012 444.5332
111 96.8143 466.1407
112 234.7205 438.5416
113 116.9131 416.4356
114 244.1722 474.3384
115 230.8439 553.1273
116 74.9635 479.2538
117 111.3644 481.3229
118 138.7605 490.0594
119 179.5385 487.3672
120 208.9088 478.8291
121 230.1602 469.7687
122 271.9736 449.2069
123 77.3382 523.4647
124 99.5193 413.9102
125 279.4181 583.4266
126 228.8231 509.7167
127 61.8890 434.7946
128 246.1318 459.8433
129 213.4351 553.3957
130 129.1871 426.4595
131 230.9275 537.5178
132 69.4038 579.0717
133 233.5817 430.5419
134 249.8758 527.8441
135 122.8008 690.6181
136 126.3842 714.2118
137 60.0077 526.6914
138 97.8154 659.3953
139 73.1439 399.3709
140 209.9714 771.3595
141 282.7705 586.4385
142 210.2921 524.3398
143 78.3009 441.3436
144 165.9389 434.9007
145 185.1752 436.4717
146 212.4979 667.2354
147 80.8769 566.1033
148 251.3288 805.2223
149 184.1364 769.5807
150 156.7493 746.1759
151 293.2755 316.1952
152 300.3121 811.3630
153 203.1230 435.3061
154 219.6490 432.6300
155 229.4220 431.6080
156 85.7049 408.7257
157 214.5439 416.2753
158 195.5446 410.7684
159 176.1212 409.5112
160 157.2654 412.6289
161 146.0634 417.7739
162 65.0030 386.7517
163 152.7903 431.9875
164 295.6715 607.8696
165 218.2031 610.4938
166 232.7590 568.0818
167 262.2105 607.9454
168 293.4276 420.8706
169 150.9149 721.4407
170 178.9546 746.6898
171 250.0694 788.9073
172 103.2167 679.3022
173 227.4318 424.6975
174 256.7019 483.7988
175 299.6738 794.8748
176 214.3837 790.3489
177 66.0002 573.7515
178 255.2527 665.7785
179 251.8418 671.0022
180 248.3606 678.9291
181 245.3333 689.4723
182 239.0410 706.4680
183 223.1012 658.0748
184 216.0363 656.4145
185 209.2552 652.9313
186 186.6853 637.2326
187 108.1321 579.4077
188 258.4287 460.5235
189 250.0577 420.9374
190 236.7871 421.6149
191 228.6573 655.3182
192 105.6956 629.9785
193 266.6065 422.7226
194 227.4274 725.8962
195 291.2605 494.2986
196 271.3810 473.9278
197 292.1204 469.9730
198 240.0874 517.3545
199 299.5042 770.7787
200 299.5959 743.2238
201 262.5576 740.2153
202 175.6210 682.2155
203 197.6406 569.9211
204 199.3692 706.4763
205 152.9181 564.5465
206 180.5480 590.9727
207 135.2818 597.6258
208 254.2066 766.1333
209 226.8686 527.4816
210 157.2134 697.4457
211 186.1226 724.0979
212 157.6232 655.2875
213 86.3977 602.6749
214 131.2830 655.9934
215 76.8945 617.8218
216 164.8745 617.8910
217 243.1069 496.3912
218 238.0583 563.6950
219 223.3230 565.7953
220 247.8559 551.6097
221 232.9465 407.5251
222 196.6714 398.5333
223 165.7364 396.4937
224 140.7233 398.1382
225 124.3467 404.3196
226 114.8462 432.7743
227 58.1118 481.8233
228 131.7178 460.2854
229 153.6247 466.7714
230 182.1648 466.6390
231 208.7853 461.7756
232 228.6891 455.6811
233 242.4817 449.9540
234 64.0638 480.9177
235 224.3309 570.2330
236 255.2356 505.2308
237 254.3008 567.9235
238 267.7191 577.9012
239 254.7369 570.1658
240 231.2930 576.4980
241 271.8918 581.0763
242 274.5727 583.9497
243 241.2661 433.2372
244 253.1430 439.8908
245 258.5077 444.8365
246 139.8688 421.3810
247 129.2894 417.4026
248 311.3450 497.7436
249 455.1831 436.0853
250 317.6027 581.1696
251 540.8664 357.6534
252 389.8860 451.4072
253 412.0657 453.7376
254 434.2612 454.1081
255 463.9014 444.4686
256 371.6109 446.6325
257 422.1192 410.4325
258 398.4909 409.6689
259 443.4481 413.9120
260 457.8785 419.6953
261 483.0086 458.9667
262 385.9637 753.4034
263 464.0316 432.2021
264 554.0149 448.9716
265 510.0026 447.2963
266 411.6637 544.5512
267 327.9405 638.7183
268 324.8227 658.7278
269 359.7568 642.7347
270 379.0949 648.6445
271 347.8500 657.9632
272 365.3172 658.2080
273 407.7132 677.8897
274 311.2677 574.0045
275 313.5905 552.2054
276 491.8755 404.4131
277 364.4593 489.5726
278 373.0470 560.9319
279 373.9822 548.2030
280 477.6697 540.8824
281 312.3409 523.0986
282 436.4480 386.1495
283 468.8340 392.3231
284 517.6071 322.1890
285 337.9641 398.7608
286 377.6157 413.3628
287 425.6610 657.8989
288 540.3072 647.4964
289 356.9842 572.8971
290 336.7428 580.6101
291 401.9409 659.0013
292 391.4206 658.2422
293 481.4150 378.5550
294 375.4123 568.7818
295 393.0542 386.7772
296 397.5445 369.1431
297 424.8816 274.6658
298 498.5608 348.8126
299 408.7328 319.4293
300 506.0842 394.1202
301 523.3927 376.7314
302 326.7590 651.0414
303 352.8982 652.6301
304 371.8431 654.0893
305 351.4774 576.4650
306 396.5341 658.7761
307 385.3297 664.6514
308 388.7572 657.2511
309 340.8196 569.5257
310 361.0932 656.1002
311 343.5736 657.7568
312 322.5699 659.8119
313 330.5096 719.9141
314 328.3153 699.3098
315 326.6407 687.1785
316 324.7046 676.3889
317 322.8913 669.0642
318 363.0885 663.6221
319 366.3925 666.1461
320 371.4906 671.6789
321 376.2800 678.5104
322 397.7596 624.3146
323 560.9097 540.2808
324 374.9152 661.3061
325 379.7190 662.2663
326 327.7558 591.1445
327 367.9711 581.0447
328 332.2016 586.1770
329 387.8924 501.4404
330 424.0744 515.9640
331 378.7763 556.4672
332 481.1407 293.7380
333 462.2566 328.8987
334 444.5824 368.5370
335 387.2036 693.7330
336 345.0950 372.1280
337 354.6118 316.2190
338 364.7557 265.2070
339 453.0554 451.2283
340 508.6099 474.4429
341 360.3519 441.9764
342 483.0192 425.0874
343 347.7967 476.4501
344 355.6540 555.8263
345 534.4810 488.9550
346 491.7854 488.5069
347 461.9327 495.6680
348 418.7080 491.5843
349 387.5410 482.2156
350 364.7154 472.5616
351 315.3878 450.1862
352 532.0455 533.0390
353 502.6702 423.0159
354 304.4230 583.9673
355 364.1108 512.2113
356 561.2836 445.0251
357 347.0083 462.0584
358 381.0324 556.2139
359 471.0411 434.7855
360 356.7834 540.1135
361 556.1766 592.5894
362 361.8737 434.4273
363 334.3706 529.5931
364 488.5383 701.2723
365 488.7125 725.9844
366 557.5694 538.7972
367 516.7421 671.0852
368 539.1834 408.5681
369 392.1368 777.7220
370 303.1714 586.9137
371 385.0339 527.3302
372 530.5364 451.0195
373 431.5781 440.8370
374 411.8900 441.5478
375 391.2617 668.0528
376 530.1329 576.2634
377 349.9540 808.9423
378 422.4172 778.3781
379 453.5394 756.6584
380 393.4587 439.7359
381 376.3778 436.5627
382 366.1338 435.4230
383 519.7269 417.9292
384 381.6451 420.9728
385 401.2168 416.3910
386 420.7471 416.2892
387 439.9563 420.2843
388 451.8281 425.6375
389 554.4289 395.8824
390 445.2568 438.7201
391 377.8168 612.6607
392 356.5572 570.5979
393 330.3160 608.8634
394 457.2617 731.0288
395 426.2067 754.8728
396 349.8662 792.5783
397 516.1705 692.1100
398 368.0214 428.8955
399 331.0003 485.3993
400 388.7792 796.8596
401 552.2141 586.3910
402 344.6214 666.4210
403 347.9071 671.7930
404 351.5104 680.0559
405 354.7579 690.9140
406 362.2110 708.8421
407 381.2335 658.0070
408 387.7948 656.4793
409 394.5101 653.1932
410 415.6169 639.6464
411 498.7545 587.5451
412 331.1080 462.1514
413 342.4938 423.2934
414 357.6698 424.9960
415 376.0354 655.1591
416 504.6651 639.5514
417 322.5476 424.2013
418 374.2976 729.5038
419 313.8405 474.8332
420 348.9314 519.4244
421 337.2827 742.1905
422 429.3619 687.5336
423 399.2638 573.2694
424 404.3986 711.2053
425 447.5487 569.9431
426 419.0024 594.9669
427 468.8724 604.2658
428 345.2199 769.0064
429 365.0673 529.9947
430 449.1125 705.3834
431 418.1653 730.8638
432 447.6222 660.5638
433 525.8551 613.2278
434 476.4354 664.0556
435 540.6105 630.3854
436 437.9096 622.3475
437 347.2263 498.4026
438 348.1538 566.1324
439 366.2385 568.6564
440 335.6006 553.5908
441 358.9146 410.5280
442 395.1017 403.2504
443 426.6968 402.5751
444 453.2978 405.6257
445 472.3220 412.8151
446 487.7286 441.2916
447 558.8591 493.2162
448 469.7678 467.1159
449 446.3390 472.4280
450 416.2059 471.2260
451 388.0331 465.4978
452 366.9294 458.8647
453 352.0538 452.5479
454 561.1328 492.0769
455 366.5551 572.9084
456 330.4720 506.7714
457 329.3845 569.7329
458 317.5035 579.2053
459 330.3410 571.9794
460 360.5065 578.7688
461 312.4023 582.0605
462 311.7383 584.9048
463 353.3481 436.5126
464 340.1262 442.1669
465 333.2190 446.6352
466 458.6073 429.5831
467 469.3156 425.6534
