# Image: /home/yaroslav/Projects/Diia.AIContest-AdAstrum/fixtures/FLUXSynID-processed/00242572c9ee/00242572c9ee_f_doc.jpg
# Mode: stream
# Status: fail
# Errors: strong_shadows_on_face: Strong shadows or uneven lighting detected (difference: 42.7); face_too_small_in_frame: Face occupies only 35.2% of frame (min: 50.0%)

# 2D Landmarks (index x y)
0 309.6726 590.7137
1 309.7316 524.1262
2 309.4687 546.5652
3 291.1653 466.6302
4 309.1592 505.2087
5 308.0371 481.7983
6 305.4593 427.8093
7 172.6870 433.0186
8 303.7827 390.2854
9 303.2292 367.4370
10 301.2061 286.2336
11 309.7380 600.2045
12 309.6816 607.8419
13 309.5778 611.5616
14 309.9568 620.4078
15 310.2175 628.4141
16 310.4020 638.6884
17 310.5687 649.8016
18 310.6009 667.8184
19 309.7273 534.4999
20 292.4505 535.1163
21 108.9402 379.0140
22 225.1227 446.5758
23 207.1022 448.9984
24 189.8432 449.1331
25 166.8801 441.0572
26 240.5213 441.0774
27 200.6613 403.8504
28 219.8884 404.0109
29 182.9288 407.3993
30 171.0645 414.0000
31 152.9428 454.5948
32 240.6507 697.3066
33 166.5135 428.9524
34 100.7217 454.0345
35 132.2585 444.8593
36 216.4901 520.4049
37 287.6702 588.8407
38 291.6549 608.7984
39 265.4021 597.4533
40 251.7443 608.1618
41 275.9818 611.8133
42 263.7001 616.2088
43 228.2653 640.3761
44 294.0629 524.3108
45 290.8207 506.3907
46 142.4785 398.8957
47 250.6319 472.9035
48 249.7958 525.0009
49 247.9980 516.0900
50 163.0263 523.2865
51 291.0191 484.5356
52 184.8964 377.0335
53 159.5825 384.6631
54 125.3334 344.9635
55 265.7181 387.7561
56 237.1660 408.6494
57 215.0490 623.7615
58 121.4403 623.2209
59 263.9868 534.5845
60 279.7016 539.7011
61 236.7295 624.9057
62 245.1679 623.0293
63 149.2590 374.2962
64 249.7835 534.4301
65 219.6083 376.8542
66 215.7925 362.5027
67 196.7174 298.3603
68 137.6109 358.5564
69 207.9274 328.4347
70 131.7141 392.8159
71 120.5768 386.3671
72 289.3702 600.3059
73 271.3325 606.1446
74 257.8030 612.4459
75 269.0338 538.0910
76 241.2134 624.4601
77 247.8780 626.4361
78 246.9221 621.5810
79 273.8561 525.8774
80 267.2313 615.4911
81 279.6639 613.2848
82 294.0634 612.0204
83 286.3369 667.6539
84 287.7845 648.8947
85 289.1907 637.4362
86 290.8015 627.1133
87 292.3971 620.5330
88 264.0167 621.6501
89 261.1807 624.1158
90 256.8986 629.2601
91 252.8469 635.7434
92 234.9349 586.8769
93 101.1784 536.2435
94 309.6459 539.3793
95 255.9463 622.3113
96 252.2256 623.7246
97 286.3340 548.0109
98 257.0854 546.4036
99 283.2118 544.0006
100 231.9547 485.1950
101 203.3879 499.2210
102 245.5107 525.3567
103 152.7518 317.4539
104 165.0946 338.5013
105 178.0083 363.5086
106 243.0504 650.7493
107 258.9682 364.6586
108 252.2491 325.7375
109 244.7467 289.2157
110 175.1640 446.9207
111 134.1152 469.2153
112 250.4231 435.6547
113 151.2675 420.7622
114 263.2663 459.7470
115 261.0995 516.1012
116 115.4696 483.5058
117 146.9853 480.5966
118 170.7304 485.2817
119 205.1080 479.9230
120 230.1489 470.6120
121 249.0758 460.5791
122 287.6780 433.3522
123 120.1904 521.0550
124 136.3218 420.0624
125 300.4418 533.9857
126 252.9851 489.7111
127 96.5775 457.4922
128 263.2622 449.5529
129 244.2443 527.9441
130 161.0841 431.5660
131 259.6747 505.3710
132 107.0822 578.8672
133 250.2386 428.8250
134 274.8098 492.8370
135 161.1120 660.8770
136 161.2612 683.1482
137 102.1016 529.0143
138 139.6883 637.3493
139 110.4660 417.7104
140 235.6676 717.3782
141 302.3974 538.8753
142 237.2051 504.8459
143 117.1293 450.1299
144 190.4940 437.8388
145 206.2455 438.6846
146 243.1465 630.1376
147 125.4129 557.1129
148 270.4066 743.8456
149 211.9944 720.9012
150 187.8873 705.5003
151 302.1476 325.4601
152 312.0033 746.5550
153 221.6139 436.9140
154 236.1010 433.3961
155 245.5104 431.0637
156 123.6836 418.6444
157 233.9723 416.4275
158 218.1504 412.0429
159 202.3030 411.3475
160 186.4529 415.1653
161 176.6685 420.8616
162 100.0942 414.2353
163 179.8182 435.5713
164 309.4424 560.4655
165 250.0201 573.7334
166 263.5248 530.9940
167 284.3521 563.8407
168 304.4881 409.1264
169 184.4477 683.4451
170 208.5538 700.5533
171 269.8917 728.8702
172 140.5472 657.9659
173 245.2443 423.4754
174 276.1497 461.5282
175 312.0131 731.2997
176 238.7934 734.1953
177 109.1200 568.4277
178 276.9091 620.6521
179 274.0901 625.4935
180 270.8425 633.2037
181 268.0187 643.4798
182 261.9596 660.4420
183 252.9268 620.0545
184 247.1834 619.0812
185 241.5148 616.6429
186 222.2133 604.3493
187 151.0702 563.9312
188 275.7603 445.2613
189 265.3600 416.1552
190 253.5588 419.4493
191 256.7683 617.6480
192 149.0351 609.3040
193 281.3024 413.4196
194 250.7126 678.2902
195 307.1017 462.9712
196 288.9862 450.6380
197 306.2316 445.7170
198 264.3019 490.6742
199 311.7293 710.7310
200 311.1968 687.4198
201 280.0308 686.8326
202 208.2647 647.5340
203 230.2116 544.1059
204 227.2003 665.5717
205 189.6974 543.8162
206 214.8238 563.6709
207 175.7566 575.3775
208 273.2859 708.9431
209 253.5716 502.7998
210 191.1353 661.9257
211 215.2286 680.9273
212 194.5227 625.4624
213 131.0580 588.2133
214 171.0949 628.6209
215 119.9840 604.6380
216 202.0306 590.5619
217 264.8035 475.3169
218 267.7279 523.2040
219 255.6842 530.2984
220 275.0682 510.0777
221 250.6234 402.9513
222 220.6016 395.0178
223 194.8264 394.3621
224 173.5620 398.0791
225 158.8132 406.6151
226 148.6577 438.0551
227 98.6380 490.9448
228 162.9338 461.2190
229 181.4689 464.9549
230 205.2390 463.2962
231 228.0483 457.7508
232 245.9748 450.4652
233 258.3897 443.5599
234 98.6886 496.9597
235 256.6265 536.0975
236 276.9006 476.5724
237 280.9523 522.3986
238 291.4376 531.6770
239 281.1858 525.8979
240 262.4359 542.0936
241 294.7183 532.9933
242 296.5536 537.8018
243 257.0343 429.7807
244 268.1952 433.1998
245 274.0695 434.8947
246 171.0731 425.1630
247 161.9071 421.2422
248 322.7942 466.0868
249 432.0016 427.8252
250 326.1841 534.2086
251 491.7675 372.2144
252 382.1144 443.3791
253 400.0008 444.8783
254 416.8470 444.1745
255 438.0921 435.6172
256 366.5912 438.6853
257 403.8802 400.7624
258 384.9979 401.3550
259 421.3337 403.7407
260 433.0123 409.7036
261 452.9025 448.5152
262 381.1009 693.7844
263 437.7433 423.8535
264 503.3299 446.2042
265 472.4258 438.2396
266 396.2350 516.0145
267 331.2444 587.0830
268 327.1960 607.3737
269 352.8791 594.0319
270 365.8616 603.6959
271 342.4869 609.1470
272 354.1468 612.5088
273 389.6353 635.1419
274 325.1145 523.4661
275 326.8367 505.4689
276 460.5437 394.0821
277 360.0676 470.4495
278 366.3380 521.8645
279 367.0068 512.8358
280 447.6703 516.4340
281 324.9450 483.8007
282 418.7334 374.1685
283 443.5182 380.8802
284 474.7825 338.9598
285 340.6900 386.8116
286 368.2577 406.5022
287 401.6861 617.7602
288 490.7124 615.7346
289 353.1837 531.9999
290 338.0753 538.0479
291 380.3956 619.4992
292 371.9356 618.0632
293 453.0565 370.3354
294 366.5677 531.1715
295 384.9583 374.8420
296 388.3176 360.3904
297 404.0733 294.9026
298 463.6730 353.2831
299 394.5834 325.6738
300 470.6171 387.6955
301 481.2449 380.2966
302 329.6229 598.6802
303 347.1290 603.0467
304 360.0658 608.3344
305 348.2966 535.6794
306 375.8756 619.1489
307 369.8748 621.7787
308 370.0234 616.7750
309 344.0031 523.8896
310 350.2383 612.0137
311 338.4826 610.8358
312 324.5626 610.6924
313 334.7084 666.2892
314 332.8647 647.5402
315 331.2153 636.1144
316 329.1609 625.8361
317 327.1805 619.3334
318 354.2043 618.0525
319 357.1463 620.4888
320 361.5969 625.4891
321 365.9455 631.8612
322 381.7377 582.1904
323 505.9520 528.5611
324 361.7113 618.2167
325 365.3652 619.3349
326 332.2537 546.6610
327 359.5412 543.3652
328 334.9537 542.5446
329 378.9035 481.7260
330 407.4050 494.3401
331 369.6399 521.8877
332 447.3546 312.4511
333 436.4746 334.3933
334 424.9527 360.2701
335 376.1480 646.5704
336 346.3835 363.8686
337 351.3647 324.1740
338 357.0463 287.2868
339 430.6545 441.5178
340 472.3311 462.2174
341 356.5909 433.7191
342 452.6498 415.7106
343 347.1140 457.9812
344 355.3813 513.5406
345 491.0396 475.7217
346 460.5619 473.6935
347 437.9991 479.1994
348 404.2724 475.3997
349 379.3577 467.2943
350 360.2221 458.2114
351 322.7931 432.7540
352 488.5665 512.9432
353 467.4484 414.2450
354 318.8229 533.5780
355 359.3421 487.0977
356 506.5607 449.7655
357 345.9489 447.9618
358 370.6534 524.3772
359 443.2006 426.4009
360 355.5092 502.9387
361 502.2783 571.2582
362 356.2752 426.8890
363 340.5179 491.2046
364 455.5090 653.8832
365 455.6573 676.5401
366 505.6824 520.9748
367 474.9389 629.6994
368 492.4383 410.5846
369 386.6648 713.7998
370 316.8921 538.5555
371 375.3210 501.4073
372 487.4634 442.9242
373 415.3445 433.0376
374 400.1295 434.5920
375 374.6963 625.3859
376 485.1489 549.0802
377 352.9217 742.1451
378 408.8680 716.4029
379 431.3864 699.8759
380 384.8338 433.6054
381 370.3950 430.7496
382 361.0520 428.9201
383 479.7936 412.3042
384 371.4769 413.8978
385 386.7729 409.0609
386 402.1488 407.9448
387 417.7113 411.0588
388 427.4706 416.2843
389 501.6497 406.9587
390 425.3579 430.4466
391 367.1303 570.0639
392 353.8490 528.3440
393 333.9850 562.2137
394 434.2775 677.5099
395 411.8866 695.7954
396 353.4936 727.0057
397 474.1639 650.8678
398 360.8562 421.4162
399 335.7616 460.3437
400 383.6506 731.0694
401 500.9901 560.3831
402 342.0964 618.2343
403 345.1322 622.9133
404 348.6520 630.5999
405 351.7994 640.7731
406 358.2725 657.6210
407 364.2787 615.5580
408 369.9939 614.1742
409 375.4929 611.5328
410 394.0425 598.7616
411 461.0198 556.3884
412 334.6172 444.1250
413 341.6760 414.8993
414 352.8546 417.7097
415 360.2610 613.4492
416 464.8651 601.6250
417 327.0292 412.7207
418 370.1797 675.0472
419 323.2544 449.9234
420 349.1475 488.6253
421 341.9580 685.1777
422 409.5422 642.0431
423 384.7413 539.8396
424 392.1826 661.1049
425 423.1267 537.9872
426 400.0996 558.6485
427 438.0012 568.6896
428 349.6492 707.0637
429 360.0970 500.0211
430 426.9133 656.0040
431 404.7798 676.2170
432 421.8111 619.0853
433 480.9760 580.1361
434 444.5837 621.6679
435 492.2224 596.7169
436 413.2851 584.5505
437 347.2592 473.4024
438 349.8536 520.9992
439 361.2711 527.3153
440 342.2373 508.3871
441 355.2496 401.3736
442 384.2998 392.6087
443 409.5683 391.2554
444 430.4615 394.3691
445 445.0238 402.2188
446 456.0134 432.2369
447 507.2501 482.9306
448 443.7049 455.2303
449 426.1651 459.5053
450 402.9168 458.9954
451 380.3057 454.4987
452 362.4229 448.1562
453 349.8504 441.7826
454 506.1515 489.2718
455 360.1998 533.1137
456 336.7562 475.2852
457 337.5100 520.8924
458 327.2637 530.7616
459 337.1237 524.3830
460 354.5635 539.4568
461 324.3613 532.2663
462 322.5641 537.2148
463 349.8347 428.1335
464 339.9027 431.9398
465 334.9154 433.8602
466 433.1795 420.3042
467 441.9997 416.4691
