# Image: /home/yaroslav/Projects/Diia.AIContest-AdAstrum/fixtures/FLUXSynID-processed/00242572c9ee/00242572c9ee_f_live_0_p_d1.jpg
# Mode: stream
# Status: fail
# Errors: strong_shadows_on_face: Strong shadows or uneven lighting detected (difference: 46.1); face_too_small_in_frame: Face occupies only 37.7% of frame (min: 50.0%)

# 2D Landmarks (index x y)
0 302.5442 584.5883
1 303.6883 517.5318
2 303.7442 540.0639
3 289.6537 459.4468
4 304.1983 498.5351
5 304.9767 475.2531
6 307.4932 421.8445
7 175.6422 419.4982
8 309.1397 383.5522
9 310.3020 360.6684
10 314.2436 281.1231
11 302.2746 594.2380
12 302.1012 602.1996
13 302.1438 606.1248
14 302.0682 616.0974
15 301.8367 624.2758
16 301.5336 634.7172
17 301.1771 645.9453
18 300.5318 663.0022
19 303.5204 527.9963
20 287.0432 527.8199
21 117.7537 362.7296
22 227.2178 436.4428
23 208.9973 437.6371
24 191.7866 436.6493
25 169.4390 427.0939
26 242.9809 431.8600
27 205.5935 391.2908
28 224.9915 392.9256
29 187.4009 393.5485
30 174.9942 399.4719
31 154.8418 440.0137
32 228.8019 686.3772
33 169.8127 415.1294
34 105.5655 436.6894
35 135.4683 428.9605
36 213.4834 509.4819
37 280.4546 581.3185
38 283.8613 601.9848
39 257.9820 588.6088
40 244.2001 598.4985
41 268.2199 603.9683
42 256.0067 607.5575
43 219.6437 629.5929
44 288.0405 516.8040
45 285.8701 498.7727
46 147.2181 381.9652
47 250.7046 464.1734
48 245.4894 515.5368
49 244.4925 506.6209
50 160.4756 509.0796
51 287.7454 477.1202
52 190.5889 361.8008
53 164.9054 368.2029
54 135.2666 329.5324
55 270.9932 378.2654
56 241.9483 398.8549
57 207.5373 611.9364
58 118.7552 605.1621
59 259.2610 525.9584
60 274.6292 531.8981
61 229.1041 614.5068
62 237.7978 613.2061
63 155.3915 357.2751
64 245.2857 525.0918
65 225.4891 364.0337
66 222.5301 349.5054
67 208.7158 287.1485
68 145.6344 342.5906
69 217.3765 316.6453
70 137.3447 375.5488
71 127.6231 369.7397
72 281.7486 593.1296
73 263.6407 597.8144
74 250.1331 603.3381
75 264.2728 529.7590
76 233.6635 614.3582
77 239.8593 617.2533
78 239.7653 611.8215
79 268.8854 517.4489
80 260.0074 607.1428
81 272.1888 605.8076
82 286.4471 605.5344
83 275.6925 661.4377
84 277.8689 643.4958
85 279.8853 632.1605
86 282.1209 621.7264
87 284.2472 615.0298
88 256.2218 613.8554
89 253.1589 616.2501
90 248.3981 621.1346
91 243.8713 627.3620
92 228.3791 576.3990
93 103.4968 518.4520
94 303.6916 532.9251
95 248.4140 613.6986
96 244.4834 614.8405
97 280.7185 540.4011
98 252.1736 537.4939
99 277.8094 536.3000
100 231.2929 475.3243
101 201.8735 487.5764
102 241.6667 515.8594
103 163.7947 303.6006
104 173.9133 323.8350
105 184.5987 348.0193
106 233.4891 641.1949
107 265.8917 354.7991
108 262.0030 316.9033
109 257.2829 280.7951
110 177.2943 433.4940
111 135.5837 453.6006
112 253.2416 426.9405
113 154.9448 405.3248
114 263.9768 451.6894
115 256.7626 507.0063
116 116.9001 466.8011
117 147.1594 465.7020
118 170.1987 471.7752
119 204.8698 468.5349
120 230.5028 460.7451
121 250.1519 451.8640
122 289.4309 426.3698
123 119.2003 504.2896
124 140.4922 403.7760
125 294.3520 527.0096
126 251.8064 480.8515
127 102.7340 440.1931
128 264.8673 441.5093
129 240.5840 518.4701
130 164.2108 417.0245
131 256.2928 496.3277
132 107.1359 560.7571
133 253.5760 420.1152
134 271.5524 484.5867
135 154.1243 644.4037
136 154.0779 666.1125
137 102.8213 511.1617
138 134.5633 619.9249
139 116.6520 400.8799
140 223.1799 705.1654
141 296.5040 532.0072
142 235.2235 495.1399
143 120.8212 433.4460
144 192.9917 425.3791
145 208.7187 427.2695
146 234.8823 620.6689
147 122.9393 540.1638
148 256.3533 733.1970
149 200.6784 706.5579
150 178.4856 689.8187
151 312.3237 319.7930
152 297.6331 738.5176
153 224.2602 426.5571
154 238.9909 423.9374
155 248.6072 422.1506
156 128.6004 401.8396
157 238.2750 407.7090
158 222.7793 402.8179
159 206.9893 401.1460
160 190.7891 403.6139
161 180.5957 408.2373
162 107.7170 397.4276
163 182.5637 422.4477
164 303.4961 554.1562
165 243.8320 564.2646
166 258.7794 522.1582
167 278.0923 556.2605
168 308.3693 402.9737
169 175.4948 668.3305
170 198.0032 686.6769
171 256.1432 719.0801
172 135.3692 640.2404
173 248.9194 414.7979
174 275.9204 453.8550
175 298.0833 724.0856
176 225.7479 721.5611
177 107.8385 550.3407
178 268.9207 613.9878
179 265.6118 618.8071
180 261.7609 626.4792
181 258.3471 636.4893
182 251.6269 652.4061
183 245.4764 610.6034
184 239.6194 609.2263
185 234.0870 606.3614
186 215.3150 593.0335
187 147.2201 548.5132
188 277.0569 437.7178
189 269.2045 407.8507
190 257.4749 410.6876
191 249.7108 608.4348
192 143.9772 593.1021
193 284.9121 405.8632
194 239.6873 668.6766
195 305.8680 456.6773
196 289.0579 443.5635
197 306.6008 439.6180
198 262.3270 482.2075
199 298.8681 704.3064
200 299.7639 681.8451
201 268.3184 679.3753
202 199.6943 635.2293
203 225.7759 533.7759
204 217.3079 654.3553
205 185.8234 531.0568
206 209.5767 552.3387
207 170.8755 561.4260
208 260.2549 700.2532
209 251.2274 493.7540
210 182.5178 647.9860
211 205.0925 668.2804
212 187.2022 612.3403
213 127.3205 571.1102
214 164.4784 613.6646
215 116.8181 586.6557
216 195.9453 578.1382
217 264.2122 467.0966
218 262.8224 514.3977
219 251.0322 521.0760
220 270.3775 501.5162
221 255.3800 393.1310
222 225.7841 382.8860
223 199.8181 380.5209
224 178.2105 383.0777
225 162.9947 391.0097
226 151.6418 422.9460
227 101.3829 473.3163
228 164.1169 447.2259
229 182.2378 452.0974
230 206.1076 451.9099
231 229.3220 447.7874
232 247.7345 441.5687
233 260.5178 435.2975
234 103.0708 479.4686
235 251.8787 527.1101
236 275.1676 468.6702
237 275.3944 514.1833
238 285.8703 524.2202
239 275.9651 517.8001
240 257.5542 533.4063
241 288.8734 525.7008
242 290.8096 530.7182
243 260.3361 421.2926
244 271.0082 425.3607
245 276.4911 427.3376
246 174.6300 411.8686
247 165.4639 406.4124
248 321.8330 460.7130
249 439.4783 430.4816
250 320.7776 528.9007
251 505.6081 378.3260
252 387.2195 442.6990
253 405.4861 445.2013
254 422.8418 445.4885
255 445.5510 438.4994
256 371.6671 436.9814
257 412.0241 401.4020
258 392.6403 400.7869
259 429.8391 405.3796
260 441.6145 412.0920
261 459.9187 451.9368
262 370.7667 691.7669
263 445.6542 427.1135
264 512.1684 452.3435
265 480.5883 442.7685
266 396.5710 515.7737
267 325.0728 582.5384
268 320.5388 602.9997
269 347.6219 591.0937
270 361.4188 601.6686
271 336.6059 605.9220
272 348.9869 610.1173
273 384.8726 634.7333
274 319.4544 517.7675
275 322.3673 499.9905
276 470.5937 397.8630
277 362.0041 468.1946
278 363.2782 519.5437
279 364.9003 510.6688
280 450.1802 519.2389
281 322.2870 478.3743
282 428.5325 375.1077
283 453.5816 383.4991
284 489.7935 344.1901
285 347.6167 382.5424
286 375.2778 404.8686
287 398.1519 617.7479
288 488.0281 619.8892
289 349.1794 528.7694
290 333.4563 533.7897
291 376.8676 618.5284
292 368.1572 616.6565
293 464.1304 373.6344
294 363.4164 529.0445
295 393.8466 373.4571
296 398.0832 359.3073
297 419.0299 295.7993
298 476.7160 357.5999
299 406.9800 325.6407
300 481.5854 392.1424
301 493.5953 385.6857
302 323.0750 594.2067
303 341.5357 599.9191
304 355.2025 606.1239
305 344.1237 532.2549
306 372.2229 617.9835
307 365.5910 620.6590
308 366.1541 615.2329
309 339.5212 519.7365
310 345.1820 609.3612
311 332.6556 607.4843
312 317.9688 606.3302
313 325.5648 663.1776
314 324.7119 645.0781
315 323.6147 633.5182
316 321.8747 622.9444
317 320.1896 616.1197
318 349.0780 616.1933
319 352.0516 618.8510
320 356.4747 624.2565
321 360.6030 630.7717
322 378.0994 580.9447
323 509.6423 534.2422
324 357.1784 616.5611
325 360.9971 617.9322
326 327.0631 541.9738
327 355.9849 540.8533
328 329.9627 538.0149
329 380.9350 480.5566
330 409.8635 494.7689
331 367.4744 520.0200
332 462.7729 316.0500
333 449.6222 337.0555
334 435.8593 361.7508
335 369.9054 645.5754
336 354.8000 359.9003
337 362.6631 321.3880
338 371.1899 285.3301
339 437.3083 443.7295
340 478.8322 466.5312
341 361.6490 431.4372
342 461.5579 419.2977
343 349.3249 454.8698
344 352.1081 510.2582
345 497.2461 481.0832
346 466.1144 477.1870
347 442.5835 481.3871
348 408.0205 475.6622
349 382.6978 466.2482
350 363.4348 456.0534
351 325.1655 427.8527
352 492.3295 518.0039
353 476.7596 418.5205
354 312.8739 527.6179
355 359.6803 484.6783
356 516.0727 456.0930
357 349.2082 444.8649
358 368.7953 522.6577
359 451.3995 429.6646
360 353.2582 499.7530
361 502.8286 576.3391
362 361.8495 424.7369
363 338.1918 486.9263
364 449.2295 656.0151
365 447.9653 678.1210
366 509.3396 526.8765
367 470.7358 633.2496
368 503.2766 416.3790
369 374.8975 711.2391
370 310.9470 532.4593
371 375.5903 499.9712
372 495.7910 448.2650
373 421.8456 434.4016
374 406.1246 435.0196
375 370.4267 624.4680
376 486.5193 553.8445
377 339.0979 736.6473
378 397.6043 714.6286
379 421.6088 699.6953
380 390.5965 433.1333
381 376.1537 429.4019
382 366.7005 427.0674
383 489.7430 417.2916
384 377.9599 413.7305
385 393.7322 410.3858
386 409.3967 410.3403
387 425.1477 414.1846
388 435.0941 419.5148
389 513.7595 413.3965
390 432.3605 432.5581
391 362.9493 567.9691
392 349.7677 525.0581
393 328.7035 557.7904
394 425.9368 678.0850
395 401.8408 694.8371
396 340.2907 722.4483
397 468.6524 653.7705
398 366.7679 419.9442
399 336.5727 456.1771
400 370.9490 727.6357
401 501.8085 565.7416
402 336.0738 615.8910
403 339.0096 620.8458
404 342.2944 628.8698
405 345.0852 639.2338
406 350.5945 655.7849
407 359.9916 613.6629
408 365.9698 612.5236
409 371.7396 610.0975
410 390.7592 598.2321
411 461.4333 559.8873
412 336.9773 440.1235
413 347.3202 411.5106
414 358.6952 415.0977
415 356.0188 611.3135
416 462.5226 605.0994
417 331.6680 408.0850
418 361.2624 673.0936
419 323.9101 444.9061
420 348.3396 485.3271
421 331.5183 681.7251
422 403.8877 642.3249
423 382.8189 538.8940
424 384.8220 660.4025
425 423.2846 539.3326
426 398.0681 558.5579
427 436.8745 570.8423
428 337.6638 703.2840
429 359.2186 497.5593
430 420.2241 656.7830
431 396.2279 675.5559
432 417.8223 620.1075
433 480.3428 584.5841
434 440.5538 623.8909
435 490.5508 601.4780
436 410.7466 585.0847
437 347.7864 470.1575
438 345.6124 517.1707
439 357.4977 524.5569
440 338.2864 503.9034
441 362.1631 398.4800
442 392.4140 391.4818
443 418.3713 391.6629
444 439.6608 396.2084
445 454.3015 405.1197
446 464.1369 435.9771
447 513.5106 489.1320
448 450.0015 457.9880
449 431.6201 461.1578
450 407.6688 459.3375
451 384.6193 453.5359
452 366.5940 446.1975
453 354.0617 439.0275
454 512.8904 495.2944
455 356.5101 530.4864
456 335.8848 470.9865
457 332.5729 516.0384
458 321.8096 525.4694
459 332.2041 519.6858
460 350.6164 536.5445
461 318.6513 526.6509
462 316.8222 531.6283
463 355.0464 425.3977
464 344.3260 428.5255
465 338.6475 430.0054
466 440.9610 423.5933
467 450.6759 419.5514
