# Image: /home/yaroslav/Projects/Diia.AIContest-AdAstrum/fixtures/FLUXSynID-processed/00242572c9ee/00242572c9ee_f_live_0_e_d1.jpg
# Mode: stream
# Status: fail
# Errors: strong_shadows_on_face: Strong shadows or uneven lighting detected (difference: 52.5); face_too_small_in_frame: Face occupies only 39.4% of frame (min: 50.0%)

# 2D Landmarks (index x y)
0 305.0959 585.9526
1 306.1638 519.1800
2 306.4771 542.4166
3 291.9550 460.5415
4 306.6177 499.9077
5 307.3428 476.4911
6 309.7354 422.8643
7 176.4043 419.1872
8 310.9954 384.0016
9 311.8456 360.8485
10 314.9973 279.6670
11 304.8641 595.6890
12 304.6249 604.0757
13 304.5581 608.5870
14 304.5834 617.6922
15 304.3254 626.1312
16 303.9655 636.9342
17 303.5349 648.4391
18 302.8516 666.7449
19 305.9693 529.8843
20 289.9347 530.1227
21 117.0974 361.8254
22 228.4482 436.9760
23 210.1276 438.1188
24 192.7459 437.1675
25 170.2826 427.0110
26 244.2569 432.4931
27 206.6809 389.7089
28 226.3382 391.6197
29 188.2602 392.0830
30 175.7241 398.3302
31 155.5094 440.5492
32 230.5459 691.7654
33 170.5590 414.3375
34 104.5508 437.1483
35 135.8252 429.2582
36 215.5584 511.9506
37 283.6721 582.8622
38 287.3452 604.1478
39 261.7989 591.2473
40 248.5960 602.3045
41 272.3307 606.9264
42 260.7273 611.4802
43 223.4698 635.1418
44 290.7142 518.4759
45 288.3305 500.1153
46 148.4031 381.7223
47 252.5611 465.5961
48 248.7884 518.1776
49 247.5323 509.1215
50 161.7560 511.9111
51 290.1493 478.3320
52 192.0976 361.8789
53 166.2773 368.0106
54 135.3495 328.2667
55 272.4540 378.8017
56 243.3758 398.1306
57 211.4458 617.5641
58 116.7288 610.0152
59 262.7758 528.8750
60 277.8928 534.6882
61 234.2251 620.1723
62 243.1250 618.5783
63 156.7309 357.2114
64 248.7862 528.1816
65 226.8515 364.2791
66 223.8736 349.8437
67 209.1809 285.5465
68 146.3297 341.9074
69 218.2967 315.9670
70 138.2142 375.3522
71 127.7188 369.1429
72 285.1134 594.7980
73 267.6042 600.5471
74 254.6423 607.1182
75 267.7533 532.8134
76 238.9575 619.9380
77 244.8101 621.9435
78 244.9776 616.9932
79 271.9324 519.7126
80 264.5759 611.3133
81 276.2382 609.1321
82 289.8487 608.2835
83 278.5965 665.1443
84 281.0780 646.1952
85 283.1100 634.4396
86 285.4600 623.6756
87 287.6244 616.8863
88 260.7891 617.2504
89 257.6583 619.8047
90 252.8450 624.9816
91 248.1950 631.5633
92 231.9246 580.1218
93 101.4084 520.6407
94 306.2374 535.0571
95 253.2619 617.8756
96 249.4407 619.2739
97 283.8465 543.0602
98 255.6154 540.9423
99 281.0691 539.0715
100 233.1571 477.0232
101 203.4411 489.6284
102 244.8547 518.7354
103 164.2957 302.1355
104 174.9469 323.2159
105 186.0691 348.1939
106 236.9519 646.2833
107 267.1011 355.2697
108 262.9273 316.3113
109 257.7821 279.3331
110 178.1825 433.7696
111 135.8785 454.6308
112 254.6030 427.5934
113 155.7495 404.8989
114 265.8895 452.8924
115 259.6599 509.1136
116 116.6183 468.1387
117 147.7154 467.1783
118 171.1489 473.5595
119 206.2736 470.0606
120 232.1417 462.0466
121 251.7913 453.0094
122 291.4904 427.3469
123 119.1118 506.7931
124 141.1728 403.6410
125 296.9945 528.8593
126 253.9564 482.7343
127 100.9788 440.6403
128 266.5398 442.5557
129 243.6888 521.5287
130 164.9627 416.5346
131 259.0454 498.3890
132 104.9764 564.2616
133 255.0556 420.5778
134 274.0226 486.0551
135 153.7861 650.5913
136 152.7278 672.7932
137 101.4242 513.3928
138 133.6244 625.5537
139 116.0332 400.7772
140 224.3216 711.2457
141 299.2028 534.1403
142 237.4746 497.4063
143 120.6433 433.8882
144 193.9409 425.5118
145 209.7657 427.5473
146 239.7294 625.5837
147 122.9564 543.6693
148 257.7953 740.1930
149 200.8799 713.2296
150 177.9190 696.5664
151 313.4623 319.0484
152 299.9383 746.0372
153 225.3570 426.8972
154 240.2219 424.4284
155 250.0099 422.6511
156 128.8501 401.7705
157 239.7734 406.6668
158 224.1885 400.8745
159 208.0836 398.8385
160 191.6432 401.4987
161 181.3506 406.6063
162 106.3729 397.0781
163 183.3771 422.3828
164 306.1291 556.1423
165 247.1958 567.6430
166 262.2162 524.8889
167 281.2591 558.5127
168 310.4461 403.6813
169 175.6539 674.4825
170 198.5396 692.8137
171 257.8671 725.2777
172 133.5997 646.3170
173 250.4400 414.7822
174 278.0432 455.0215
175 300.5127 730.7969
176 226.6539 728.2327
177 106.3628 553.7710
178 272.9648 616.4377
179 269.6562 621.3498
180 265.7571 629.3472
181 262.1850 639.8243
182 254.9706 656.8245
183 250.6760 615.5355
184 244.6712 614.1356
185 238.9483 611.3036
186 219.2350 597.6642
187 148.3772 552.3226
188 279.0216 438.7753
189 270.7874 408.4190
190 258.9180 410.9226
191 254.7398 613.3529
192 144.6043 598.0293
193 286.7199 406.5806
194 242.1489 673.7582
195 308.2047 457.8256
196 291.2802 444.5838
197 308.8673 440.6399
198 264.6677 483.9354
199 301.3499 710.1840
200 302.3165 686.6687
201 270.8078 683.9919
202 202.0665 640.7144
203 228.5853 537.0843
204 219.5854 659.8304
205 187.8337 534.1316
206 212.3295 555.8226
207 172.8305 565.4371
208 262.3966 705.6214
209 253.8402 495.9933
210 183.6864 653.7079
211 206.3886 673.9435
212 189.8073 617.6883
213 127.3791 575.4044
214 165.7074 619.0690
215 115.3934 591.1467
216 199.0039 582.6013
217 266.2784 468.5534
218 265.8884 516.6297
219 254.4064 523.7742
220 273.0425 503.2396
221 256.8192 393.1679
222 227.2775 382.2880
223 201.1349 379.6341
224 179.3134 382.2396
225 164.0321 390.3356
226 152.3393 422.8764
227 100.1906 474.5360
228 164.8869 447.9715
229 183.2609 453.1059
230 207.3689 452.8968
231 230.7557 448.6884
232 249.1763 442.4856
233 262.0426 436.2313
234 101.0608 480.6969
235 255.3968 530.1135
236 277.4033 470.0095
237 278.2805 516.0603
238 288.6816 526.2974
239 278.8162 519.8816
240 261.0545 536.6606
241 291.5747 527.6263
242 293.6162 532.9024
243 261.7222 421.9023
244 272.5734 426.1802
245 278.1796 428.2742
246 175.3860 410.6955
247 166.1974 405.6286
248 324.1807 461.9946
249 443.1020 430.9970
250 322.8248 531.3620
251 509.9857 379.0521
252 390.5261 444.0101
253 408.7428 446.5743
254 426.2030 446.9626
255 449.2355 439.2787
256 374.9135 438.3558
257 415.0643 399.6463
258 395.3959 399.4906
259 433.2828 403.7480
260 445.3436 410.9836
261 463.6831 453.8594
262 374.3279 698.0526
263 449.5291 426.9653
264 518.1009 455.1273
265 484.7916 444.4688
266 398.9526 519.1048
267 326.9597 584.0310
268 322.2178 605.1026
269 348.8055 593.8162
270 361.8265 605.5611
271 337.5934 608.7935
272 349.3615 613.8616
273 385.9736 640.7591
274 321.7240 519.6459
275 324.6597 501.4943
276 473.8298 397.1366
277 364.5317 470.2037
278 364.7458 522.5011
279 366.5130 513.5262
280 453.1697 523.4640
281 324.6049 479.7554
282 430.8827 373.8062
283 456.3392 382.2280
284 492.9342 344.0007
285 349.7068 382.5741
286 377.9782 404.4283
287 399.0375 623.9345
288 496.3451 627.5215
289 350.4826 531.9852
290 335.0555 536.7071
291 376.4172 624.3005
292 367.6019 621.9581
293 466.7468 372.4552
294 364.7144 532.3433
295 395.9975 372.6537
296 399.9666 358.5181
297 420.5266 294.6867
298 479.6356 357.0494
299 408.5849 324.7641
300 484.9112 391.7126
301 497.4454 385.8868
302 324.8928 595.8485
303 342.6232 602.6617
304 355.6276 609.8936
305 345.4369 535.4064
306 371.6201 623.5787
307 365.6141 625.4031
308 365.8065 620.3512
309 341.2196 522.4209
310 345.5191 613.3086
311 333.6084 610.6392
312 319.5706 608.9354
313 327.5356 667.0286
314 326.4302 647.8633
315 325.3345 635.9378
316 323.7059 624.9697
317 322.0609 618.0362
318 349.5990 619.6621
319 352.5706 622.5321
320 357.0134 628.1776
321 361.3134 635.1386
322 379.4744 585.0503
323 517.6258 539.3243
324 357.3413 620.7728
325 360.9855 622.3805
326 329.0007 544.6772
327 357.2540 544.4069
328 331.7681 540.8210
329 383.4217 483.0404
330 412.4308 497.8637
331 368.9738 523.1937
332 464.9920 315.2409
333 451.7738 336.0178
334 437.9080 360.5458
335 371.5475 651.1114
336 356.5966 359.8292
337 364.0006 320.7539
338 372.2515 284.1266
339 440.8929 445.0437
340 483.1623 469.4400
341 364.8757 432.6231
342 465.2600 419.2155
343 351.8437 456.5056
344 353.7328 512.7265
345 502.2872 484.5541
346 469.9657 480.4551
347 445.8386 484.6584
348 410.7800 478.3211
349 385.3642 468.3780
350 366.1426 457.8308
351 327.5699 428.9966
352 497.1637 522.5896
353 480.5871 419.0162
354 315.1641 529.6299
355 361.9904 486.9393
356 522.7881 459.1263
357 351.9457 446.3800
358 370.4794 526.0317
359 455.3076 429.7735
360 355.0786 502.1175
361 511.0613 582.8125
362 364.9455 425.6106
363 340.3180 488.6720
364 455.2466 664.1079
365 455.1747 686.9241
366 516.1818 531.7106
367 477.4414 640.9991
368 508.2159 417.9230
369 378.9584 718.3727
370 313.4042 534.7155
371 377.8150 502.8147
372 500.6232 450.4353
373 425.2402 435.4388
374 409.4985 436.0786
375 370.5312 629.5779
376 491.4143 559.3273
377 342.3932 744.3837
378 402.7028 722.7381
379 427.6988 708.2158
380 393.9856 434.2498
381 379.4343 430.5723
382 369.8559 428.1111
383 493.8670 418.1215
384 381.1105 413.0976
385 396.9713 408.7630
386 412.8762 408.3185
387 428.9191 412.3489
388 438.9961 418.3265
389 519.4065 415.2407
390 435.8834 433.4066
391 364.4818 571.5363
392 351.1238 528.1200
393 330.7228 560.1024
394 431.3011 685.9418
395 406.7151 702.3649
396 343.6257 729.3262
397 476.6252 662.3005
398 369.8767 420.3430
399 338.8877 457.6344
400 375.1308 735.4305
401 509.0549 571.7175
402 337.2366 618.4258
403 340.0922 623.5292
404 343.4075 631.9148
405 346.2416 642.7251
406 352.3190 660.5060
407 359.6429 618.4431
408 365.6425 617.4850
409 371.4854 615.1394
410 391.6404 603.3506
411 464.9726 565.1865
412 339.4502 441.4201
413 350.0177 412.1841
414 361.7222 415.6536
415 355.8068 615.9989
416 467.0731 611.6851
417 334.0400 408.8519
418 364.1976 678.8043
419 326.2761 446.0616
420 350.4459 487.3698
421 334.2208 686.6329
422 406.7027 648.8433
423 384.7652 542.7198
424 387.8784 666.6963
425 425.6852 543.4878
426 400.1543 562.8093
427 439.5432 576.0429
428 340.7629 709.1362
429 361.2105 500.0933
430 424.3628 663.9582
431 400.2888 682.4455
432 420.3119 626.5248
433 485.5469 590.7750
434 444.4304 630.7261
435 497.8873 608.3620
436 412.6388 590.4014
437 350.1789 471.9396
438 347.2742 519.8163
439 358.8604 527.6300
440 340.2923 505.9274
441 364.7099 398.4052
442 394.8991 390.4375
443 421.0985 390.2608
444 442.6791 394.9210
445 457.6764 404.2782
446 468.0581 436.9364
447 520.0246 492.9084
448 453.6248 460.0966
449 434.9301 463.4628
450 410.7498 461.3433
451 387.6574 455.2791
452 369.6492 447.7599
453 357.0209 440.4556
454 520.2826 499.2918
455 357.7598 533.7221
456 338.2476 472.5277
457 334.5015 518.2977
458 323.9644 527.7484
459 334.0972 522.1227
460 351.9327 539.9022
461 320.8594 528.8324
462 319.1052 534.0028
463 358.1526 426.4002
464 347.2201 429.6905
465 341.3075 431.2139
466 444.8369 422.9193
467 454.4445 419.0668
