# Image: /home/yaroslav/Projects/Diia.AIContest-AdAstrum/fixtures/FLUXSynID-processed/0053e2c19a21/0053e2c19a21_f_live_0_e_d1.jpg
# Mode: stream
# Status: fail
# Errors: image_blurry_or_out_of_focus: Image is blurry (sharpness score: 67.95); face_not_looking_straight_at_camera: Head is turned 167.7째 (max: 15.0째); head_is_tilted: Head is tilted 10.9째 (max: 10.0째); face_too_small_in_frame: Face occupies only 41.3% of frame (min: 50.0%)

# 2D Landmarks (index x y)
0 274.5985 627.2773
1 291.3934 570.8106
2 283.3251 587.2942
3 288.2923 504.2935
4 296.3125 551.9845
5 301.1748 526.4833
6 311.5959 463.6889
7 175.4658 423.8365
8 321.4788 417.3539
9 328.1128 392.0420
10 350.0801 297.1630
11 272.1785 636.3935
12 269.7838 643.2975
13 268.1670 645.9593
14 266.5741 652.6213
15 264.9136 660.8902
16 262.5425 670.9625
17 259.5898 680.8101
18 254.2762 692.3781
19 287.9328 579.5626
20 270.6093 573.9175
21 121.8002 330.8334
22 224.6824 454.9406
23 205.9553 452.0097
24 188.6714 446.3938
25 167.5188 428.9111
26 241.4584 453.7284
27 212.4758 400.9836
28 231.8541 407.3163
29 193.4790 398.9362
30 179.3358 401.7635
31 149.9898 437.5433
32 181.9272 700.1565
33 170.2353 416.6378
34 96.0795 411.1154
35 131.8538 418.5037
36 199.0579 530.3904
37 254.1537 620.1204
38 252.0702 639.4891
39 230.1097 622.2227
40 213.5908 627.6704
41 235.7181 637.9809
42 222.3435 637.8848
43 182.0582 649.0626
44 276.4761 566.8449
45 278.6875 548.2979
46 154.8199 374.1849
47 244.4410 491.3406
48 232.4742 551.1347
49 232.9593 540.3296
50 143.8263 514.9943
51 284.1941 524.6265
52 204.7351 366.8499
53 176.7606 365.8484
54 148.9448 302.2701
55 282.7769 403.8248
56 247.4216 417.6692
57 173.4080 629.9341
58 78.9803 583.1881
59 243.1326 564.4121
60 257.1982 573.1182
61 193.8866 636.8187
62 202.0994 637.1242
63 168.9166 349.9019
64 229.5684 558.9196
65 239.5724 378.2415
66 240.3845 361.3404
67 238.4718 278.7753
68 159.6617 325.6143
69 242.1237 319.4484
70 144.8846 362.2103
71 133.3524 347.2494
72 252.6207 631.2702
73 233.2837 631.9449
74 218.0448 633.2738
75 247.0500 568.5397
76 198.2373 637.5236
77 204.3745 641.6392
78 203.8182 635.9023
79 255.1550 560.8993
80 225.4809 637.3189
81 238.3822 639.3479
82 252.8601 642.3832
83 231.5163 687.6531
84 238.2503 674.9694
85 242.5238 664.7109
86 246.4488 655.0318
87 249.4902 648.5315
88 220.8114 641.3715
89 217.7496 643.1939
90 212.5108 647.3375
91 207.2283 652.4542
92 202.5223 602.3696
93 76.4679 488.9250
94 285.8976 582.4475
95 212.5277 639.3096
96 209.0420 640.0526
97 261.4962 582.4735
98 233.3125 571.2600
99 259.4808 578.0763
100 222.6916 497.7439
101 190.5637 503.5438
102 227.7623 547.6167
103 186.3912 283.9659
104 194.5698 314.8984
105 201.8102 349.1274
106 194.2277 662.0344
107 283.5347 377.2289
108 288.4798 330.4957
109 291.2803 283.8718
110 174.3960 438.6508
111 127.4049 446.3531
112 252.8965 451.2655
113 157.5312 401.0818
114 260.5487 482.2856
115 245.9403 547.1358
116 105.1467 453.3801
117 137.6257 464.1888
118 160.7634 477.8968
119 196.7103 483.2581
120 223.9290 481.1787
121 245.3229 476.8027
122 292.5997 464.1568
123 101.1820 494.5662
124 142.5037 393.9964
125 279.2050 576.7957
126 243.3386 510.8977
127 88.7600 405.8121
128 262.4179 470.1341
129 225.3779 547.7925
130 164.1551 416.4311
131 247.2244 534.2753
132 74.1607 534.3171
133 254.5078 443.8777
134 265.7410 527.3429
135 114.0614 641.2463
136 108.7521 656.9081
137 80.9624 490.4625
138 96.2171 610.7628
139 114.5792 376.2177
140 174.3917 713.5312
141 279.1785 580.1525
142 223.7953 520.7656
143 114.8261 417.2362
144 192.3008 435.7343
145 207.8987 441.6751
146 198.9128 644.2026
147 98.4585 532.1865
148 200.2437 740.9657
149 151.7202 706.9432
150 131.5094 686.4306
151 339.5599 344.3184
152 235.0506 751.5407
153 223.7394 444.2827
154 239.2290 444.5712
155 249.2234 444.7671
156 129.3980 385.9719
157 241.9684 425.8059
158 227.2527 416.0845
159 211.4775 410.8487
160 194.4149 409.8536
161 182.9342 412.3390
162 103.1137 363.4359
163 182.1147 429.4802
164 280.4570 599.4077
165 220.6112 595.1547
166 243.7627 561.5122
167 256.2111 596.3017
168 315.8560 439.5457
169 132.8252 669.6335
170 152.5426 691.4556
171 202.6229 732.7165
172 91.3548 624.5091
173 251.1294 437.0478
174 274.0657 491.4732
175 239.3891 742.9033
176 174.1438 725.5568
177 79.7118 532.1972
178 234.1030 644.4081
179 230.3496 648.6914
180 225.4455 655.6763
181 220.5646 664.3853
182 210.2994 675.5221
183 210.4748 637.5682
184 205.5301 635.3845
185 200.9379 631.7500
186 185.6346 614.7279
187 122.3792 550.1776
188 277.0590 471.9214
189 273.1129 434.1771
190 260.2984 434.4097
191 214.4146 635.7023
192 111.1402 591.1399
193 290.8975 436.8918
194 195.0601 687.5150
195 304.7215 505.0685
196 289.9207 485.1899
197 307.9677 485.1516
198 254.7057 518.3059
199 244.3574 728.3929
200 249.5434 709.3226
201 220.4633 702.6087
202 161.9390 649.2079
203 207.4680 558.8916
204 175.9291 670.2130
205 166.4776 545.6092
206 187.4645 573.4318
207 144.9674 571.3200
208 209.4385 719.5090
209 240.9883 525.9947
210 143.0637 655.2417
211 162.0104 678.5435
212 153.4872 625.0198
213 97.5868 563.7914
214 129.9460 618.5519
215 82.8391 571.5734
216 168.3532 595.0499
217 258.8497 500.8650
218 250.2290 556.8161
219 236.6331 558.5463
220 261.7795 546.5978
221 262.2574 415.4793
222 234.9551 398.1465
223 209.5428 389.3614
224 186.9858 386.0476
225 169.3392 389.3404
226 150.1100 417.7693
227 85.6532 449.8751
228 158.4988 448.9763
229 176.4200 459.7120
230 200.7540 465.8517
231 224.7657 466.9495
232 244.3636 464.8294
233 258.5587 461.4785
234 81.7652 446.9193
235 235.7527 563.3242
236 271.3508 509.1810
237 263.7927 561.0247
238 270.9018 571.4545
239 262.4893 563.4991
240 239.6109 569.8052
241 273.9524 574.1377
242 273.8412 577.6402
243 261.0010 446.8464
244 271.1249 453.5652
245 277.1990 458.1299
246 176.0009 414.5466
247 167.9883 405.9245
248 318.4772 511.4487
249 434.0295 486.4886
250 302.0181 580.8258
251 505.6566 425.8997
252 378.9897 492.6002
253 396.4706 498.1908
254 413.3338 500.5626
255 436.6982 493.9078
256 365.3530 484.0592
257 415.0259 450.9245
258 395.4658 447.7373
259 431.8482 457.4412
260 441.4249 465.9899
261 446.1840 508.5470
262 307.4680 726.6928
263 440.4963 482.3605
264 489.2358 505.6988
265 466.8474 498.9450
266 372.1869 570.1542
267 295.2533 628.5380
268 286.3091 646.4123
269 313.1599 638.9200
270 322.3862 649.3630
271 299.5908 650.7325
272 309.3073 655.1797
273 333.2025 680.2543
274 305.4951 573.3733
275 312.5426 555.9971
276 474.1647 452.1475
277 350.3346 516.3072
278 341.6150 575.3833
279 344.3953 565.2294
280 420.7453 578.9430
281 316.2391 532.0469
282 441.4181 425.5022
283 462.9761 436.2504
284 502.6016 390.4526
285 360.3363 423.1414
286 377.1381 449.8232
287 349.2284 666.5607
288 415.1155 658.5376
289 326.4416 582.4321
290 311.1212 584.8650
291 330.6851 664.1948
292 323.3238 661.1994
293 475.6850 425.5020
294 338.8042 582.8762
295 408.3224 420.0887
296 416.2367 404.9610
297 450.1712 332.1133
298 489.5363 407.1779
299 432.1555 367.0119
300 485.5693 445.5032
301 495.9091 436.5228
302 291.0514 639.0693
303 305.7981 646.3446
304 316.0029 652.7471
305 320.8618 584.4725
306 326.6879 663.0220
307 320.6761 665.0789
308 321.7102 659.4343
309 321.4326 575.3393
310 305.3107 653.1241
311 294.8470 650.6650
312 282.3489 648.3814
313 275.8747 697.0780
314 280.3647 683.8126
315 282.4483 673.1021
316 283.1144 662.7786
317 282.7800 655.4793
318 307.4880 658.8851
319 309.7201 661.9523
320 312.5317 667.8248
321 314.3687 674.4592
322 341.1326 632.0653
323 457.9889 578.4111
324 313.8166 659.7874
325 317.1798 661.8954
326 303.7949 591.5838
327 329.1153 591.9618
328 307.2412 588.3871
329 364.9755 531.2400
330 389.3020 550.0092
331 344.0222 573.4207
332 485.8925 358.9935
333 470.1147 383.3894
334 451.9143 411.0781
335 317.7792 687.7130
336 373.3572 399.7907
337 389.6479 355.8858
338 406.0967 312.8793
339 427.7586 499.7438
340 459.2460 525.2838
341 357.1830 476.8115
342 457.8592 474.0945
343 342.0255 501.6308
344 334.9359 567.1119
345 470.7371 539.8947
346 445.5842 537.0417
347 422.9918 539.7331
348 391.6243 529.4096
349 369.6798 515.9488
350 354.1347 502.8719
351 326.8085 472.3854
352 456.4279 577.1878
353 471.9554 473.8189
354 296.5469 580.6867
355 344.4600 534.3310
356 488.3989 502.4672
357 343.6195 489.7287
358 343.7856 574.0554
359 444.6579 484.5411
360 337.4818 554.6526
361 439.3915 618.3137
362 358.5260 469.3250
363 328.0893 541.5916
364 377.4151 697.7389
365 367.7581 712.1842
366 464.4552 579.9460
367 401.3375 677.6950
368 493.7309 468.5770
369 305.2715 740.9141
370 292.6240 583.1903
371 355.4332 551.0239
372 478.1912 504.4213
373 415.8779 490.0860
374 399.9478 488.5283
375 323.8384 669.4216
376 440.3710 610.2614
377 269.5051 755.3722
378 319.3276 741.7135
379 341.0916 730.2036
380 384.7351 483.7597
381 371.2888 476.8876
382 362.6161 472.6133
383 483.4300 471.7716
384 377.3142 459.1168
385 393.9221 457.1865
386 410.2062 459.6111
387 425.1103 466.2210
388 433.2495 473.3162
389 500.9919 461.0412
390 426.7189 488.7884
391 330.2703 618.6451
392 328.3154 580.0313
393 302.5326 606.1872
394 352.7033 716.1199
395 329.5858 728.3759
396 275.2527 748.0345
397 390.6907 690.0371
398 364.6402 464.7632
399 331.4101 505.0183
400 296.3670 750.8654
401 446.0205 615.9290
402 296.7187 657.3652
403 298.4476 662.8090
404 299.6023 671.0942
405 299.3263 680.8534
406 298.8908 694.1363
407 317.5091 658.7902
408 323.1428 658.8664
409 328.8127 657.3281
410 348.1586 649.0422
411 418.8031 617.3263
412 334.4944 485.7109
413 349.7565 453.1323
414 358.6862 458.7012
415 314.0100 655.5213
416 404.9913 656.3188
417 336.8303 448.2615
418 303.6093 710.2213
419 322.7940 492.9628
420 335.5438 536.8864
421 277.0600 714.5794
422 346.6428 688.2780
423 353.7436 591.5537
424 326.0809 701.7263
425 391.5301 596.8251
426 363.9747 612.8710
427 395.3787 627.4760
428 277.8663 734.0627
429 341.3132 548.9135
430 355.6054 700.4722
431 331.2594 714.0677
432 364.9652 670.3519
433 425.3693 637.5074
434 381.9726 673.2186
435 426.3030 648.5767
436 368.8622 639.0784
437 337.6823 519.3023
438 327.7357 573.9534
439 335.3990 580.3132
440 325.1156 560.9673
441 368.1492 441.6268
442 399.6703 438.6752
443 425.2399 442.5658
444 444.7733 449.5041
445 456.0525 459.6425
446 454.3806 491.2421
447 479.5137 543.3669
448 435.6898 515.2069
449 417.3808 517.2766
450 394.8576 512.4355
451 374.1086 502.9364
452 358.8118 492.5684
453 348.8801 483.4176
454 472.9639 540.3008
455 332.5493 584.4570
456 328.6481 522.5418
457 317.2145 572.8433
458 304.5800 578.8235
459 315.3886 575.1025
460 325.5993 588.3896
461 301.7433 580.2962
462 298.0117 582.9569
463 352.4604 469.4123
464 342.2848 471.1008
465 337.4065 472.8830
466 437.4815 478.2419
467 447.4913 474.0845
