# Image: /home/yaroslav/Projects/Diia.AIContest-AdAstrum/fixtures/FLUXSynID-processed/0053e2c19a21/0053e2c19a21_f_doc.jpg
# Mode: stream
# Status: fail
# Errors: face_too_small_in_frame: Face occupies only 37.2% of frame (min: 50.0%)

# 2D Landmarks (index x y)
0 305.5286 575.0195
1 305.7255 512.6716
2 305.7203 534.5048
3 290.6106 453.4010
4 305.6991 493.1855
5 305.8406 469.2712
6 306.5195 413.1460
7 172.3864 412.7403
8 306.6978 367.0478
9 306.8597 341.0951
10 307.8228 251.9669
11 305.4782 584.6378
12 305.5858 592.5770
13 305.7486 596.3533
14 306.1743 603.4352
15 306.1809 611.5806
16 306.1717 622.0707
17 306.1831 633.2030
18 306.1791 650.0488
19 305.6688 523.1919
20 290.9297 523.2608
21 110.9908 345.1023
22 225.1769 431.1912
23 206.4875 432.4821
24 189.2307 430.8282
25 166.5310 419.9326
26 241.3837 426.1350
27 202.6362 380.5670
28 222.3920 382.4768
29 184.0879 383.0084
30 171.4590 389.5819
31 152.3785 432.3197
32 239.5672 677.0409
33 166.6466 407.4414
34 103.5084 426.0432
35 133.1884 419.2963
36 215.3603 504.3665
37 284.0253 572.4523
38 287.1944 592.6790
39 262.0482 579.9694
40 247.8397 589.4444
41 271.6649 594.8234
42 259.2828 598.0901
43 226.0247 620.8158
44 291.1620 512.3776
45 288.6489 493.9636
46 142.1065 367.1640
47 251.4304 457.8904
48 250.7726 511.6903
49 249.2758 502.3055
50 159.9327 504.3278
51 289.5868 471.6028
52 184.6590 345.7107
53 159.2118 352.2550
54 127.1017 309.2323
55 266.2733 363.0459
56 239.6378 389.3671
57 212.9151 603.2338
58 128.4437 599.1709
59 264.5321 522.0170
60 279.6406 527.2415
61 232.8700 603.6668
62 241.2875 602.1977
63 148.9185 339.4817
64 250.8042 520.8583
65 219.3953 348.1202
66 216.0792 331.8710
67 200.0058 261.8463
68 138.2112 323.6058
69 209.9017 295.4563
70 131.4633 359.4195
71 121.2100 352.9527
72 285.2001 583.8898
73 267.3055 588.8449
74 253.5246 593.9891
75 269.4861 525.4518
76 237.2981 603.2831
77 244.0724 606.2664
78 243.2177 601.0542
79 273.0645 513.8194
80 262.9899 597.3782
81 275.4458 596.3685
82 289.6876 596.0961
83 282.3896 649.6941
84 283.8481 631.6970
85 284.9964 620.0384
86 286.6234 609.6383
87 288.3844 603.0257
88 259.9765 602.5494
89 257.1615 604.9862
90 252.9831 610.1436
91 249.3199 616.7980
92 232.7801 569.2772
93 106.9357 510.2795
94 305.7459 527.8329
95 252.0267 602.6777
96 248.3732 603.7478
97 285.1071 535.1989
98 257.5512 532.4964
99 282.5816 531.3991
100 231.7869 469.4021
101 201.7048 482.0308
102 246.6242 511.2853
103 155.0055 280.7616
104 165.9662 303.3214
105 178.0326 329.9242
106 240.4176 632.0402
107 260.2206 337.1604
108 255.5883 294.9569
109 249.5870 253.5378
110 174.5068 427.1268
111 133.7353 446.2624
112 251.9874 420.7613
113 151.3607 394.7073
114 264.4288 444.9189
115 261.1022 503.1412
116 115.9913 459.7179
117 145.5526 459.3487
118 168.9904 465.8052
119 203.9987 462.5958
120 230.0008 454.7281
121 249.9164 445.3700
122 288.9642 418.4686
123 119.4759 499.0534
124 136.7826 391.7192
125 297.2606 522.4159
126 253.9483 475.1280
127 100.3850 427.6495
128 264.4822 434.3722
129 245.1199 513.4138
130 161.1294 408.9083
131 260.2055 491.9607
132 114.1681 554.1430
133 252.6109 413.3272
134 274.3059 479.5991
135 165.9167 638.6770
136 168.2830 658.9336
137 105.2399 505.0086
138 143.6524 615.1800
139 112.1240 387.2174
140 236.9001 693.9020
141 299.2909 527.1588
142 237.5796 489.5127
143 118.6019 423.5366
144 189.7155 419.8268
145 205.6839 422.1066
146 239.5844 610.2807
147 125.0871 536.0196
148 269.4786 717.4628
149 217.2438 695.2439
150 194.8523 680.7332
151 307.3840 295.9777
152 306.2243 721.1839
153 221.8190 421.3004
154 237.0442 418.1934
155 247.2694 415.8801
156 124.4809 388.6585
157 236.6731 398.9907
158 220.8140 393.1260
159 204.5595 391.4487
160 188.0438 394.2220
161 177.6258 399.4919
162 102.8021 382.4721
163 179.1878 416.3181
164 305.7706 547.2603
165 249.1039 557.8528
166 263.8350 518.5106
167 282.1273 549.6417
168 306.6237 390.4123
169 189.5403 660.9242
170 212.4649 677.2948
171 267.7231 706.1948
172 147.2145 634.0125
173 247.8919 407.3977
174 276.8191 447.4492
175 306.0988 709.2411
176 241.3865 707.9361
177 112.8671 545.4039
178 272.8803 602.3882
179 269.9700 607.1600
180 266.8844 615.1262
181 264.5548 625.4399
182 258.9261 642.1150
183 248.5567 600.5436
184 242.8565 599.2007
185 237.5065 596.6593
186 219.4822 585.0375
187 148.3984 544.7471
188 276.9825 430.2954
189 266.9201 398.2069
190 255.7456 402.5215
191 252.5856 598.2800
192 149.3738 589.0501
193 282.8793 394.6858
194 248.3883 659.6812
195 306.1293 450.1333
196 289.4608 436.8960
197 306.2920 432.3985
198 264.6507 476.9132
199 306.0551 691.7115
200 306.1476 669.7289
201 275.8986 668.8503
202 208.6561 628.1419
203 230.2150 528.6685
204 226.6939 646.5289
205 186.9756 526.6763
206 213.1018 547.1431
207 173.0299 557.2690
208 269.7641 689.6953
209 254.4988 488.6554
210 193.8608 641.3837
211 216.7624 660.1478
212 194.1489 605.6917
213 131.8239 567.3167
214 172.1662 608.4425
215 124.1248 582.2438
216 199.5523 572.1246
217 265.6637 461.0214
218 267.2381 510.8859
219 256.3837 517.4485
220 274.0896 497.2657
221 251.6924 381.7339
222 221.6020 370.6608
223 195.5535 367.9903
224 173.9134 370.5248
225 158.7310 379.0012
226 148.9060 413.7705
227 101.5076 465.2230
228 161.8800 440.5007
229 180.4844 445.8706
230 204.5735 446.2548
231 228.0375 442.0915
232 246.7306 435.3631
233 259.5102 428.3321
234 103.2360 469.0401
235 257.3659 523.0114
236 276.6994 462.9962
237 279.3039 510.3346
238 289.4966 519.8618
239 279.8040 513.8745
240 262.9354 528.8755
241 292.2115 521.2993
242 294.2900 525.9835
243 259.1537 414.2819
244 269.7012 417.4069
245 275.4984 419.0253
246 171.5104 403.5677
247 161.9849 397.1224
248 321.5734 453.6318
249 441.0740 414.1958
250 320.6921 523.5170
251 505.9439 347.4683
252 388.1742 432.1777
253 407.0065 433.6226
254 424.3945 432.0652
255 446.7871 421.4732
256 371.8647 426.8860
257 410.8142 381.8379
258 391.1297 383.4391
259 429.2736 384.4469
260 441.7900 391.2109
261 461.0068 434.0853
262 373.1936 678.7229
263 446.6961 409.1145
264 511.9350 428.5150
265 480.6643 421.2622
266 397.3886 505.4392
267 327.2202 572.6024
268 324.1459 592.8106
269 349.6448 580.4136
270 364.1835 589.9524
271 340.1493 595.2849
272 352.8748 598.5619
273 386.8387 622.1641
274 320.3265 512.4699
275 322.7367 494.0713
276 471.7544 369.1949
277 361.4782 458.5315
278 360.8319 512.2863
279 362.5259 502.8855
280 453.0077 505.9478
281 322.2890 471.8252
282 428.9175 347.1663
283 454.4751 354.0815
284 489.5242 311.2230
285 347.1617 363.5472
286 373.8996 390.1424
287 399.9170 604.5335
288 486.3590 602.3052
289 347.3192 522.3686
290 332.1838 527.6270
291 379.8704 604.6693
292 371.7003 602.9952
293 465.2424 341.4897
294 361.0353 521.5386
295 394.0159 349.1755
296 397.5647 332.9311
297 415.5327 263.0391
298 477.3437 325.5291
299 404.8052 296.5140
300 483.0844 361.5990
301 494.6556 355.2357
302 326.0616 584.0787
303 344.3897 589.1452
304 358.5577 594.4337
305 342.4029 525.8825
306 375.5573 604.1322
307 368.8762 607.2046
308 369.7458 601.8226
309 338.6542 513.9366
310 349.3225 597.7737
311 336.4539 596.7035
312 321.8956 596.2036
313 330.1013 650.1860
314 328.5621 632.0378
315 327.5250 620.3122
316 325.8291 610.0245
317 324.0422 603.2784
318 352.9014 603.1029
319 355.7139 605.5679
320 359.8463 610.9064
321 363.5485 617.7135
322 379.5313 570.1312
323 508.5091 513.1334
324 360.9606 603.3655
325 364.5370 604.5543
326 326.6880 535.4530
327 354.3783 533.2263
328 329.1915 531.6979
329 381.2758 470.3388
330 411.4081 483.1968
331 365.2608 511.9902
332 460.9526 282.4547
333 449.0114 304.8460
334 435.9256 331.4317
335 372.5330 633.1485
336 353.4493 337.8052
337 359.0858 295.5162
338 366.1340 254.1545
339 438.9224 428.4960
340 479.6666 448.2025
341 361.3066 421.3654
342 462.1621 396.6217
343 348.5728 445.4068
344 350.5548 503.5751
345 497.6739 461.9919
346 467.6106 461.0397
347 444.2202 467.2205
348 409.3308 463.6940
349 383.2169 455.6324
350 363.2603 446.0422
351 324.0900 418.6884
352 493.6334 501.3042
353 477.2443 393.6773
354 314.2045 522.5490
355 358.7142 475.7823
356 516.1533 430.2397
357 348.6644 434.9045
358 366.9775 514.1378
359 452.2121 410.6706
360 351.4988 492.3819
361 500.8101 557.2599
362 360.7924 413.9743
363 337.4373 479.8887
364 447.9920 641.6866
365 446.1568 662.3267
366 508.8196 507.7378
367 470.3941 618.3460
368 503.7397 389.5351
369 376.0159 695.8495
370 312.1942 527.2638
371 375.0208 490.3862
372 495.6395 425.7873
373 423.7813 421.1001
374 407.7517 423.2575
375 373.3739 611.1914
376 488.0862 538.4915
377 343.0016 718.6435
378 396.2497 697.9925
379 419.2740 683.8552
380 391.5593 422.2965
381 376.3043 418.9517
382 366.1934 416.6014
383 490.2995 390.7824
384 377.0957 399.8679
385 393.0736 394.3049
386 409.1877 392.7940
387 425.5363 395.7554
388 435.8134 401.0238
389 514.1479 384.9816
390 434.2487 417.7190
391 362.9910 558.5290
392 347.9742 518.8474
393 329.4817 549.8835
394 424.0568 663.8090
395 400.9799 679.9535
396 344.4665 707.3088
397 467.3660 637.4342
398 365.6408 408.0939
399 335.8256 447.8147
400 371.6675 709.9820
401 501.0087 548.1491
402 339.8578 602.9285
403 342.7542 607.6045
404 345.7203 615.6342
405 348.1585 626.1167
406 353.8316 643.1420
407 364.0080 601.1551
408 369.5879 599.9349
409 374.9284 597.4358
410 392.9861 585.9948
411 464.3675 546.7195
412 336.0397 430.6761
413 346.6294 398.6583
414 357.5918 403.1132
415 360.1618 598.8944
416 463.8750 591.6268
417 330.5792 394.9798
418 364.4444 661.0128
419 323.0878 437.1063
420 347.4881 477.3510
421 336.4478 669.5628
422 404.1951 629.8958
423 382.1833 529.5972
424 386.1739 648.2438
425 425.7746 528.0136
426 399.4884 548.2710
427 439.8186 558.9304
428 342.4011 690.5596
429 357.7679 489.2612
430 419.3103 643.6155
431 396.4449 662.3210
432 418.6018 607.3914
433 481.5259 569.8980
434 440.9494 610.7474
435 490.0144 585.2665
436 413.1296 573.4849
437 346.9012 461.5074
438 344.4778 511.1381
439 355.3617 517.8614
440 337.5444 497.6246
441 361.8386 382.3951
442 391.8448 371.5616
443 417.8878 369.2055
444 439.5206 372.1691
445 454.7829 380.8367
446 464.6923 415.6295
447 513.1459 467.9700
448 451.5452 442.0042
449 433.0190 447.1968
450 408.8759 447.3809
451 385.2190 442.9475
452 366.6215 436.0418
453 353.8095 428.8840
454 512.6688 471.8383
455 354.2972 523.5918
456 335.4775 463.3180
457 332.3307 510.4373
458 322.0467 520.0162
459 331.9016 514.0245
460 348.8610 529.5012
461 319.3737 521.4192
462 317.2960 526.2123
463 354.2579 414.9137
464 343.7000 417.8871
465 337.9099 419.5010
466 441.8862 405.2046
467 451.3010 398.8121
