# Image: /home/yaroslav/Projects/Diia.AIContest-AdAstrum/fixtures/FLUXSynID-processed/00c9c5cf8bd3/00c9c5cf8bd3_m_live_0_p_d1.jpg
# Mode: stream
# Status: fail
# Errors: strong_shadows_on_face: Strong shadows or uneven lighting detected (difference: 30.4); head_is_tilted: Head is tilted 18.1° (max: 10.0°)

# 2D Landmarks (index x y)
0 314.5298 555.4985
1 301.3187 478.0435
2 308.1223 508.4607
3 278.7619 424.4347
4 298.3277 457.2940
5 296.1444 434.7211
6 292.8339 385.7016
7 162.7270 422.6680
8 288.5492 346.1390
9 285.4120 321.6859
10 277.1923 247.6143
11 316.1669 566.4541
12 318.1439 576.2830
13 319.5781 581.5441
14 320.0337 589.3071
15 321.0134 597.2671
16 322.3152 608.2557
17 324.2578 621.2978
18 328.3140 645.0814
19 303.8012 491.0719
20 287.0697 497.8248
21 102.6498 385.8654
22 216.8984 427.3142
23 198.6679 432.6777
24 181.2249 435.5324
25 157.5005 432.1585
26 232.2149 419.0025
27 186.3465 381.3565
28 206.1974 378.9922
29 168.3293 388.2667
30 157.1771 398.4553
31 145.1706 448.7821
32 255.3147 693.2415
33 156.2990 419.8501
34 100.5797 464.8248
35 125.3002 442.7661
36 209.4283 501.6335
37 287.7591 556.9737
38 295.7972 580.5523
39 262.5321 571.5864
40 248.4311 587.1790
41 277.1451 587.0998
42 263.4104 595.2041
43 230.6002 630.1523
44 284.5717 481.1224
45 278.8895 462.2691
46 128.1383 386.0801
47 242.1537 446.6347
48 239.1229 495.7179
49 237.2763 487.4362
50 156.3275 514.9603
51 278.1352 440.8950
52 165.4363 351.0875
53 142.1309 365.2040
54 113.0799 344.1758
55 248.0930 349.2340
56 224.7429 382.2332
57 213.8938 613.7367
58 138.3709 649.2258
59 256.1191 504.2220
60 274.1842 507.5473
61 234.3799 610.8851
62 243.6974 608.0168
63 131.7904 357.1521
64 240.7381 507.4643
65 199.7042 344.5425
66 194.3888 330.3577
67 174.7937 278.4265
68 122.4507 349.6476
69 185.8826 302.0496
70 118.5201 383.4264
71 110.7487 385.3768
72 291.4054 570.0382
73 270.5124 580.6389
74 255.8857 591.1930
75 262.2126 507.8875
76 239.2117 609.7768
77 247.4761 610.1609
78 246.3277 606.6872
79 264.7194 489.8816
80 268.1499 594.5395
81 282.3623 589.0664
82 299.8220 584.7623
83 300.1660 649.0526
84 297.4549 624.3413
85 297.0497 610.7156
86 297.4655 599.2651
87 298.7256 592.3312
88 265.5215 600.9620
89 262.6051 603.9783
90 258.5021 610.4100
91 255.1785 618.7292
92 230.6173 568.2144
93 112.4815 560.1035
94 305.8668 498.8321
95 256.6443 604.6442
96 252.1501 606.3117
97 282.1527 515.2144
98 250.5296 520.3672
99 278.3512 511.4969
100 223.6024 463.1059
101 195.5471 482.0733
102 236.1371 499.2076
103 135.0693 307.8391
104 145.6163 321.2639
105 157.5369 338.9323
106 249.0066 638.6611
107 238.7221 325.7166
108 229.8731 291.8065
109 220.7621 260.1514
110 166.2729 436.2698
111 128.0925 467.4075
112 241.8768 411.2430
113 139.6982 411.1700
114 254.0464 429.8403
115 249.8054 481.6701
116 111.8244 487.8161
117 140.1713 475.0932
118 162.9701 474.2079
119 197.2042 463.0298
120 222.1699 449.6219
121 241.1969 435.6385
122 275.2821 395.1731
123 117.0167 525.7170
124 125.8083 413.3482
125 293.8681 492.2457
126 243.9940 462.1987
127 101.5913 475.4871
128 254.4972 420.9628
129 236.0397 503.7295
130 150.6146 422.8422
131 248.0739 471.9212
132 121.5030 604.6006
133 241.5501 404.7908
134 262.5880 454.0676
135 172.6142 672.3432
136 180.0287 701.9495
137 105.8647 544.4024
138 149.8746 652.8601
139 105.7467 423.0091
140 253.9671 717.9921
141 297.8857 499.5436
142 229.2320 481.7095
143 112.6250 452.6820
144 180.8760 423.8711
145 197.0433 422.0204
146 242.8768 615.5138
147 124.7081 564.2181
148 296.3959 743.5101
149 233.2871 730.4923
150 208.1547 719.3721
151 280.9680 283.5963
152 342.6483 740.2115
153 212.5822 418.0563
154 227.0356 412.2371
155 236.6017 408.1618
156 115.0721 416.0268
157 224.0258 396.6745
158 207.4971 395.8366
159 191.9033 397.5907
160 176.3177 403.3427
161 166.5960 410.1633
162 99.1813 427.0553
163 170.0732 423.6717
164 310.5408 524.1506
165 245.4678 550.7612
166 254.7169 499.3870
167 282.0099 532.4072
168 291.4260 367.9159
169 198.5597 691.8373
170 224.7619 705.2993
171 291.7691 723.9441
172 158.6605 681.1332
173 235.9440 400.7360
174 264.9381 425.5312
175 338.7066 720.2290
176 261.6469 738.9077
177 115.5807 585.9174
178 280.3626 596.0615
179 277.5491 601.5429
180 275.1328 610.6325
181 273.8240 622.9156
182 271.3418 645.5631
183 251.7191 602.5876
184 244.7813 601.8982
185 238.1977 599.9073
186 218.6787 590.1077
187 147.8428 563.2050
188 265.0403 411.0954
189 254.0094 385.5308
190 243.3430 392.3186
191 256.6504 599.8266
192 152.0991 616.0450
193 268.2521 377.3803
194 263.0306 669.0260
195 295.0105 417.5881
196 276.5663 410.3782
197 293.9191 401.9615
198 254.0244 457.9761
199 334.7806 695.1657
200 331.1929 667.8294
201 295.8323 672.6597
202 213.8742 642.8635
203 224.0770 524.2891
204 236.4472 659.5649
205 183.6217 531.1575
206 210.1371 547.9652
207 172.1316 569.1256
208 291.5656 699.6509
209 243.9304 474.2556
210 200.2692 663.7952
211 227.3577 680.0976
212 195.9402 620.3658
213 133.3940 598.0983
214 174.7667 630.5103
215 128.8224 622.9657
216 198.8807 579.4537
217 254.8934 443.6758
218 257.4660 487.7431
219 245.9794 499.9959
220 263.1348 470.5186
221 236.5968 371.3977
222 204.4909 366.0433
223 178.0011 369.2732
224 157.2234 378.0241
225 144.2674 391.8225
226 139.8949 432.1829
227 100.4597 504.3500
228 154.8999 453.0424
229 173.3284 452.6654
230 197.0829 447.1171
231 220.0611 437.8293
232 238.0286 427.1448
233 250.1239 417.2690
234 107.3895 518.2934
235 248.1583 507.4731
236 265.2442 438.9038
237 270.8421 482.5146
238 284.8824 492.6882
239 272.5138 487.6913
240 255.5557 513.9491
241 288.0485 492.6898
242 291.5704 499.8045
243 248.2187 403.3157
244 258.9747 403.9515
245 263.9208 402.9818
246 160.8623 415.2807
247 149.5833 409.7435
248 313.1696 418.9152
249 438.6032 376.6307
250 324.9364 491.6388
251 499.6624 320.1671
252 385.5360 399.0048
253 405.0788 398.1647
254 423.5422 395.2911
255 447.3533 384.0879
256 368.3511 396.2682
257 401.8229 345.6721
258 381.8399 349.9135
259 421.8780 346.1436
260 436.4697 352.2021
261 464.9349 396.4738
262 416.1341 669.6953
263 444.6434 371.8160
264 523.0520 396.1746
265 484.8337 384.1992
266 409.9194 469.4960
267 341.5350 548.3515
268 341.7926 573.4577
269 372.3477 554.4335
270 392.4692 564.5346
271 363.5308 573.7509
272 380.6421 576.9764
273 425.1283 600.1242
274 318.8483 475.4566
275 318.8054 455.7898
276 462.9725 331.4194
277 362.6795 427.0423
278 373.6021 474.2279
279 374.2847 465.5805
280 469.2147 464.7056
281 315.7354 434.9622
282 412.7156 310.9551
283 441.1727 316.6802
284 473.9137 283.9112
285 329.5858 336.1788
286 365.1476 359.0687
287 437.8169 578.8307
288 541.4938 587.4116
289 359.8454 487.5253
290 342.5860 496.5559
291 416.2815 582.4474
292 406.6711 582.5102
293 450.3437 305.4327
294 376.8746 485.8852
295 376.1119 315.8936
296 377.3180 300.5533
297 387.7306 242.2056
298 461.5680 293.5816
299 380.3655 269.6731
300 473.6278 325.5889
301 486.4810 323.6647
302 342.1422 562.0638
303 367.3811 565.4454
304 386.3599 570.7470
305 355.2514 492.9191
306 411.2190 582.7365
307 401.7588 585.9598
308 404.1520 581.9270
309 344.4203 476.9121
310 377.0431 577.5854
311 359.8865 576.9795
312 340.2572 578.3693
313 357.4825 640.4936
314 351.6561 615.9158
315 348.2602 602.7069
316 344.9103 591.7901
317 342.3196 585.6049
318 380.3083 582.7965
319 383.6597 584.8254
320 389.2264 589.8781
321 394.9208 596.8808
322 405.8486 540.6922
323 544.7549 491.8287
324 391.7268 583.3894
325 396.1611 583.6961
326 336.5864 506.5655
327 371.9019 501.2893
328 339.3598 501.7727
329 386.0950 436.7156
330 419.5366 445.7823
331 379.7111 476.2737
332 438.3261 256.7530
333 428.0420 274.5162
334 417.7148 296.5499
335 407.9206 614.3452
336 332.0006 310.4921
337 333.3034 274.4614
338 335.9059 240.3761
339 439.1834 390.9123
340 488.0094 408.9523
341 356.9681 392.0466
342 459.1939 358.8942
343 345.7144 414.9211
344 357.0116 464.3931
345 512.0436 423.2818
346 476.3246 420.3526
347 451.6463 427.2925
348 413.6761 427.7073
349 385.0166 422.9358
350 362.1187 415.7670
351 313.0915 389.0607
352 516.3800 461.7488
353 474.8405 356.3657
354 313.9463 488.9951
355 363.8514 442.8200
356 531.2285 405.9914
357 344.4477 406.2332
358 382.6754 480.4575
359 451.8460 372.9486
360 357.3356 454.4114
361 547.4543 538.2182
362 356.2717 385.6460
363 335.9429 442.2672
364 502.6182 623.1575
365 507.6380 653.8066
366 539.3656 475.6685
367 522.8986 596.2788
368 504.5353 357.7317
369 425.0350 693.3177
370 313.8684 496.8656
371 384.5054 456.7688
372 502.6854 389.3421
373 420.3120 383.7906
374 403.5891 387.2829
375 407.9662 589.6072
376 520.2779 501.9933
377 389.2988 730.3755
378 454.5017 698.9220
379 480.3712 680.0922
380 387.1443 388.4711
381 371.8902 387.8185
382 361.8304 387.1179
383 488.5880 355.0203
384 370.4765 372.2223
385 386.0600 365.9713
386 401.5207 362.4283
387 418.4766 362.7131
388 430.6500 365.9546
389 517.6173 358.6557
390 431.1911 380.0693
391 385.1719 528.8415
392 358.9901 482.4435
393 341.2080 522.9746
394 479.2897 650.4765
395 454.1976 672.1246
396 386.5790 710.4355
397 527.0643 625.9151
398 360.2789 380.2166
399 330.3322 414.9968
400 424.8459 715.7969
401 541.6140 519.3020
402 362.6478 583.2218
403 366.4455 587.5004
404 370.9994 595.5649
405 375.7286 607.0252
406 386.0981 628.2630
407 396.0470 580.0223
408 402.2055 577.0919
409 408.0899 573.1986
410 424.9424 557.6283
411 493.2231 508.8207
412 328.6776 400.7739
413 336.7268 371.9884
414 350.0846 374.6656
415 391.4488 578.7481
416 506.2447 561.4470
417 317.8446 369.4068
418 401.7321 648.4805
419 313.6262 404.3816
420 349.7079 442.5932
421 367.9990 662.0198
422 446.4154 607.4652
423 400.9837 496.2025
424 427.3493 631.0094
425 444.4999 489.7227
426 421.8846 514.4350
427 468.0863 522.6397
428 379.2082 686.9647
429 365.8726 454.7593
430 467.4538 623.7328
431 443.0992 648.2731
432 458.2977 579.8091
433 521.6488 537.6582
434 484.9239 583.2097
435 538.0687 559.9039
436 442.8056 541.1423
437 346.6689 428.8232
438 350.7935 472.5878
439 367.8147 480.4350
440 338.4150 458.3779
441 349.6100 352.9990
442 379.1645 337.3581
443 405.9609 331.6118
444 429.7058 333.2356
445 447.7957 342.0356
446 466.1449 378.6183
447 533.6914 434.9403
448 455.4717 403.6143
449 435.9251 409.5792
450 410.2428 411.9545
451 384.7488 410.4643
452 364.2665 406.1982
453 349.4910 400.7476
454 538.1420 449.3750
455 368.8010 488.1857
456 331.4217 428.2269
457 333.8482 472.2447
458 324.3323 486.2470
459 334.9961 477.4543
460 364.2821 496.8445
461 320.4311 487.4073
462 320.5770 495.1853
463 348.5582 386.5978
464 337.0146 391.0446
465 330.1051 392.1701
466 438.3360 368.9218
467 448.2555 360.4015
