# Image: /home/yaroslav/Projects/Diia.AIContest-AdAstrum/fixtures/FLUXSynID-processed/0106e3309eb7/0106e3309eb7_f_live_0_e_d1.jpg
# Mode: stream
# Status: fail
# Errors: image_blurry_or_out_of_focus: Image is blurry (sharpness score: 69.05); face_too_small_in_frame: Face occupies only 40.7% of frame (min: 50.0%)

# 2D Landmarks (index x y)
0 284.1407 547.3267
1 276.4323 480.3499
2 283.4184 504.5948
3 264.1573 419.5335
4 275.1388 459.7089
5 276.1458 434.6606
6 281.3593 377.3853
7 169.3211 388.3113
8 281.6243 334.0722
9 280.3619 308.8961
10 280.6932 220.5931
11 284.6218 557.1398
12 285.8378 565.0210
13 287.3337 568.8678
14 287.4094 571.4652
15 287.1773 578.8730
16 287.2960 588.8133
17 288.0359 600.2166
18 291.3686 622.4378
19 278.9107 492.0834
20 267.2206 493.9630
21 119.7338 331.9317
22 217.0979 402.0689
23 199.9227 404.7584
24 184.3103 404.9831
25 164.9566 397.0187
26 231.5809 395.8856
27 192.8714 354.3708
28 211.0605 354.4910
29 176.5032 358.6277
30 166.2918 366.4014
31 152.3528 411.8602
32 230.1276 661.9706
33 164.3282 384.3677
34 114.2101 413.5993
35 135.8228 401.7238
36 204.3261 479.9973
37 263.8436 546.2709
38 269.0473 566.4784
39 244.3305 555.9304
40 232.7567 567.2472
41 255.2489 570.1625
42 244.6691 574.9806
43 215.8206 601.2793
44 262.9354 481.3436
45 259.3034 461.8410
46 139.8504 349.3399
47 237.0849 428.3058
48 231.2856 484.4623
49 230.7933 474.5896
50 156.5927 484.6416
51 261.3770 438.5255
52 173.8900 323.8578
53 152.6755 332.8884
54 130.1695 294.2484
55 246.3736 333.4509
56 227.5787 359.5836
57 202.3548 585.0617
58 139.3893 596.8685
59 244.9934 494.7107
60 258.8112 499.0694
61 220.8646 583.5425
62 229.2455 581.0586
63 143.9905 321.7987
64 232.9225 494.2948
65 204.2727 322.9537
66 199.8920 307.4011
67 187.1320 240.2512
68 136.8454 307.0851
69 194.4556 271.7940
70 131.4542 343.3927
71 125.3169 338.3739
72 265.7514 557.9343
73 250.2405 564.6029
74 238.5613 571.3702
75 249.9448 498.0576
76 225.0360 582.6106
77 231.1267 583.3875
78 231.5695 579.8265
79 250.1698 485.3438
80 249.0096 574.0209
81 259.8527 571.3623
82 272.6134 569.8516
83 269.3277 623.7128
84 267.8410 600.6692
85 268.0469 588.6244
86 269.3013 578.7733
87 271.0385 572.6171
88 245.5973 576.7541
89 242.8922 579.2250
90 239.2209 584.5716
91 236.2207 591.9254
92 218.3169 547.5156
93 123.4321 503.6919
94 281.3213 497.4479
95 238.9539 578.9488
96 235.2399 580.1662
97 263.9897 507.0786
98 240.4583 506.2922
99 261.5271 503.3244
100 220.2965 442.0093
101 193.3679 457.6187
102 229.7930 484.4097
103 151.0421 263.0375
104 158.4852 283.9682
105 167.4407 309.3133
106 229.5444 610.7392
107 238.8057 308.6885
108 233.7112 266.9158
109 228.9133 227.4517
110 171.7372 402.9414
111 135.9740 428.2954
112 240.8919 389.7008
113 149.9024 374.6386
114 247.6141 413.6286
115 238.6439 474.5299
116 120.9526 444.7275
117 145.3983 439.7591
118 165.3840 443.7335
119 196.5230 437.1224
120 219.9480 426.7820
121 237.2592 415.3677
122 266.1060 384.2704
123 123.1490 484.8078
124 137.3565 373.8961
125 270.7316 491.8865
126 238.0412 446.1352
127 117.2139 417.8522
128 249.5584 403.0014
129 230.3344 486.9865
130 159.9301 386.8439
131 239.0070 462.7163
132 128.3846 549.9509
133 241.5610 382.3315
134 249.3160 448.1937
135 163.1570 631.7572
136 169.6521 656.5232
137 114.6564 495.3764
138 144.8435 609.3538
139 119.9431 373.5361
140 227.8063 683.4987
141 275.0055 497.2522
142 224.4510 462.7171
143 124.2623 408.1773
144 184.4985 393.1161
145 198.9218 393.9317
146 227.2513 588.0755
147 128.0088 523.7036
148 261.5528 709.2170
149 212.5246 690.1996
150 192.2936 676.9348
151 280.0203 263.4435
152 298.9865 711.2057
153 213.6246 392.0285
154 227.6468 388.0075
155 236.8612 385.0931
156 127.8853 372.9317
157 225.9859 369.6484
158 210.8265 365.3238
159 195.5986 365.0136
160 181.0470 369.3243
161 172.4801 375.4305
162 115.8341 370.7331
163 175.2935 390.8830
164 284.0333 518.1037
165 232.5594 533.8673
166 243.6291 491.0987
167 261.7058 522.4581
168 282.9313 356.0911
169 184.4749 652.9811
170 205.2722 668.4739
171 257.2615 693.3266
172 153.6088 632.2385
173 236.6837 376.7630
174 255.0646 414.8980
175 295.1084 694.3661
176 234.4173 701.3698
177 120.7532 537.7855
178 256.8816 574.1440
179 254.1635 578.7670
180 251.7056 586.4805
181 250.0665 597.3110
182 247.1156 618.5482
183 235.4195 578.8738
184 229.6409 578.1372
185 224.2721 576.0295
186 207.1016 565.2538
187 146.6759 529.2534
188 257.2795 397.5627
189 252.0323 366.4192
190 243.1009 371.2561
191 239.8849 576.3039
192 148.0800 578.1552
193 263.0850 362.1262
194 238.3574 640.4998
195 278.0430 414.9551
196 264.6260 402.6144
197 279.6289 396.6432
198 244.9263 446.6332
199 292.8573 672.0631
200 291.9898 645.5119
201 263.8373 646.8034
202 200.1542 611.7067
203 217.3916 504.4424
204 217.7501 629.3164
205 179.0689 505.5222
206 201.8278 525.2015
207 167.0435 539.5541
208 258.1857 671.9681
209 237.5637 460.0546
210 187.2633 628.7642
211 208.6303 646.7784
212 185.7492 589.6301
213 133.7762 557.1232
214 166.8860 595.7887
215 129.6745 576.3587
216 189.7852 553.0380
217 247.0622 430.1935
218 244.3152 482.4742
219 236.3900 490.2931
220 247.9047 467.0122
221 237.2039 351.5877
222 209.1236 343.5154
223 185.2855 343.4344
224 166.3484 348.2547
225 154.5129 358.1854
226 149.4272 393.9849
227 111.8994 454.0833
228 160.4116 418.5634
229 176.3239 421.8486
230 197.8432 419.7668
231 219.0855 413.4707
232 235.8207 405.2189
233 246.8712 397.2497
234 121.0820 460.8326
235 238.5925 496.1595
236 253.3313 430.8318
237 253.1339 480.4287
238 264.5354 490.1814
239 255.3406 484.6385
240 244.5523 502.0306
241 266.3897 491.2168
242 270.2876 496.4794
243 246.9823 382.8506
244 255.3391 385.4503
245 258.4166 386.5632
246 167.8414 380.1272
247 159.3568 375.0681
248 293.6234 417.4714
249 420.1558 368.0800
250 297.5492 491.7942
251 498.3084 301.7084
252 368.6200 389.1550
253 386.9022 389.3133
254 404.5467 387.4768
255 428.4052 376.0619
256 352.8425 385.5021
257 387.1820 337.6499
258 368.2168 340.7314
259 405.7549 339.3489
260 419.4164 345.2912
261 445.3505 389.8686
262 365.1115 657.2691
263 426.6487 362.8739
264 511.5787 385.2673
265 467.7647 377.1349
266 379.3132 468.1263
267 305.7111 543.1167
268 304.5124 564.1542
269 330.2936 550.0863
270 346.9355 559.3187
271 322.1624 565.7536
272 336.7802 568.7556
273 375.3948 592.3746
274 291.5194 479.3206
275 292.4680 459.3612
276 448.8330 324.9090
277 341.5719 420.5954
278 339.4029 476.8360
279 341.3548 466.9380
280 438.6151 465.5701
281 292.7665 436.3745
282 399.2407 305.2351
283 427.2813 310.7504
284 472.4410 265.3906
285 319.2550 327.4192
286 352.3555 348.6479
287 388.8988 573.9233
288 512.7750 577.3212
289 327.0506 488.7861
290 311.9406 495.4190
291 367.0876 574.1809
292 359.3837 572.6119
293 438.3890 298.1012
294 342.0496 486.9678
295 363.6021 309.5737
296 365.9860 293.3521
297 386.3601 221.9317
298 454.7200 280.8452
299 373.8326 255.8079
300 461.9554 317.4560
301 479.8822 310.3344
302 305.1643 555.1623
303 325.2369 559.5245
304 341.3574 564.3252
305 322.9267 492.9363
306 362.9241 573.6083
307 354.2940 575.5234
308 358.0639 571.7670
309 314.3777 480.4253
310 334.6985 568.3604
311 320.0812 567.4383
312 303.8097 567.6148
313 315.0410 621.5139
314 309.6638 598.3217
315 307.6604 586.1953
316 306.1332 576.5939
317 305.0517 570.6534
318 337.2248 570.9602
319 339.5497 573.1274
320 343.2046 578.2524
321 347.1668 585.4546
322 363.3670 538.0759
323 528.3520 478.2049
324 347.5275 572.0881
325 350.2593 572.8765
326 306.1010 504.4295
327 337.1311 500.1591
328 308.8213 500.1586
329 362.1201 431.7117
330 392.5639 443.4705
331 346.0831 476.6058
332 436.6009 237.8470
333 420.9337 261.6335
334 405.5675 289.3774
335 359.7885 604.0992
336 323.2595 301.4302
337 328.8357 258.3892
338 336.2694 217.4675
339 419.7147 383.3384
340 467.2474 404.4011
341 342.3999 380.9374
342 442.5913 351.5826
343 327.3243 407.6605
344 325.6540 468.1969
345 491.1359 418.9493
346 452.8014 417.5903
347 426.6498 425.0032
348 390.3473 422.7897
349 364.0725 415.7160
350 343.8932 407.1869
351 299.3659 381.6130
352 489.6958 460.4676
353 459.7380 349.1384
354 287.6128 490.7081
355 338.6955 438.9657
356 525.2079 388.9345
357 328.4296 396.7179
358 349.6225 479.1386
359 433.5874 364.8272
360 327.4973 456.4268
361 525.2735 526.9341
362 342.4846 373.6779
363 309.9408 443.9519
364 457.9055 618.2394
365 464.5997 644.7337
366 517.6158 469.5325
367 484.4268 592.2331
368 496.5025 345.1065
369 372.0747 679.1419
370 287.9679 496.2971
371 356.5942 453.5905
372 486.8160 381.9031
373 402.0801 375.1788
374 386.4830 378.0190
375 359.1724 579.8365
376 489.0907 501.2999
377 338.6561 707.5163
378 402.4037 684.8589
379 431.3403 669.0335
380 371.2390 378.2258
381 356.9028 376.6133
382 347.4873 375.5390
383 475.8194 346.4208
384 356.7904 358.5265
385 371.7966 351.6956
386 386.8944 348.9985
387 403.1389 350.7694
388 413.9855 355.3990
389 515.0269 340.5775
390 412.8132 371.5971
391 345.6840 526.6628
392 326.4636 484.9020
393 308.4647 519.1431
394 429.6175 643.2496
395 402.3398 661.9799
396 335.9317 691.1656
397 491.0546 616.6580
398 346.5045 367.6394
399 311.1648 410.7801
400 371.9494 698.0203
401 514.6146 514.2733
402 322.0057 570.1121
403 324.3308 574.3979
404 326.8538 582.0461
405 329.8015 592.8961
406 339.6025 614.1736
407 350.3271 571.2502
408 354.9883 569.7943
409 360.2352 566.8566
410 378.9367 554.4154
411 458.2898 509.7475
412 312.9534 393.2329
413 325.1860 360.2208
414 337.7036 363.0560
415 347.4215 569.2369
416 467.0804 560.1714
417 307.0365 358.5337
418 353.4149 635.8757
419 296.6644 400.2772
420 324.2269 440.9844
421 322.8602 644.6309
422 396.9551 601.6857
423 365.9342 494.8198
424 377.5562 622.2098
425 410.2055 490.4374
426 383.8352 513.6014
427 429.7078 523.4022
428 330.6441 669.6171
429 337.3743 453.1437
430 417.6937 618.3217
431 392.0409 639.6464
432 410.9736 576.9161
433 486.9307 536.5005
434 439.7746 581.1832
435 505.9934 555.5143
436 400.4159 540.1111
437 324.6276 424.4851
438 319.7261 476.8197
439 333.8861 483.2825
440 309.6719 462.5479
441 337.8692 343.1588
442 365.9106 330.0727
443 391.3220 325.7759
444 413.9356 327.6035
445 431.5148 335.6920
446 448.4841 370.9037
447 517.2384 426.6484
448 434.3414 397.9243
449 414.5049 403.8962
450 389.5985 404.7699
451 366.1273 401.5281
452 347.7078 396.0690
453 334.5720 389.9554
454 527.4898 433.5867
455 334.6710 489.5300
456 309.2009 426.8902
457 305.0414 476.7544
458 297.1814 487.8858
459 306.3699 480.9742
460 330.5202 496.5075
461 293.4811 489.3060
462 293.7310 494.9744
463 335.3121 375.2119
464 323.8608 379.6831
465 316.5680 381.8075
466 420.6165 359.2219
467 430.7587 352.9596
