# Image: /home/yaroslav/Projects/Diia.AIContest-AdAstrum/fixtures/FLUXSynID-processed/0106e3309eb7/0106e3309eb7_f_doc.jpg
# Mode: stream
# Status: fail
# Errors: face_not_looking_straight_at_camera: Head is turned 178.3째 (max: 15.0째); head_is_tilted: Head is tilted 17.8째 (max: 10.0째); face_too_small_in_frame: Face occupies only 47.2% of frame (min: 50.0%)

# 2D Landmarks (index x y)
0 307.6885 628.5851
1 308.6128 565.4580
2 308.3448 585.4388
3 292.0229 494.3467
4 308.3612 543.7331
5 307.8497 514.7071
6 306.9144 445.5658
7 173.5059 442.1423
8 306.1915 398.4840
9 306.0352 371.5124
10 304.2323 272.4257
11 307.5846 638.2113
12 307.6102 645.1028
13 307.6958 647.6314
14 308.5388 650.2624
15 308.6722 657.4955
16 308.8097 667.0312
17 308.9566 677.3666
18 309.4329 697.5940
19 308.6073 576.2745
20 291.8764 574.4921
21 101.4919 368.6717
22 227.6726 460.0518
23 208.7807 461.9946
24 190.8645 461.3043
25 167.2794 450.5189
26 243.5315 454.4553
27 202.1773 413.0282
28 221.5366 413.4510
29 184.3525 416.1879
30 172.3048 422.4780
31 151.7696 464.7840
32 241.7862 734.5604
33 167.0807 437.2264
34 94.2077 456.8777
35 129.4748 451.9320
36 217.4684 546.3752
37 286.5058 626.1820
38 290.2644 645.2995
39 265.1117 633.6344
40 251.3456 643.0071
41 274.9261 647.4385
42 262.6296 650.5242
43 228.8836 672.9296
44 293.1699 565.3052
45 290.5836 544.3300
46 140.5222 402.2502
47 253.0085 493.1310
48 251.6018 559.5364
49 250.4293 547.7088
50 161.6041 545.3900
51 291.2854 517.3474
52 184.5026 380.8869
53 158.4284 387.8878
54 119.0887 331.9333
55 267.4303 395.3113
56 239.1110 418.5311
57 214.4595 656.1603
58 115.3981 648.0968
59 265.1298 570.8952
60 280.1841 576.2253
61 236.7357 656.0034
62 244.5102 653.7895
63 146.8997 374.4456
64 251.3467 568.1434
65 220.2245 381.8580
66 215.9352 364.7539
67 195.1463 284.0291
68 133.1146 352.0940
69 207.1854 322.6650
70 128.3337 393.2599
71 114.8113 381.6713
72 288.0249 637.6750
73 270.7854 642.5647
74 257.2216 647.3787
75 269.9890 573.9902
76 241.0310 655.2463
77 248.1005 656.4776
78 245.8817 652.4838
79 274.4365 565.0409
80 265.8893 649.0131
81 278.4233 647.8748
82 292.6016 647.6565
83 287.0301 698.2075
84 288.6395 677.0358
85 289.4861 665.7218
86 290.4802 656.6715
87 291.7040 650.5289
88 263.2609 651.6941
89 261.0061 653.8556
90 257.7022 658.8124
91 254.3493 665.4765
92 234.7765 620.7816
93 94.6675 547.5647
94 308.5355 579.9817
95 254.9797 652.6116
96 251.9430 653.6967
97 286.3316 585.2262
98 258.3617 580.0956
99 283.2859 580.9140
100 234.1476 505.9505
101 204.1787 520.5703
102 247.7298 556.6149
103 148.5399 303.0013
104 162.3144 331.4796
105 176.7912 364.0196
106 244.0958 683.2233
107 260.5648 368.5041
108 253.2765 320.9083
109 245.4121 275.0381
110 175.8543 457.8065
111 131.4662 480.4904
112 253.5814 448.8431
113 150.5899 427.3979
114 265.4982 479.0760
115 262.4629 552.3095
116 111.2037 495.2095
117 145.4481 494.9591
118 170.5566 502.1931
119 206.3189 497.7398
120 232.3111 488.2965
121 251.5818 477.7583
122 289.3680 451.2886
123 116.3455 538.8623
124 133.8017 424.7630
125 299.3057 575.3692
126 255.6319 514.0552
127 88.7528 456.0964
128 265.7972 466.1360
129 246.4750 557.6464
130 161.5745 439.6842
131 261.7995 538.0016
132 100.8990 597.1595
133 253.2586 440.8353
134 275.9684 525.3427
135 157.9181 694.4572
136 158.1378 717.0753
137 96.4260 544.2393
138 134.4076 667.8209
139 104.0047 415.9420
140 236.5898 755.4946
141 301.3701 579.1982
142 239.5318 529.7237
143 112.8230 456.2374
144 191.9054 448.6699
145 208.1383 450.4407
146 243.9155 660.7938
147 121.2782 579.9449
148 270.8893 781.8522
149 212.8841 758.6387
150 187.3124 742.2408
151 305.0987 320.9539
152 310.7497 784.2491
153 224.1239 448.9739
154 239.0554 445.3751
155 248.5778 443.0710
156 119.6601 420.9205
157 236.4368 426.1122
158 219.9498 420.7122
159 203.6196 419.7716
160 187.3832 423.5338
161 177.3809 429.2871
162 92.0432 407.4871
163 180.9112 445.4641
164 308.1690 598.2497
165 250.7136 608.4955
166 264.6827 568.0611
167 284.0828 600.5992
168 306.4920 421.3184
169 183.5835 719.4212
170 208.9494 737.9683
171 270.2084 767.4285
172 135.4657 688.1596
173 248.1849 434.6243
174 277.9959 484.8195
175 310.6202 768.8925
176 240.0988 772.4492
177 103.4880 589.3594
178 276.2900 650.6671
179 274.0430 655.0277
180 271.8876 662.2066
181 269.8774 672.2734
182 263.5547 692.0352
183 251.8695 652.8885
184 246.6561 652.2618
185 241.2131 649.8752
186 221.3458 637.5463
187 147.7193 590.0359
188 277.7420 463.8127
189 267.8838 427.0188
190 256.0948 430.6972
191 255.2284 650.0874
192 144.5916 638.8999
193 283.3350 425.3393
194 252.1397 713.4723
195 307.6111 490.7430
196 290.1976 473.6182
197 307.2627 468.6254
198 266.6074 518.6987
199 310.3916 747.1004
200 309.9728 720.6790
201 280.7173 721.4266
202 208.4871 681.8683
203 231.4816 574.0863
204 228.4225 700.7364
205 188.7362 571.0024
206 214.5255 594.5108
207 173.0077 604.7230
208 273.7874 746.6059
209 256.3052 530.7315
210 190.9405 696.9544
211 216.1315 717.3202
212 193.3624 658.6072
213 126.3998 614.6610
214 168.5979 660.9329
215 114.2975 630.6088
216 200.1769 622.3594
217 267.1600 499.1136
218 268.5232 561.8284
219 257.1049 566.6078
220 275.4262 547.5055
221 252.5963 412.0276
222 222.0035 403.1665
223 195.8499 401.8943
224 174.1038 404.8271
225 158.8025 412.8654
226 147.5522 445.6846
227 92.3456 500.1285
228 162.7976 473.4658
229 181.9928 479.0181
230 206.7472 478.3759
231 230.3817 472.9871
232 248.6762 465.5045
233 261.2395 458.2137
234 91.6189 501.7307
235 257.9363 571.4288
236 278.3655 504.4017
237 280.6267 562.6280
238 290.7406 571.8662
239 281.1101 565.7879
240 263.5632 576.9876
241 293.8046 573.9344
242 295.6507 577.6908
243 260.0021 442.5303
244 270.9671 446.9737
245 276.4917 449.8900
246 171.6841 433.5967
247 162.5918 429.1104
248 323.2126 493.8339
249 440.0085 436.3720
250 325.1324 573.8965
251 507.7339 361.7041
252 386.3742 456.9725
253 405.5063 458.1313
254 423.2985 456.6657
255 446.1148 444.5155
256 370.2511 451.9830
257 410.2669 407.7367
258 390.6203 409.2012
259 428.3184 410.1245
260 440.7161 415.8406
261 461.6502 458.8436
262 378.7754 732.1040
263 446.0783 430.8878
264 517.0102 449.3731
265 482.9141 444.8770
266 398.0344 543.3515
267 328.7632 625.2577
268 324.9868 644.6246
269 350.1428 632.0948
270 363.4760 641.0347
271 340.3308 646.3766
272 352.3401 649.0418
273 387.2975 670.4098
274 324.0455 564.6661
275 325.9326 543.5563
276 472.0104 393.9495
277 361.4997 491.2756
278 364.4280 557.5454
279 365.0890 545.7498
280 453.5035 540.2819
281 324.5570 516.7699
282 428.0395 374.1746
283 454.1327 380.0969
284 489.7767 325.3148
285 345.2600 393.1248
286 373.2064 415.3645
287 400.8772 653.2518
288 499.6204 640.9762
289 351.2905 569.2580
290 336.5478 575.3436
291 377.8309 653.9692
292 370.3007 652.0276
293 465.1474 366.2364
294 364.6915 566.4068
295 392.3263 377.0726
296 396.2095 359.7389
297 413.3227 280.0177
298 477.3099 344.7640
299 403.1913 318.2566
300 483.6206 384.9135
301 495.8181 374.0816
302 327.1911 636.9528
303 344.4836 641.2087
304 357.7877 645.5643
305 346.5348 572.6775
306 373.5972 653.2938
307 367.1464 654.6388
308 368.9175 650.7035
309 342.4053 563.4937
310 349.0170 647.7080
311 336.8041 646.9597
312 322.7182 647.0896
313 331.9882 697.3602
314 329.3612 676.2085
315 328.0709 664.8993
316 326.6626 655.9938
317 325.1660 650.0251
318 352.6929 650.2598
319 355.0214 652.2780
320 358.4648 657.0701
321 362.0318 663.6782
322 380.9710 618.3145
323 517.3930 539.9210
324 360.6043 651.0769
325 363.3880 652.0631
326 330.3972 584.4810
327 357.8940 578.6473
328 333.3643 580.1563
329 380.6772 503.4865
330 410.8951 517.0495
331 367.9129 554.6398
332 460.0591 297.3520
333 448.2060 325.1603
334 435.1500 356.9896
335 373.3809 680.9745
336 351.6351 366.0056
337 357.0856 318.7660
338 363.0576 272.9023
339 437.9982 452.4793
340 481.7351 474.1395
341 360.1017 446.7071
342 462.1021 420.2739
343 348.8631 477.6168
344 353.8340 550.5547
345 501.5034 488.2075
346 468.4415 489.1821
347 443.8520 497.3806
348 408.3584 494.2306
349 382.1940 485.6288
350 362.6518 475.8024
351 324.6400 450.5564
352 497.5787 532.0761
353 478.5092 417.1333
354 317.9553 575.1127
355 359.3326 512.3560
356 521.3921 448.8448
357 348.1782 464.7019
358 369.0309 555.7465
359 451.5117 433.1495
360 353.8691 536.2506
361 512.3930 589.6235
362 360.1775 438.5067
363 339.8995 524.1197
364 459.6208 688.9948
365 459.9842 711.6965
366 516.4233 536.5716
367 481.9089 661.4114
368 506.7197 408.4997
369 384.4378 752.8648
370 315.7636 578.9552
371 375.5979 527.5295
372 499.0212 448.8567
373 422.1844 443.8769
374 405.9699 446.4047
375 371.5072 658.8048
376 493.2924 573.1062
377 350.5339 780.6468
378 407.7984 755.3709
379 432.3761 737.8631
380 389.7127 445.6423
381 374.6353 442.5208
382 365.0102 440.6681
383 492.2159 412.9986
384 376.4318 422.9673
385 392.6577 416.7093
386 409.0882 414.9807
387 425.5146 417.8916
388 435.5984 423.1635
389 517.6231 400.3916
390 432.9133 440.1539
391 365.4823 606.5898
392 351.9114 566.3082
393 331.9794 599.7839
394 435.3106 715.0245
395 411.0737 734.5830
396 351.2251 766.0434
397 481.1676 681.8041
398 365.1073 432.0589
399 336.8153 483.8210
400 381.3920 770.1123
401 510.1808 581.7004
402 340.2707 649.5804
403 342.6705 653.7649
404 345.1214 660.8538
405 347.6689 670.7873
406 354.9675 690.5498
407 362.9053 651.1832
408 367.9353 650.4087
409 373.2664 647.7900
410 393.7951 634.7655
411 467.5696 584.1989
412 336.4738 462.7220
413 345.1363 425.3317
414 356.8427 428.4305
415 359.5388 648.5633
416 471.1849 632.9757
417 329.7904 424.2378
418 367.5486 711.3858
419 324.3227 472.9943
420 348.6058 517.2024
421 339.4486 720.2765
422 408.8489 678.5177
423 384.3383 571.6755
424 389.9854 698.0191
425 426.9656 566.8064
426 401.2737 591.4909
427 442.8510 599.9481
428 347.2491 745.3116
429 358.8988 529.0159
430 427.2486 692.7812
431 403.2748 713.9899
432 422.9994 654.6345
433 488.6990 608.0481
434 447.9972 655.9875
435 500.7587 623.4010
436 415.4515 618.8128
437 347.6983 497.6374
438 348.2116 560.1328
439 359.2489 564.6129
440 341.0677 546.2337
441 360.0669 409.4040
442 390.5900 398.7170
443 416.8365 396.1561
444 438.7168 398.2024
445 454.0375 405.5888
446 465.4358 438.9698
447 519.6658 492.5096
448 451.3131 467.9257
449 432.2971 474.3566
450 407.6026 474.6162
451 383.7831 470.0520
452 365.3707 463.3303
453 352.6708 456.4827
454 519.4797 494.2443
455 358.3271 569.7655
456 336.9260 503.2716
457 336.4537 561.4191
458 326.3913 571.1775
459 335.9594 564.5860
460 352.8593 575.6876
461 323.5093 573.3654
462 321.4458 577.3219
463 353.4857 440.6042
464 342.5889 445.5416
465 337.2139 448.7791
466 441.4308 427.2736
467 450.3301 422.2034
