# Image: /home/yaroslav/Projects/Diia.AIContest-AdAstrum/fixtures/FLUXSynID-processed/00cbd752fc08/00cbd752fc08_m_live_0_e_d1.jpg
# Mode: stream
# Status: fail
# Errors: image_blurry_or_out_of_focus: Image is blurry (sharpness score: 68.37); strong_shadows_on_face: Strong shadows or uneven lighting detected (difference: 88.4); face_not_looking_straight_at_camera: Head is turned 163.3째 (max: 15.0째); head_is_tilted: Head is tilted 24.8째 (max: 10.0째)

# 2D Landmarks (index x y)
0 364.8964 621.3924
1 359.6907 548.3772
2 356.2645 571.0179
3 318.8814 486.1997
4 354.8722 527.0323
5 345.6239 499.9753
6 320.0061 436.3122
7 162.7874 475.7220
8 304.5174 387.5158
9 297.6607 360.9389
10 271.5749 277.6372
11 366.5660 632.1917
12 367.1544 639.9544
13 366.2308 642.5246
14 370.5229 658.0146
15 373.4894 667.3058
16 376.4510 678.7763
17 379.3161 691.1352
18 382.4367 708.5382
19 360.0605 559.7041
20 334.4145 564.4582
21 62.2675 428.0950
22 227.5848 475.4281
23 207.8543 482.6259
24 187.5443 487.2776
25 156.1391 484.9691
26 243.1684 465.9657
27 186.6326 434.5840
28 208.6508 429.4851
29 166.5715 443.4705
30 154.1311 454.3073
31 143.5814 501.8941
32 306.6353 754.8201
33 153.1914 473.6228
34 75.7991 512.4186
35 115.7808 495.5542
36 232.2021 560.5744
37 333.1924 624.9971
38 339.4006 646.0335
39 300.9171 638.1931
40 280.3950 650.1347
41 314.8195 651.8396
42 295.7845 657.2514
43 259.9349 689.6045
44 340.6783 552.7156
45 333.2646 533.0180
46 116.9865 441.2327
47 263.1690 499.7123
48 276.5197 561.5935
49 271.1694 551.1569
50 169.1656 573.1681
51 325.8447 507.5469
52 161.5584 404.6124
53 134.4583 420.3824
54 76.2020 386.9452
55 257.6321 394.5605
56 229.2408 430.4183
57 237.8145 671.3499
58 138.1167 691.5080
59 294.3547 568.9442
60 314.9883 571.2353
61 256.2581 668.8133
62 266.3191 665.8835
63 118.7396 410.9973
64 274.9873 571.1092
65 201.1701 394.3201
66 193.4146 379.1611
67 153.5997 317.3758
68 97.9177 398.4854
69 175.8579 346.8988
70 101.3919 436.3430
71 82.6008 433.5149
72 336.4773 637.6091
73 309.1055 646.7612
74 288.4958 653.8966
75 300.1160 571.7214
76 261.2555 667.6118
77 275.3625 673.3232
78 269.0200 664.4784
79 310.4825 558.8821
80 298.7532 654.6895
81 318.2948 651.4400
82 340.9514 647.3794
83 350.0791 715.5940
84 347.2654 696.7291
85 345.9407 683.6783
86 344.7688 671.4733
87 344.4405 663.1992
88 299.5223 667.4926
89 296.7021 671.2930
90 292.8361 678.3369
91 290.1361 686.1750
92 260.5988 630.5204
93 91.1037 600.8188
94 358.2747 564.3707
95 285.5810 667.2852
96 280.5221 669.5502
97 325.3098 578.7128
98 283.7676 582.0829
99 320.4584 575.0657
100 243.1845 516.9024
101 213.0026 538.1251
102 267.6247 561.3696
103 104.3552 349.5039
104 126.7841 369.1913
105 149.6979 391.0697
106 285.2120 701.6770
107 244.7663 370.0406
108 227.3092 332.8387
109 207.8890 295.0523
110 168.6196 488.8801
111 125.1077 521.2066
112 252.6433 457.7549
113 132.7759 465.9464
114 275.9794 482.7174
115 292.8457 549.9488
116 105.2905 541.1615
117 143.8567 529.6268
118 172.7899 528.8778
119 211.4635 515.9494
120 238.3126 500.7061
121 257.9831 485.8029
122 300.8329 447.3029
123 118.0396 580.2372
124 114.3783 467.0356
125 348.3817 561.7380
126 269.6207 518.6019
127 64.8076 515.2553
128 272.1206 470.5554
129 263.8305 563.2614
130 146.3343 476.2633
131 286.5928 537.1137
132 109.5135 646.0229
133 249.6361 451.1279
134 306.1704 520.2025
135 199.9321 725.8618
136 206.0068 749.8439
137 96.2044 594.2290
138 166.8694 704.7558
139 77.8179 470.3387
140 308.1040 777.0838
141 348.8522 565.8581
142 252.7157 538.4389
143 98.4800 504.6785
144 186.5670 475.3216
145 204.9589 471.6953
146 270.4787 677.9894
147 129.9011 619.3334
148 354.8220 795.9166
149 279.6010 783.4670
150 245.6374 770.1598
151 284.9220 319.6875
152 400.5902 787.4082
153 221.5805 465.9669
154 236.2948 458.6500
155 245.3875 454.1437
156 97.4621 467.5603
157 228.7063 444.6197
158 209.9472 445.3747
159 192.6075 449.3107
160 175.5236 456.8764
161 164.7251 464.4180
162 58.7487 468.1455
163 172.8981 476.1492
164 358.2519 587.2815
165 279.5723 614.0338
166 295.0435 565.7443
167 325.5186 597.3421
168 310.9687 412.4973
169 235.8230 747.1647
170 270.4634 762.6147
171 351.8868 781.9725
172 171.9728 725.6062
173 242.9078 447.8548
174 295.5818 483.1193
175 398.9852 773.0361
176 315.4635 793.3562
177 113.1922 635.9525
178 320.4692 666.0858
179 318.5014 672.5775
180 317.1868 682.4273
181 316.8256 694.4460
182 314.5190 711.7099
183 277.6839 661.7278
184 270.8989 661.4656
185 263.9170 659.4904
186 244.5147 650.1295
187 161.1531 621.5141
188 288.6708 463.6689
189 264.0989 431.3356
190 251.0814 438.9455
191 281.9463 657.8454
192 168.3868 672.3451
193 283.9850 423.6247
194 309.7335 731.5673
195 336.7210 477.9956
196 309.7891 467.7567
197 328.6095 457.9539
198 287.2835 518.6583
199 394.3609 752.0958
200 387.6336 727.8937
201 349.6943 735.9713
202 246.5410 701.1582
203 250.5040 584.1629
204 276.1701 719.9217
205 204.5125 592.3593
206 235.8974 609.1018
207 192.3849 629.5250
208 349.7049 760.9631
209 273.5433 533.8043
210 235.2466 721.7933
211 270.5033 739.5174
212 222.6308 678.0307
213 142.6873 652.8779
214 199.6562 688.1354
215 134.8703 673.3004
216 222.5686 638.6872
217 282.9048 500.6401
218 302.8723 557.2320
219 285.3180 566.6837
220 312.3848 540.7978
221 242.9922 418.5160
222 207.0137 417.0193
223 177.5985 423.4069
224 154.0393 433.6874
225 138.5371 447.7822
226 133.7480 485.2841
227 83.3307 553.5691
228 157.7843 506.1935
229 181.1476 505.5071
230 208.4538 498.1143
231 233.0735 487.0406
232 251.4263 475.0541
233 263.8206 464.7147
234 77.4133 557.9548
235 285.0143 571.9945
236 302.6196 500.4208
237 322.2992 554.1219
238 334.7480 561.5393
239 321.2454 557.6475
240 291.3379 576.9702
241 340.5220 562.2604
242 340.7798 566.4075
243 258.1346 449.8667
244 272.2397 450.7409
245 281.0001 451.4748
246 158.4235 469.6036
247 145.1344 464.7166
248 354.2346 476.9928
249 445.0471 400.8736
250 376.4731 553.4718
251 477.4734 321.9478
252 394.8385 431.9787
253 414.3615 428.6484
254 432.3144 423.1437
255 452.1254 406.7523
256 377.7389 431.0116
257 410.6385 375.4117
258 389.9213 381.9843
259 430.3844 373.7985
260 444.0039 377.7560
261 468.7053 416.7897
262 461.3065 711.5477
263 450.1135 394.8547
264 504.8968 400.1588
265 482.5910 399.2624
266 438.5470 507.3948
267 391.8540 610.0801
268 391.1483 632.9264
269 419.3897 608.2340
270 435.5950 611.1819
271 410.3225 627.6572
272 423.9713 625.3048
273 462.1586 637.6271
274 376.5458 543.2335
275 374.3945 522.2723
276 466.1304 348.7830
277 385.4597 468.2970
278 417.3685 525.5401
279 414.2817 514.4642
280 487.5332 490.3059
281 364.4502 497.4672
282 423.2116 335.3831
283 448.2513 337.1628
284 457.6653 290.3170
285 344.6308 371.5855
286 373.0588 392.8299
287 471.2254 611.8594
288 523.9898 586.3506
289 405.0099 540.6956
290 389.6849 552.2535
291 454.0960 619.6599
292 444.1575 621.8532
293 454.1470 322.2300
294 419.1314 534.5599
295 389.2818 344.7546
296 389.4002 327.7154
297 381.5769 260.7139
298 456.1531 305.7980
299 384.1391 293.7619
300 472.2425 338.6634
301 475.6078 331.5111
302 392.6831 623.3689
303 414.7892 619.9253
304 430.1557 618.4218
305 400.6085 546.1646
306 449.4068 620.9500
307 443.5077 631.0079
308 440.5109 621.8108
309 394.5473 536.8692
310 418.1733 625.1065
311 404.7472 629.6303
312 387.3777 635.7273
313 411.3157 698.9069
314 407.1092 680.7474
315 402.7531 668.5344
316 397.7406 657.5071
317 393.1185 650.4270
318 424.4779 635.5602
319 428.9744 637.3944
320 435.5350 641.7371
321 441.2645 647.3843
322 445.6324 583.3184
323 515.5970 488.1379
324 431.9633 630.4795
325 437.7326 630.0024
326 384.5145 563.5436
327 413.9692 549.2461
328 387.0913 558.2748
329 408.0450 474.4449
330 441.0721 479.2946
331 418.6041 522.8984
332 427.4310 268.3366
333 427.5013 291.8504
334 426.0453 318.1384
335 450.6024 658.1496
336 345.1766 343.8798
337 338.4614 304.9124
338 331.5908 264.5774
339 446.0375 415.5919
340 489.6708 426.0954
341 366.5836 428.1319
342 462.2603 378.9301
343 369.0594 458.6626
344 404.6134 521.0380
345 508.5873 435.6103
346 483.4097 441.3589
347 464.3248 453.3897
348 429.5330 459.5965
349 401.5871 458.5028
350 379.4856 454.3686
351 339.2812 437.2681
352 518.5327 475.0485
353 474.4931 372.1788
354 370.1062 556.0275
355 392.7677 486.9874
356 500.2410 401.7867
357 362.5989 447.1735
358 418.1844 524.0417
359 455.3979 394.5774
360 400.2083 507.9756
361 522.8467 535.0457
362 364.6791 420.8000
363 382.1440 500.5475
364 514.1823 639.4690
365 512.1155 663.9852
366 526.0867 480.1790
367 525.2725 606.9739
368 489.3339 363.3843
369 469.3129 731.0109
370 366.6295 561.2829
371 413.0599 497.3734
372 495.2680 400.4862
373 428.6695 411.5037
374 412.3734 417.4588
375 449.0887 632.9197
376 524.7328 514.9028
377 441.3907 770.8146
378 485.0462 724.4708
379 498.4895 698.2348
380 395.4778 420.6161
381 379.4934 421.2900
382 369.6574 421.5693
383 482.9392 366.3645
384 377.9064 404.9882
385 393.3883 396.5228
386 409.9871 391.2953
387 427.5066 389.5931
388 438.8716 391.4652
389 490.6334 356.9414
390 438.7320 405.7415
391 428.1534 576.1889
392 405.3804 537.2853
393 389.0440 581.0230
394 500.9615 673.3093
395 485.8032 701.7724
396 441.1490 756.4261
397 519.8930 629.6126
398 368.6561 414.5419
399 362.5672 465.6502
400 467.7617 749.1903
401 530.8950 524.2200
402 410.9754 642.5935
403 416.2890 647.1352
404 422.3740 654.8734
405 427.8397 665.1047
406 435.3902 679.5022
407 435.7952 622.4213
408 442.3656 618.5567
409 447.5549 613.7185
410 461.4309 594.8840
411 509.2200 529.8891
412 353.3503 446.9867
413 348.3490 409.2666
414 359.3043 410.4218
415 429.1837 621.4607
416 518.5698 578.5561
417 335.1694 410.1235
418 447.1688 693.9264
419 347.6266 457.8963
420 386.0298 493.0696
421 421.3617 716.1133
422 477.5666 639.9569
423 435.4915 536.8545
424 464.7520 669.1039
425 471.7993 522.6785
426 455.0277 552.4237
427 492.5964 550.5435
428 434.1408 737.2222
429 399.9192 501.4439
430 493.8286 651.1878
431 477.4487 682.3496
432 486.2777 608.9371
433 526.7630 550.1716
434 505.4130 606.2102
435 531.4967 566.3087
436 473.5778 573.8857
437 376.9054 476.4064
438 400.7506 531.7377
439 413.3507 533.7034
440 390.6503 520.2618
441 360.3074 387.4027
442 389.4294 368.6049
443 416.1246 360.4089
444 438.4111 358.8200
445 453.7875 364.5363
446 467.1645 397.4621
447 517.6712 439.1799
448 461.9144 426.7916
449 445.6219 436.6591
450 421.5738 442.8403
451 396.9274 444.5268
452 376.8730 442.5545
453 362.7876 439.0202
454 506.8703 445.0181
455 413.0298 539.4641
456 370.5233 482.8409
457 388.7958 536.4241
458 377.9610 550.0272
459 387.7133 540.0030
460 408.2365 547.4797
461 375.6894 552.9373
462 372.8871 558.0592
463 358.5119 423.4905
464 350.3728 430.3232
465 347.7647 434.1678
466 445.4615 393.2519
467 453.2796 383.2350
