# Image: /home/yaroslav/Projects/Diia.AIContest-AdAstrum/fixtures/FLUXSynID-processed/00cbd752fc08/00cbd752fc08_m_live_0_a_d1.jpg
# Mode: stream
# Status: fail
# Errors: image_blurry_or_out_of_focus: Image is blurry (sharpness score: 46.62); strong_shadows_on_face: Strong shadows or uneven lighting detected (difference: 33.1); face_not_looking_straight_at_camera: Head is turned 178.1째 (max: 15.0째); head_is_tilted: Head is tilted 43.6째 (max: 10.0째)

# 2D Landmarks (index x y)
0 302.7432 635.4572
1 317.0254 572.4205
2 307.0876 592.7195
3 290.2638 499.8225
4 317.6997 549.4603
5 315.0943 520.0044
6 304.7396 450.5543
7 121.3927 449.9036
8 301.2375 402.7948
9 301.1143 374.7065
10 295.6055 269.0366
11 301.6417 645.5040
12 300.0988 651.4790
13 298.3550 651.5285
14 299.9882 717.5461
15 300.6017 726.7164
16 300.6592 737.0397
17 300.2383 749.0878
18 298.2560 764.5967
19 314.3019 584.4421
20 283.8941 582.2995
21 29.3114 375.5936
22 193.4760 465.4470
23 170.2973 467.1955
24 146.6749 466.8201
25 110.7541 457.0303
26 212.3219 460.7758
27 158.7438 413.4443
28 185.0635 414.5575
29 133.2190 417.2456
30 115.7811 425.2622
31 94.1815 470.0651
32 201.2852 780.3310
33 110.6603 445.7279
34 21.2153 466.4535
35 67.2270 459.4029
36 169.8781 547.5905
37 259.8735 631.3623
38 260.2923 650.2951
39 214.2568 634.3885
40 184.7867 638.9983
41 226.5620 649.3212
42 200.7693 649.3193
43 156.1737 685.4964
44 295.1708 571.9740
45 292.9438 549.6820
46 84.0539 407.8727
47 224.5203 497.5871
48 219.0563 560.3672
49 216.5508 548.2944
50 96.1369 542.2876
51 292.0597 522.3713
52 145.4146 384.6127
53 109.7165 392.1252
54 55.7714 336.3752
55 250.8694 399.7841
56 207.1969 421.4608
57 135.3625 652.6984
58 41.4121 667.6548
59 236.2720 572.8578
60 258.9572 581.2777
61 147.8194 654.4885
62 160.7176 656.6040
63 96.4820 378.7995
64 213.3370 567.8262
65 191.6600 385.3869
66 187.8749 367.5588
67 157.7845 281.3646
68 77.5562 356.8465
69 176.2550 321.9867
70 69.0994 398.8567
71 50.1783 388.6347
72 259.5019 643.2338
73 221.0416 643.9186
74 192.9183 644.3237
75 241.1321 576.7272
76 153.5624 655.4572
77 171.6145 679.8283
78 165.8755 657.3717
79 258.5086 570.0578
80 204.6946 646.6960
81 230.6163 647.7659
82 261.6347 650.0357
83 254.8879 761.4832
84 256.9651 744.8689
85 259.0410 733.1923
86 261.2441 722.5080
87 263.5597 714.5051
88 205.4345 693.4135
89 200.6051 695.7297
90 193.5503 700.4427
91 188.3816 706.0445
92 173.4276 620.1508
93 14.5693 562.2320
94 311.0910 588.6663
95 187.3895 680.4544
96 179.0289 679.4544
97 267.7915 591.3197
98 218.0440 579.6629
99 263.5861 586.6440
100 197.1160 507.7598
101 156.6300 519.3994
102 208.4408 556.5399
103 96.6772 303.9469
104 117.8451 333.7555
105 137.1317 367.6029
106 182.1163 715.0935
107 243.9978 371.1444
108 234.1831 318.8598
109 221.8915 270.8132
110 124.4069 463.7483
111 69.5596 483.8747
112 224.2490 455.5189
113 91.7927 434.3133
114 243.8754 485.1413
115 241.9762 555.1708
116 42.8862 499.7161
117 87.0693 494.4318
118 118.1909 499.6399
119 163.7822 498.1502
120 197.7271 491.6622
121 223.2594 482.9238
122 280.9618 456.8940
123 41.7045 539.8936
124 73.7111 432.2344
125 300.8586 583.5907
126 224.9986 517.3719
127 8.8834 466.9331
128 242.5656 472.1511
129 202.9359 556.7434
130 101.8729 446.8081
131 238.9743 540.2241
132 22.5126 612.9134
133 222.4528 448.6540
134 266.4220 529.7259
135 97.2107 716.0356
136 100.2111 745.5224
137 17.7524 553.9448
138 65.2056 686.8369
139 34.6902 424.4476
140 200.1196 803.6596
141 300.1078 587.7809
142 199.7910 530.9211
143 46.7403 464.5711
144 148.8204 454.7237
145 170.1673 455.4206
146 165.0049 680.8494
147 40.9817 584.1123
148 244.9634 836.6549
149 169.5207 801.1244
150 137.6365 777.2587
151 298.6420 319.6511
152 295.0341 840.4889
153 189.3174 454.1829
154 206.8041 451.4611
155 217.5243 450.0874
156 56.2301 428.4059
157 201.7103 435.9316
158 181.7247 431.0403
159 161.8461 430.2064
160 140.6244 433.3742
161 126.3097 438.5919
162 14.8056 416.3531
163 133.0821 452.6289
164 304.9172 607.2131
165 201.2673 609.5928
166 238.4130 570.7222
167 261.5045 607.6310
168 301.5398 426.6484
169 131.6611 748.3753
170 164.6385 775.5399
171 245.4376 822.4581
172 69.2899 712.2470
173 215.9263 443.6059
174 265.4127 490.9042
175 297.7580 826.6212
176 204.1682 822.4447
177 23.4817 601.7649
178 232.3106 706.0081
179 227.6421 711.3381
180 222.9751 719.6165
181 219.4337 729.8669
182 213.0215 742.4099
183 175.4663 650.3978
184 167.7108 647.5346
185 160.8865 643.7014
186 148.5280 633.3362
187 71.8853 592.2580
188 263.2242 470.0517
189 244.3137 432.9640
190 227.4244 436.2594
191 182.2330 647.8011
192 69.0993 649.5940
193 268.8814 430.8602
194 206.8098 757.7614
195 311.4891 496.2963
196 285.6956 479.4370
197 308.1714 474.4933
198 245.0287 522.7001
199 298.7565 805.5320
200 298.3962 781.8701
201 251.1158 778.5154
202 146.6295 695.3854
203 182.5371 573.9865
204 173.7138 729.2718
205 128.3379 572.7939
206 158.3008 595.9287
207 104.6934 607.1151
208 246.9813 801.6205
209 224.7133 532.7189
210 134.0236 718.0440
211 167.1760 749.7324
212 125.0257 660.5229
213 46.2433 623.5238
214 100.1035 671.3506
215 38.1514 646.7300
216 133.7455 619.0803
217 245.7148 504.3883
218 250.8035 565.9519
219 227.1449 568.2237
220 267.3679 552.1862
221 226.5158 416.2936
222 188.7053 405.0349
223 154.1679 403.0915
224 124.3922 407.2882
225 102.5548 417.5179
226 88.0214 453.2298
227 17.3190 509.8421
228 108.2932 477.0256
229 134.8338 481.6820
230 166.7211 481.7957
231 196.2740 477.8819
232 218.9335 471.4870
233 234.7489 464.8109
234 10.9726 514.3187
235 224.4451 572.2287
236 268.0933 509.5795
237 274.3141 568.9362
238 285.4084 580.0401
239 271.4578 572.3222
240 228.7516 578.0567
241 291.8162 582.2045
242 290.7231 586.0776
243 232.0659 449.3109
244 247.1155 453.3508
245 257.1232 456.2345
246 117.6946 442.6098
247 103.6025 434.7333
248 330.4195 499.4421
249 450.9048 446.6785
250 335.1396 581.7559
251 501.5294 374.8414
252 387.0469 464.4547
253 408.5923 465.5425
254 429.5878 464.4248
255 457.4347 453.8164
256 369.6284 460.0613
257 420.3981 411.6364
258 395.6730 413.4891
259 443.0875 414.9800
260 457.3164 422.6294
261 470.7607 466.8947
262 384.1641 774.9975
263 458.5929 442.4846
264 509.5546 462.7050
265 488.5300 455.8747
266 419.0191 545.4628
267 342.7786 630.7644
268 336.3525 649.6281
269 380.5366 633.2191
270 401.1798 637.8733
271 364.1985 648.3165
272 383.6003 648.6608
273 419.1410 683.2216
274 336.8872 571.5221
275 339.7643 549.1510
276 483.8390 404.3938
277 368.1323 496.5972
278 390.2209 559.0249
279 389.4148 546.9123
280 478.0111 538.6753
281 335.8268 522.0349
282 439.1092 382.3356
283 467.0605 389.1734
284 488.9832 336.9050
285 346.7415 399.0633
286 374.7746 420.6924
287 437.3986 650.5782
288 478.8839 658.9197
289 372.9704 572.0304
290 352.2872 580.7804
291 425.3881 653.8888
292 413.0116 656.1794
293 475.9056 376.1093
294 391.3712 566.7287
295 400.0172 383.9440
296 404.1226 366.3132
297 417.7641 282.8903
298 482.1302 355.6479
299 409.0103 322.0808
300 492.1560 395.7606
301 496.9379 386.6693
302 340.4901 642.6821
303 372.0279 642.6045
304 392.8835 643.3710
305 367.2731 575.9237
306 420.0318 654.8044
307 407.1170 678.6565
308 407.4494 656.8763
309 360.4891 568.9983
310 377.4541 646.2278
311 357.4738 647.0516
312 331.5342 649.5592
313 338.8066 759.8605
314 340.5513 743.4655
315 339.4493 731.8854
316 336.9734 721.4854
317 333.3346 713.6550
318 379.3538 692.0828
319 384.5535 694.2050
320 391.4580 698.5987
321 396.0585 703.9945
322 414.6935 618.2339
323 496.6543 556.1914
324 391.7282 679.5693
325 400.3812 678.4552
326 343.5287 590.7873
327 383.3977 578.8597
328 347.8582 586.1388
329 391.7025 506.3557
330 427.6546 517.2274
331 393.3707 555.2927
332 463.2566 305.2545
333 454.5386 333.4081
334 445.7181 365.5181
335 399.2481 711.9399
336 354.5335 370.7973
337 358.9950 319.1481
338 363.9873 271.8991
339 447.5841 460.5659
340 489.7815 480.4294
341 358.9770 455.0308
342 474.2772 430.8707
343 352.2983 484.2072
344 375.4883 553.9194
345 507.3398 495.5666
346 479.8772 491.2819
347 457.0059 497.0371
348 417.8741 496.3506
349 387.4902 490.2520
350 364.8732 481.9382
351 325.3934 456.5423
352 511.8422 534.8126
353 487.0247 428.6536
354 326.5013 583.2593
355 372.2528 516.2417
356 503.3651 463.7139
357 348.8431 471.4940
358 393.5944 555.4186
359 464.5967 443.4798
360 374.0087 539.0704
361 491.5582 605.4669
362 359.3198 447.8676
363 354.8010 528.8716
364 457.0865 707.4954
365 444.5710 735.6952
366 514.8165 547.9067
367 479.4128 678.1639
368 503.2484 421.8861
369 383.6161 797.2421
370 321.5081 587.6292
371 392.8203 529.3865
372 500.6215 460.6911
373 429.0235 452.3476
374 409.5411 453.9124
375 412.5120 679.4399
376 511.1567 577.8657
377 342.3177 832.7805
378 399.9230 792.8339
379 420.6105 767.7295
380 390.9552 453.2308
381 374.1121 450.7417
382 364.0253 449.4243
383 496.5363 425.0545
384 377.8451 434.4806
385 396.1399 429.0964
386 415.1276 427.5292
387 434.7666 430.2476
388 446.8898 435.4734
389 505.7015 414.6247
390 442.0058 449.7353
391 395.0321 607.8951
392 373.6001 569.7063
393 345.2406 606.7394
394 432.2775 739.9838
395 408.3223 767.6135
396 346.6426 818.8159
397 462.4631 702.8383
398 365.3928 442.4046
399 342.9882 490.1465
400 375.8318 815.7957
401 509.8251 594.3860
402 359.2342 704.6190
403 364.5622 709.8438
404 369.4584 717.6345
405 372.4907 727.7007
406 374.9529 739.5153
407 402.0733 649.8550
408 410.3605 646.7296
409 417.1163 642.9452
410 431.0581 631.3679
411 493.0572 586.7986
412 338.0567 469.4925
413 344.1169 432.3020
414 356.2476 435.4067
415 394.1096 647.5076
416 486.9856 642.5418
417 328.7112 430.4087
418 378.7056 753.5745
419 328.2048 479.1123
420 362.4039 521.4900
421 342.1317 776.2596
422 426.4784 691.0781
423 408.9701 572.2883
424 404.4808 724.6879
425 453.3827 569.2835
426 427.3859 593.3855
427 468.8575 602.4138
428 346.8790 798.5912
429 376.5753 531.5527
430 435.1570 711.2521
431 409.0220 743.4790
432 446.1052 656.4851
433 503.4065 616.2856
434 464.3123 664.9853
435 497.7755 638.5127
436 443.8875 616.1720
437 356.7109 503.3726
438 368.4829 564.7382
439 383.7289 566.9642
440 358.7453 551.1681
441 361.2536 415.1287
442 396.7788 403.4352
443 428.3561 401.1330
444 453.7184 404.9038
445 469.4545 414.5227
446 474.1283 449.8229
447 513.9246 504.9024
448 461.0498 473.9777
449 440.1248 479.2197
450 412.6540 480.1398
451 385.8354 476.7004
452 365.4049 470.6824
453 351.7116 464.1238
454 498.9120 509.8711
455 382.8302 571.1425
456 347.1220 508.8155
457 352.5814 567.8328
458 337.4807 579.1803
459 351.3187 571.2684
460 376.6076 577.1983
461 333.7297 581.6103
462 329.6210 585.6689
463 351.9238 448.6561
464 341.1742 452.8549
465 336.7969 455.7368
466 453.7703 439.4568
467 465.5605 431.6152
