# Image: /home/yaroslav/Projects/Diia.AIContest-AdAstrum/fixtures/FLUXSynID-processed/00cbd752fc08/00cbd752fc08_m_live_0_p_d1.jpg
# Mode: stream
# Status: fail
# Errors: face_too_small_in_frame: Face occupies only 45.7% of frame (min: 50.0%); hair_covers_part_of_face: Possible hair occlusion detected (score: 0.198)

# 2D Landmarks (index x y)
0 362.5988 607.3159
1 353.9479 536.4241
2 353.3413 559.8647
3 320.5317 482.9159
4 350.2311 517.2859
5 343.3335 494.1441
6 325.0425 441.3776
7 182.1261 476.4300
8 314.6507 401.4707
9 309.7794 378.1076
10 291.3222 302.6934
11 364.3605 617.2320
12 364.9724 624.9794
13 364.3209 628.2601
14 365.4721 633.0714
15 367.5748 640.9251
16 369.7812 651.2294
17 371.7339 662.6492
18 373.6314 681.5604
19 354.5431 547.1370
20 333.2188 551.8499
21 97.6810 436.3618
22 240.4047 478.5015
23 221.9690 484.7051
24 203.5697 488.3557
25 176.6614 485.3315
26 255.2547 469.8387
27 207.0028 441.4025
28 226.8726 437.6807
29 188.6353 448.3878
30 176.8370 457.3416
31 164.7852 501.2711
32 303.3520 729.0025
33 174.3035 473.9479
34 105.6420 512.5028
35 140.2637 495.3106
36 244.8123 553.1599
37 336.4476 609.7257
38 342.7326 629.7069
39 310.1841 622.6329
40 294.0220 635.2989
41 322.9477 635.5126
42 307.4506 641.4321
43 273.0492 671.3865
44 336.8057 539.8515
45 330.5893 522.4903
46 142.4801 444.6768
47 272.7942 498.7585
48 282.5438 550.8119
49 278.4370 542.2510
50 187.6590 566.0754
51 325.4228 500.7060
52 184.2082 412.6379
53 158.7945 426.0358
54 110.7634 398.2776
55 272.3001 406.5735
56 245.3021 438.7048
57 254.6515 656.8857
58 154.6440 679.0764
59 298.7467 557.3527
60 317.4738 559.5704
61 275.4419 653.4591
62 283.6094 650.1254
63 144.9911 417.4930
64 282.3294 560.5763
65 221.0307 404.8710
66 214.5331 390.8405
67 182.8364 335.5712
68 128.0979 407.0296
69 200.5773 361.4111
70 129.0600 440.7445
71 113.9664 439.4403
72 339.8306 621.5085
73 317.7546 630.6040
74 301.2318 638.5183
75 304.5414 560.2133
76 279.7996 652.0085
77 289.8054 652.9896
78 285.1997 648.6661
79 311.4469 546.0790
80 310.2062 639.7819
81 326.1250 635.9004
82 344.4815 631.9534
83 346.4801 687.2922
84 345.5774 667.2122
85 345.0336 654.9253
86 344.4273 644.0667
87 344.4464 637.2663
88 308.3138 644.8691
89 306.1105 647.9129
90 302.8264 654.1626
91 300.0749 661.6538
92 273.3127 616.7884
93 117.1088 596.3096
94 353.7599 552.2168
95 297.5595 647.2968
96 293.9914 649.3244
97 326.6683 566.7203
98 291.3419 571.3888
99 322.3736 563.2299
100 254.7464 514.7818
101 227.2799 534.1876
102 276.0384 552.3150
103 137.2312 364.1278
104 155.0688 380.5627
105 173.9908 400.0490
106 293.1424 679.0796
107 261.5269 384.2483
108 247.8777 350.0011
109 232.9632 316.5914
110 187.0390 489.3081
111 147.7636 519.1727
112 264.3371 462.3421
113 156.3928 467.3126
114 284.4178 483.0248
115 295.9423 538.8198
116 129.7039 537.6278
117 164.2573 527.1350
118 190.4518 526.7036
119 225.6267 514.8702
120 250.2022 500.8699
121 268.5190 487.0507
122 307.2610 450.8924
123 140.7962 573.6294
124 139.7650 468.6956
125 344.2325 548.5807
126 278.3718 514.8338
127 97.7027 517.7752
128 281.8020 473.0150
129 273.7796 555.0913
130 168.4975 477.0059
131 291.3227 528.5635
132 131.3502 637.6487
133 262.2460 456.0603
134 308.0489 512.5489
135 207.5702 707.5795
136 211.2047 730.9379
137 121.0829 587.2952
138 179.1755 688.3540
139 109.0618 473.5823
140 302.2850 750.8593
141 345.5798 553.3147
142 263.5751 533.3862
143 124.8006 503.9856
144 202.5632 477.1087
145 219.3686 474.6044
146 285.5462 657.9363
147 151.0404 609.2097
148 344.0724 769.4109
149 275.7014 759.7500
150 245.5390 748.7741
151 300.6533 339.9090
152 387.1850 762.1169
153 235.0712 469.6632
154 249.0293 463.1931
155 257.8969 459.0628
156 125.2373 469.6961
157 243.6710 449.3885
158 226.6967 449.6571
159 210.7250 452.5647
160 194.9138 458.8724
161 184.9367 465.4296
162 93.8605 473.7962
163 190.5606 477.2311
164 355.7236 575.1749
165 288.8660 600.7842
166 298.7835 553.6856
167 327.8253 584.0163
168 318.9635 422.3665
169 238.3118 726.4701
170 268.8625 739.4913
171 341.7824 754.4526
172 182.5178 709.6974
173 256.3540 452.6108
174 300.7976 481.6201
175 386.0162 746.7652
176 308.0850 767.3803
177 134.9311 625.4880
178 325.0576 640.9745
179 323.2802 646.4909
180 321.8363 655.1410
181 320.9120 666.3147
182 317.1429 685.2463
183 293.2518 646.4484
184 287.5040 646.4266
185 281.2867 644.9881
186 260.5229 636.3565
187 179.9009 610.1750
188 295.9894 465.6614
189 276.5492 438.9222
190 264.4336 445.7533
191 296.5468 643.2364
192 183.9884 657.4089
193 294.3955 431.8556
194 309.5740 706.4756
195 336.8359 475.8049
196 313.6554 467.5839
197 331.0615 459.0105
198 292.8326 513.2908
199 382.6083 725.8337
200 377.6301 701.6747
201 343.9526 708.5598
202 255.5942 683.4248
203 261.7426 574.3791
204 280.7369 698.3411
205 219.5434 581.8762
206 248.6285 597.2138
207 208.0727 616.8666
208 341.5382 733.3932
209 281.3662 527.7844
210 241.0879 702.4637
211 271.8981 717.3119
212 235.7322 663.2487
213 161.3856 639.9428
214 211.8597 671.9486
215 152.2554 659.7550
216 237.6636 626.3067
217 289.7989 497.9256
218 304.4734 544.5518
219 290.1757 554.8509
220 312.3963 529.6241
221 258.2631 427.9329
222 225.7344 425.9426
223 198.8963 430.5320
224 176.9300 438.6801
225 162.1565 450.7362
226 156.6057 485.5322
227 110.6011 550.0256
228 177.0754 505.4732
229 197.8446 505.2927
230 222.6929 498.8507
231 245.3918 488.8887
232 262.8542 477.9051
233 274.6197 468.3560
234 107.0552 557.2042
235 290.7371 560.6838
236 305.9700 496.0625
237 320.9728 540.8595
238 332.8244 548.3550
239 320.5780 544.4420
240 297.3659 565.8338
241 337.5151 548.9408
242 338.6809 553.6255
243 269.9645 455.1773
244 282.9158 455.8299
245 290.4893 455.9859
246 179.1579 470.0074
247 167.9079 466.2937
248 353.1368 475.7333
249 445.1060 419.7758
250 369.8362 543.5776
251 482.2723 354.1129
252 398.2525 444.9646
253 416.4826 442.7833
254 432.8243 438.5546
255 451.4352 425.9205
256 382.0471 443.1518
257 414.1896 398.0007
258 395.4450 402.5053
259 431.7261 397.1359
260 443.8565 400.8156
261 466.5464 435.1322
262 447.1851 693.7055
263 449.7081 415.0467
264 504.2562 424.7118
265 481.0991 420.7266
266 430.8835 511.3942
267 385.4562 598.6033
268 384.6316 620.1700
269 409.6389 599.5304
270 424.6519 604.9399
271 401.3189 617.2580
272 414.0501 616.7909
273 449.7503 630.0770
274 369.4837 532.5469
275 368.1996 514.0366
276 466.6927 375.3936
277 385.0580 474.1997
278 408.7682 522.2958
279 406.6984 513.2348
280 477.8950 500.9416
281 360.7623 492.7964
282 426.6042 362.0261
283 450.1335 364.4215
284 464.1274 323.7302
285 352.1758 390.1054
286 379.3827 410.7054
287 459.4450 609.3146
288 517.9117 594.1585
289 396.8152 535.3125
290 382.4440 544.8816
291 441.5813 615.2336
292 432.5616 615.8836
293 456.4896 351.5999
294 410.1739 531.5291
295 394.6391 368.8733
296 395.5268 353.3951
297 393.5406 292.2480
298 460.3599 336.6130
299 393.1470 321.6003
300 473.5065 367.0697
301 478.3418 361.2558
302 386.0759 610.9666
303 405.3557 610.2030
304 419.5764 611.0936
305 392.5253 540.2780
306 437.1814 615.8110
307 430.7676 620.4433
308 429.6847 615.3237
309 386.6832 529.1762
310 409.0282 616.9088
311 396.5000 619.5939
312 381.3334 623.5790
313 398.5487 674.7986
314 395.2201 655.4535
315 391.8671 643.9826
316 387.9578 634.0716
317 384.3164 627.9727
318 413.2557 620.4080
319 416.8644 622.0962
320 422.4054 626.4046
321 427.4452 632.1346
322 434.2983 579.6338
323 514.4408 506.6816
324 421.0195 618.7041
325 425.6006 618.8330
326 377.8531 554.8922
327 404.8111 545.4106
328 380.0756 550.1180
329 405.7324 481.3931
330 435.7117 487.8473
331 410.5539 521.7417
332 436.1334 301.8512
333 433.5852 322.2542
334 430.0056 346.5006
335 437.1334 644.9822
336 354.1120 365.4278
337 350.4625 329.0008
338 347.0825 293.2876
339 445.5731 433.0546
340 485.8715 444.5697
341 371.4820 440.0076
342 461.9006 401.6670
343 370.1023 464.3923
344 396.5786 516.3264
345 503.7293 454.6697
346 478.7158 457.6357
347 459.8909 466.9735
348 427.5338 470.3967
349 401.6855 467.7708
350 381.1565 462.6775
351 342.9951 443.1778
352 510.0174 490.7019
353 474.2637 396.2310
354 363.5932 544.2564
355 389.6399 490.1349
356 502.6029 428.7911
357 365.4424 455.1422
358 410.4665 524.0040
359 454.6472 415.6169
360 393.6444 505.6631
361 519.2157 548.8403
362 369.7895 433.5879
363 377.0276 497.1197
364 503.2974 636.4753
365 502.2286 659.9671
366 520.0457 497.3716
367 514.7724 609.0851
368 490.6026 390.7005
369 454.7863 712.6847
370 361.1357 549.8778
371 407.8992 501.0412
372 493.5342 422.8291
373 430.0142 428.1426
374 415.0251 432.8634
375 435.8888 623.1908
376 513.7754 526.8267
377 426.5562 748.5279
378 471.8548 710.4765
379 487.1189 688.6847
380 399.3519 435.0024
381 384.4004 434.8223
382 374.9251 434.6319
383 483.1682 392.0916
384 382.8174 420.0776
385 397.5230 413.6056
386 412.9037 409.7133
387 428.8602 409.0908
388 439.2149 411.2263
389 494.0904 387.0323
390 439.3279 423.5522
391 417.6513 570.9564
392 397.1044 531.5857
393 382.5077 571.4040
394 489.5510 664.9583
395 473.1794 688.6710
396 426.3047 733.2907
397 511.5915 631.2068
398 373.5922 427.9048
399 362.3596 468.0796
400 453.0447 730.6602
401 522.7128 536.8791
402 400.3471 623.4634
403 404.6418 627.4958
404 409.5892 634.5838
405 414.1362 644.3697
406 421.1491 660.4623
407 424.9838 616.0190
408 430.9581 613.1830
409 435.9069 609.2671
410 449.6226 592.6375
411 497.0211 537.9670
412 355.8858 452.7760
413 354.7344 422.6947
414 365.2716 424.6816
415 419.4972 614.9670
416 506.3910 582.4338
417 341.7075 421.8788
418 433.6051 676.2521
419 348.7498 459.9145
420 382.1941 493.2230
421 408.3777 692.8666
422 466.3658 633.3990
423 426.5371 536.8122
424 452.3144 657.0863
425 461.1505 527.1336
426 444.8295 552.3841
427 480.8231 554.3209
428 420.0175 713.9665
429 394.8460 502.2454
430 482.3235 644.2072
431 465.0797 670.0788
432 475.3054 607.2065
433 515.2328 558.4541
434 493.6153 605.6126
435 522.1707 573.9679
436 462.6272 574.5970
437 375.3629 479.0552
438 392.4506 524.8978
439 404.6822 529.0087
440 383.3392 513.7037
441 366.9934 405.0755
442 394.7159 390.5146
443 419.2448 384.3310
444 439.6573 383.3760
445 453.8776 388.7724
446 466.2177 418.3738
447 514.4293 460.1054
448 459.7612 443.5382
449 444.2904 451.0702
450 422.0924 455.4176
451 399.0028 455.7222
452 380.1069 452.8798
453 366.8005 448.9250
454 507.7931 468.1093
455 404.3327 535.0239
456 368.1168 482.2982
457 380.8740 527.3650
458 370.8452 539.7985
459 380.1141 531.0869
460 399.4487 542.6225
461 368.6963 541.9262
462 366.7006 547.3217
463 363.9513 435.6473
464 355.4462 440.7362
465 352.2045 442.9998
466 445.2658 413.1714
467 452.8392 405.5584
