# Image: /home/yaroslav/Projects/Diia.AIContest-AdAstrum/fixtures/FLUXSynID-processed/00fcdbce3ae1/00fcdbce3ae1_f_doc.jpg
# Mode: stream
# Status: fail
# Errors: strong_shadows_on_face: Strong shadows or uneven lighting detected (difference: 35.2); face_not_looking_straight_at_camera: Head is turned 179.3째 (max: 15.0째); head_is_tilted: Head is tilted 16.7째 (max: 10.0째); face_too_small_in_frame: Face occupies only 46.1% of frame (min: 50.0%)

# 2D Landmarks (index x y)
0 300.4124 608.5800
1 297.9216 540.1046
2 299.8119 561.9456
3 283.0833 470.7470
4 297.5949 518.6277
5 297.8773 490.4622
6 299.7344 423.9242
7 171.4276 420.3995
8 300.2851 380.9059
9 300.4610 355.6018
10 300.9940 264.6741
11 300.5511 618.4604
12 300.9894 625.5578
13 301.5089 628.1816
14 302.6936 628.7626
15 302.8363 635.8577
16 303.0358 645.3254
17 303.3563 655.6989
18 304.0825 676.3987
19 298.3430 551.1397
20 282.2521 550.0181
21 106.6202 356.3668
22 224.1513 436.8937
23 205.9323 438.8533
24 188.5010 438.9302
25 165.4734 429.4928
26 239.4962 431.6645
27 199.7070 392.4371
28 218.7210 392.6458
29 182.1828 395.9155
30 170.2892 402.2992
31 150.3769 444.4842
32 233.5682 712.8086
33 165.0395 415.9568
34 96.4507 439.7629
35 129.0213 433.1310
36 212.0851 523.9151
37 279.0702 605.7185
38 283.7681 625.5095
39 258.0357 612.9392
40 245.1056 622.3481
41 268.7009 627.2905
42 256.7132 630.2385
43 222.7017 651.7952
44 282.3292 539.9797
45 279.6556 519.2119
46 140.8860 385.6772
47 247.4420 471.0930
48 242.4429 535.6180
49 241.8502 524.2476
50 158.7765 523.1688
51 281.1496 492.9555
52 184.0442 363.7712
53 158.5585 371.3077
54 124.1488 320.9128
55 263.9834 376.4572
56 235.8200 397.4311
57 208.4860 635.0012
58 113.6192 627.2772
59 256.0201 547.0069
60 270.9180 552.6574
61 231.2670 635.5242
62 238.7604 633.3546
63 148.2130 359.5123
64 242.5857 544.8158
65 218.7434 363.8261
66 214.8156 348.0803
67 196.9560 274.8292
68 136.3245 339.1438
69 207.3661 309.7610
70 129.8828 378.0620
71 118.1805 367.9487
72 281.0210 617.5892
73 264.1993 622.1825
74 251.0940 626.8203
75 260.9300 550.4160
76 235.4541 634.8561
77 242.4528 635.5201
78 240.0918 631.9938
79 264.8196 540.0964
80 260.1665 628.8836
81 272.4682 628.0145
82 286.5445 627.9732
83 280.8995 676.7498
84 282.4330 655.1960
85 283.3993 643.8253
86 284.4024 634.9007
87 285.7143 628.9224
88 257.5305 630.4792
89 255.2599 632.5601
90 251.9398 637.3570
91 248.4569 643.9414
92 227.9278 598.9451
93 95.9566 528.9577
94 299.0891 555.4312
95 249.3159 631.6281
96 246.2259 632.8660
97 277.2587 561.9654
98 249.9529 557.3768
99 274.0738 557.4778
100 229.3018 483.8986
101 200.2336 498.4763
102 239.5186 533.5633
103 152.5677 293.0321
104 164.6200 318.9832
105 177.1418 348.6473
106 237.8793 661.7472
107 257.5586 351.2021
108 251.3740 308.1198
109 244.8206 266.6387
110 173.8314 436.1252
111 130.3834 460.3395
112 249.1961 426.2984
113 149.6666 408.3778
114 259.5861 457.0711
115 252.8947 527.7276
116 110.5374 475.1619
117 143.5925 474.1172
118 167.8418 480.7606
119 202.8742 475.8770
120 228.1553 466.2282
121 246.7917 455.8155
122 282.4594 429.3368
123 114.8059 517.4135
124 133.6743 407.1033
125 289.1521 550.2323
126 248.9890 491.5814
127 92.8692 440.8158
128 260.6064 444.3521
129 238.8269 535.1136
130 159.9673 419.1438
131 252.7224 514.0243
132 100.7474 577.3587
133 248.8920 418.3175
134 266.3297 501.0680
135 152.2544 671.9885
136 152.7620 695.3435
137 96.0910 523.7515
138 130.4296 645.2160
139 106.9530 400.6843
140 227.9622 734.2039
141 291.7828 554.6642
142 233.4541 507.4862
143 113.2108 437.9375
144 189.6028 425.6772
145 205.4064 426.9188
146 238.2728 639.8284
147 119.3358 557.5134
148 263.4504 762.3252
149 204.8337 737.6144
150 180.1129 720.6912
151 300.6414 309.1554
152 305.5490 765.6248
153 220.7996 425.6010
154 235.2622 422.3692
155 244.4379 420.3854
156 120.7149 404.4363
157 232.7853 403.9199
158 216.8496 398.5448
159 200.7760 397.5234
160 184.7216 401.5169
161 174.9282 407.6123
162 96.8274 393.8833
163 178.7707 423.1754
164 300.2760 575.9915
165 242.9389 586.4175
166 255.3313 543.7905
167 275.8499 578.4378
168 300.2107 401.8596
169 176.1555 697.2947
170 200.7400 716.1631
171 262.1441 746.8826
172 131.8688 666.6646
173 243.8804 412.2921
174 270.4470 462.0619
175 304.9253 749.1905
176 231.7911 752.0586
177 102.1683 567.7642
178 270.4037 629.0812
179 268.1231 633.3872
180 265.8987 640.3605
181 263.7103 650.3456
182 257.1716 670.3371
183 246.2248 632.4428
184 240.9854 631.7851
185 235.5171 629.2847
186 215.1520 616.1861
187 145.0252 567.1269
188 271.2963 441.8692
189 263.7940 406.1323
190 252.0306 409.0187
191 249.6089 629.8127
192 141.0314 615.9550
193 278.1886 405.1111
194 244.8777 691.5806
195 298.5913 467.2568
196 282.1335 450.7548
197 299.1607 445.9143
198 258.7813 495.4862
199 304.4661 726.4674
200 304.3019 699.5180
201 273.7986 699.7413
202 201.4829 660.1125
203 224.3838 551.7826
204 221.1762 678.9396
205 184.3674 548.1225
206 208.4297 572.1076
207 168.9238 581.7384
208 265.8552 725.2313
209 248.7453 507.8602
210 183.6709 674.7380
211 208.2250 695.2589
212 187.1439 636.5768
213 123.7906 591.8832
214 163.2143 638.2236
215 111.7510 608.3139
216 194.7445 600.2818
217 260.0933 476.5413
218 258.7293 536.8501
219 247.8098 542.4494
220 264.9999 522.5462
221 249.5311 391.6935
222 219.8589 383.4532
223 194.1404 382.7157
224 172.7763 386.0650
225 157.8170 394.2396
226 146.5332 426.0915
227 93.2584 481.0380
228 160.8646 452.4719
229 179.5057 457.4371
230 203.6519 456.0415
231 226.6355 450.4435
232 244.3374 443.2335
233 256.5966 436.2968
234 94.4855 484.8041
235 248.9112 547.7919
236 269.8650 480.8747
237 270.1667 537.3100
238 280.8834 546.9493
239 271.1726 540.7222
240 254.7171 553.7757
241 283.7121 548.8866
242 286.0535 553.2284
243 255.4989 420.2611
244 266.3089 425.3980
245 271.2171 428.5039
246 169.4364 412.1882
247 160.9670 409.0018
248 314.6503 470.7134
249 433.4642 419.2750
250 316.5879 549.7081
251 504.1519 354.7542
252 380.3396 435.9128
253 399.0058 437.5643
254 416.8432 437.4524
255 440.1826 428.2156
256 364.6186 431.0118
257 403.4970 392.2352
258 384.3712 392.3244
259 421.2736 395.7163
260 433.6820 401.7220
261 456.2165 442.9114
262 377.1120 712.8688
263 440.0541 415.0427
264 515.3978 437.9212
265 478.3294 431.4609
266 392.7106 522.9583
267 322.2786 605.2686
268 319.0905 625.1969
269 345.2116 612.4274
270 359.9534 621.6066
271 335.6356 626.9571
272 348.9156 629.7343
273 386.6358 651.2636
274 313.8378 539.4910
275 315.9581 518.8666
276 463.5098 385.6044
277 355.6113 470.5448
278 357.8256 535.1358
279 358.8663 523.7739
280 448.5676 521.3716
281 315.1801 492.7970
282 418.2378 364.6792
283 444.4950 371.9133
284 484.1161 319.3786
285 337.5236 376.7712
286 367.3309 397.0782
287 400.2301 634.1940
288 503.7908 626.9057
289 344.5318 546.4880
290 329.5859 552.5031
291 377.1288 635.0621
292 369.6145 633.0173
293 455.2680 360.1883
294 358.6845 544.6459
295 383.0802 364.4337
296 387.1531 348.6878
297 407.1770 273.8172
298 469.4300 338.4592
299 395.5256 309.4536
300 475.5139 377.8642
301 489.8767 366.8569
302 320.9850 617.3007
303 339.5131 621.6158
304 354.2611 626.2004
305 339.8905 550.1552
306 372.8484 634.3577
307 365.8133 634.9728
308 368.2920 631.6376
309 333.9347 539.2384
310 345.9077 628.4246
311 332.4233 627.6887
312 317.1917 627.6798
313 327.6675 676.6089
314 324.8631 654.8094
315 323.3785 643.4828
316 321.7515 634.6141
317 320.3370 628.6748
318 350.2532 629.8444
319 352.5644 631.8914
320 356.0728 636.7578
321 359.8728 643.4590
322 377.1903 598.1641
323 520.6526 527.7312
324 359.0358 631.2625
325 361.9708 632.3568
326 323.1236 561.8233
327 352.1943 557.2964
328 326.1697 557.3340
329 374.9046 482.9978
330 405.2780 497.0888
331 362.1647 533.1962
332 453.5408 291.6779
333 439.6411 318.7950
334 425.3238 349.3948
335 371.5803 661.2824
336 343.8249 351.6324
337 350.8738 307.7912
338 358.1233 265.9603
339 431.7508 434.6542
340 477.2006 458.4410
341 354.6397 425.8575
342 455.4689 407.7031
343 342.7119 456.7250
344 345.8894 527.0277
345 498.3109 473.1432
346 463.3196 472.0245
347 438.4065 478.8416
348 402.6097 474.4849
349 376.3918 465.2521
350 356.8932 455.2058
351 317.6910 429.1467
352 494.6969 515.4917
353 472.3252 406.0939
354 308.0214 550.0917
355 353.3920 491.1660
356 522.2287 439.2404
357 342.3075 444.1187
358 363.8352 534.7661
359 445.5531 418.1918
360 346.5793 513.5278
361 516.2498 576.4531
362 355.0633 417.9356
363 331.4612 500.7729
364 461.3686 671.9628
365 463.1241 696.0294
366 516.4745 522.1316
367 483.5698 644.8952
368 503.1533 398.9524
369 383.5380 734.6354
370 306.5622 554.4834
371 370.1295 506.8899
372 495.4710 436.1238
373 415.1002 424.2756
374 399.1475 425.7032
375 370.3788 639.3464
376 491.3104 555.9602
377 347.8664 762.8737
378 408.9545 738.6077
379 434.6864 721.5929
380 383.5324 424.5415
381 369.0428 421.4970
382 359.6702 419.8295
383 486.7742 403.1642
384 370.9822 403.6354
385 386.9282 398.2808
386 402.9076 397.3101
387 419.1940 401.0015
388 429.3492 406.8757
389 516.2098 392.2229
390 425.9689 421.8072
391 360.6359 585.9519
392 344.7076 543.1135
393 325.1950 578.1982
394 436.8636 697.6200
395 411.8302 716.9014
396 348.0767 747.1012
397 484.9290 666.7946
398 359.9560 411.9307
399 329.6648 461.9240
400 380.8250 752.8522
401 511.3158 566.4663
402 336.5629 628.6266
403 338.9707 632.7873
404 341.6386 639.7884
405 344.3229 649.8612
406 352.0414 670.2289
407 360.9722 632.0352
408 365.9215 631.1612
409 371.3819 628.6325
410 391.5224 615.2135
411 464.1730 565.5447
412 329.8956 441.6342
413 339.0630 406.0929
414 351.2797 408.8035
415 357.6522 629.4053
416 470.3641 615.0857
417 323.3045 405.0729
418 365.2444 691.5951
419 316.6329 450.6229
420 341.5742 495.1238
421 335.4234 699.7118
422 408.5249 659.5276
423 379.6347 551.2245
424 389.0876 678.7647
425 422.1565 546.7644
426 397.0958 571.1969
427 439.2796 580.4477
428 343.5202 725.3402
429 352.7474 507.4186
430 427.7591 674.4154
431 403.1445 695.3746
432 422.2368 635.5609
433 487.8407 590.7376
434 447.6146 637.4788
435 502.5657 607.5940
436 412.5998 599.1216
437 341.1145 476.1363
438 339.8799 536.0294
439 352.2987 541.7545
440 332.1038 522.0056
441 353.1699 391.8670
442 382.9200 383.5844
443 408.6867 382.7919
444 430.5638 386.1554
445 446.2892 393.9560
446 459.8914 424.8804
447 518.8072 479.2677
448 445.5105 450.6769
449 426.4797 455.6916
450 401.6651 454.6590
451 377.9838 449.4134
452 359.7557 442.6707
453 347.0583 435.8858
454 521.5921 483.2421
455 351.8815 547.4220
456 328.9856 480.6598
457 327.0857 536.6032
458 317.1885 546.5918
459 326.8693 540.0138
460 346.6787 553.7108
461 313.8850 548.5172
462 312.5816 553.0754
463 348.1421 420.0516
464 336.8757 425.2135
465 331.1567 428.4408
466 435.2967 411.3038
467 443.7323 408.2707
