# Image: /home/yaroslav/Projects/Diia.AIContest-AdAstrum/fixtures/FLUXSynID-processed/00399b1a5be6/00399b1a5be6_m_live_0_e_d1.jpg
# Mode: stream
# Status: fail
# Errors: image_blurry_or_out_of_focus: Image is blurry (sharpness score: 50.22); strong_shadows_on_face: Strong shadows or uneven lighting detected (difference: 74.5); face_not_looking_straight_at_camera: Head is turned 171.8째 (max: 15.0째); head_is_tilted: Head is tilted 24.1째 (max: 10.0째)

# 2D Landmarks (index x y)
0 274.5072 635.1783
1 286.4158 550.4380
2 282.8078 581.4913
3 277.6678 478.1350
4 290.1156 526.2063
5 294.9178 498.1777
6 306.3998 436.0815
7 147.6950 427.4248
8 315.0086 387.5098
9 319.9895 359.1192
10 335.6493 276.1492
11 272.5647 647.4208
12 271.1897 657.7028
13 270.7149 662.3854
14 266.8976 687.6778
15 265.2935 697.5809
16 263.1538 710.3706
17 260.6855 725.0971
18 256.5881 748.9120
19 284.4129 564.8292
20 259.7558 563.7863
21 91.1524 361.6154
22 207.3584 448.9722
23 185.6562 448.8707
24 164.7677 446.7185
25 137.5945 435.2550
26 226.6860 445.2482
27 187.0481 391.0824
28 210.0361 394.7318
29 164.4976 392.6287
30 148.5316 399.9470
31 118.0755 448.9205
32 156.1617 768.1937
33 140.4554 422.9432
34 60.1088 447.6557
35 97.1197 435.1828
36 169.3118 532.1411
37 240.1622 627.1069
38 240.6765 654.1932
39 203.0741 632.6008
40 180.0193 642.5742
41 214.5572 653.8528
42 194.8018 656.6952
43 144.6952 684.6640
44 265.3130 547.8074
45 265.7005 524.3566
46 121.4337 375.8691
47 226.5745 482.9800
48 203.8239 541.0483
49 204.4536 530.1680
50 106.0673 525.4693
51 271.8182 498.4460
52 175.4022 350.5022
53 144.5983 358.4952
54 117.6610 321.8260
55 268.6202 375.7634
56 229.5894 403.8947
57 131.1712 657.3684
58 36.6443 662.2017
59 219.8548 556.5005
60 239.7431 566.9713
61 152.7342 663.2094
62 165.0421 664.0730
63 135.8729 345.5826
64 200.4233 552.9767
65 215.9081 354.0440
66 215.0057 336.8355
67 209.9511 273.9188
68 127.0450 333.0234
69 214.8756 303.9247
70 111.4028 368.6220
71 101.3440 366.4157
72 239.5941 642.3417
73 209.1932 645.1377
74 187.3096 649.7719
75 225.2024 562.2322
76 158.7595 663.9294
77 168.7328 673.3072
78 169.1047 663.6808
79 236.8572 547.4609
80 200.4951 656.8008
81 219.8535 656.6007
82 243.6123 658.7218
83 220.1977 742.4764
84 225.4324 718.0256
85 229.9516 703.5609
86 234.5867 690.7677
87 238.5854 682.8433
88 194.7979 674.2504
89 189.8246 676.7964
90 182.2331 682.2944
91 175.2680 689.5700
92 166.9360 614.9179
93 39.2048 552.8829
94 283.7953 572.4142
95 182.7007 671.1856
96 175.9399 671.1688
97 247.1317 578.5392
98 206.4897 569.6319
99 243.5265 572.9846
100 199.8783 493.6354
101 162.0775 504.0697
102 198.2906 541.5361
103 155.0142 291.2422
104 162.9255 310.8816
105 170.6123 334.4887
106 163.0159 704.8894
107 266.5987 346.6518
108 267.9424 308.4548
109 268.0412 270.3623
110 146.9738 442.4489
111 92.1542 462.7009
112 239.3985 440.3539
113 124.9033 407.2401
114 246.2583 469.5529
115 222.5950 531.9988
116 66.2729 478.6208
117 103.6313 475.2976
118 129.4949 482.7234
119 171.6759 482.9432
120 204.0876 477.1393
121 229.9060 469.0547
122 283.1658 440.1082
123 58.0622 521.4635
124 108.6071 403.9017
125 271.7524 562.5820
126 222.0223 502.1071
127 57.0419 456.2113
128 249.8864 458.2579
129 195.9600 544.9820
130 132.6171 423.2437
131 223.5150 518.8577
132 33.2301 605.5025
133 240.2523 433.3586
134 248.2730 506.2504
135 68.7250 706.8479
136 66.5223 740.8577
137 37.4693 536.5596
138 49.1576 675.2514
139 81.6088 404.5796
140 146.3997 794.5964
141 273.4095 570.3511
142 197.9146 517.3002
143 78.8224 440.8004
144 169.1498 433.5939
145 187.8824 436.4337
146 161.4748 676.3655
147 51.5786 566.8147
148 185.3829 838.2000
149 117.5524 797.1679
150 92.4958 773.1275
151 327.9469 317.4449
152 239.1643 850.5475
153 205.9166 437.0704
154 223.3234 435.7053
155 234.4220 434.7294
156 95.1726 402.0610
157 223.2439 422.2578
158 204.9475 417.6311
159 187.3201 415.0063
160 168.4367 415.6373
161 155.2291 418.5913
162 72.1909 403.6592
163 156.5273 430.5256
164 280.1460 599.2869
165 190.1266 601.7875
166 220.6877 551.8071
167 241.7399 597.5653
168 310.5866 413.6312
169 91.9739 740.0809
170 117.2879 767.1357
171 187.7854 816.6293
172 48.9122 707.4233
173 235.1577 428.5262
174 260.6579 471.7587
175 242.1716 828.9054
176 146.9938 819.3705
177 32.8760 586.1596
178 214.6523 678.0964
179 209.1005 683.5680
180 202.6338 692.8996
181 196.5299 705.3214
182 186.5124 725.2298
183 177.1934 659.7891
184 169.2479 656.5372
185 162.4710 651.6989
186 145.3560 633.5068
187 78.2533 575.4706
188 265.6094 453.5899
189 261.4575 417.3102
190 246.9448 420.7093
191 184.3046 658.0052
192 64.0791 635.7255
193 280.8776 415.0619
194 171.4301 744.8943
195 298.8680 476.4622
196 279.6713 459.8738
197 302.5232 456.9010
198 235.6175 503.7940
199 246.6973 801.1927
200 252.0635 771.9201
201 208.8414 764.1192
202 124.3269 691.2887
203 175.8520 562.7833
204 144.2225 720.9312
205 130.1652 555.4285
206 153.0082 584.0723
207 104.0088 592.3463
208 195.8710 790.7153
209 217.0373 516.5532
210 103.2642 709.6598
211 128.4404 740.3225
212 111.7031 657.9786
213 48.9672 607.7861
214 84.9577 661.4268
215 35.0955 632.9153
216 129.3286 613.3724
217 241.8813 486.9130
218 229.3620 542.4522
219 210.3371 548.9121
220 243.2389 526.7163
221 247.1532 395.5454
222 213.0735 379.3383
223 182.5036 374.6353
224 156.2313 377.7153
225 136.9379 388.3170
226 117.4291 429.3006
227 46.2065 490.8861
228 127.9859 456.8440
229 149.2419 462.9974
230 177.9528 464.8463
231 206.5454 462.5288
232 229.9274 457.2209
233 246.5070 451.0544
234 48.3388 504.7808
235 209.4049 556.5203
236 256.6643 488.3797
237 247.7443 543.6382
238 259.7439 558.8120
239 247.1232 548.9823
240 214.9621 565.5264
241 264.1180 560.5963
242 265.0321 568.0116
243 248.6228 434.0719
244 260.6791 439.6919
245 266.8166 441.8953
246 146.8949 421.0665
247 136.1557 409.2911
248 318.8931 483.6228
249 464.6114 469.2183
250 310.2668 569.9829
251 549.4519 422.4382
252 399.5198 473.9160
253 420.9950 479.5045
254 442.3286 483.0039
255 472.5899 479.6759
256 382.1435 465.6017
257 437.6960 425.4018
258 414.2946 422.4554
259 459.2299 432.9839
260 472.6800 444.2420
261 488.4142 497.9529
262 346.3584 794.4502
263 473.1887 467.2471
264 550.8614 512.7449
265 514.4965 491.0199
266 410.1115 563.2651
267 310.5606 635.6302
268 302.0338 661.8585
269 345.5724 650.0414
270 365.5839 665.2369
271 328.2405 667.7638
272 347.1168 675.2990
273 387.1577 715.2572
274 307.7583 553.0567
275 314.3611 530.5633
276 508.0928 430.1077
277 369.6452 501.5566
278 371.9454 562.2379
279 375.1409 551.7414
280 474.7698 573.7162
281 317.1851 504.3885
282 462.0888 391.7988
283 490.1915 407.8374
284 535.1526 377.0395
285 363.3891 389.5305
286 392.7150 425.8769
287 409.2076 692.4302
288 505.6818 726.2172
289 352.2192 572.7971
290 329.5992 577.8411
291 387.2343 691.5686
292 375.2936 689.4280
293 503.6553 398.1917
294 372.3409 574.5431
295 421.2374 383.5213
296 428.1959 367.4282
297 458.6190 306.3929
298 519.4725 386.5485
299 441.6619 334.8784
300 521.3333 425.8750
301 535.1148 425.2753
302 306.5238 650.4314
303 335.9868 660.5827
304 356.2407 670.3227
305 345.4938 576.9067
306 381.2932 690.7766
307 368.1102 697.3929
308 371.7185 688.1651
309 337.4562 559.9016
310 342.1657 673.9917
311 322.5184 669.0877
312 298.3173 665.3621
313 293.8127 752.2421
314 296.9128 727.2782
315 297.6065 712.0952
316 297.2779 698.5251
317 296.0538 690.0570
318 342.5405 692.0739
319 346.2706 695.7373
320 351.5960 703.1025
321 355.8136 711.8961
322 386.6786 642.5870
323 540.1616 620.4788
324 355.5879 692.0917
325 361.8368 693.7646
326 318.9547 587.3687
327 361.9450 588.8253
328 324.0652 582.7829
329 392.2744 518.4816
330 426.3616 538.4221
331 378.0191 564.1942
332 507.4672 337.6863
333 490.8123 356.0625
334 472.6898 377.8118
335 362.1915 730.5582
336 375.1364 362.3452
337 388.8306 324.5204
338 402.9582 287.7852
339 461.1375 483.5632
340 510.3360 517.9692
341 371.6481 457.6073
342 494.5524 457.9199
343 354.6734 483.7013
344 355.6554 548.7854
345 531.6890 540.3403
346 493.9617 526.5268
347 465.4635 526.5795
348 423.7837 515.7221
349 393.7307 501.8488
350 371.2159 487.4032
351 327.6443 446.1141
352 525.1795 583.2138
353 512.5816 459.0519
354 297.5172 565.6957
355 367.7345 520.7823
356 553.8035 522.4486
357 355.1512 471.9569
358 379.7202 568.0811
359 481.3306 470.0457
360 359.0290 536.2517
361 528.3665 672.5709
362 373.4744 450.8110
363 338.0448 517.8690
364 455.0971 759.8612
365 447.8659 793.9651
366 543.6211 604.4458
367 485.8824 734.8031
368 543.1453 466.1534
369 347.1899 822.7824
370 294.4949 572.7893
371 386.5489 541.5098
372 532.0468 501.3738
373 441.7415 469.2527
374 422.5147 466.9356
375 374.0976 702.2454
376 517.1748 628.9967
377 294.7487 853.7193
378 376.2879 833.6985
379 410.2398 817.5650
380 404.5533 462.8445
381 388.4236 457.1685
382 378.3493 453.3934
383 527.7988 460.6897
384 393.0674 444.5752
385 411.9011 445.1563
386 429.6327 447.3666
387 447.6669 452.9564
388 459.8172 459.1727
389 555.3043 467.9873
390 455.0625 469.6025
391 367.7348 623.9848
392 352.6527 567.9585
393 318.1411 606.9657
394 420.5261 785.3727
395 385.8635 804.6203
396 298.8428 832.4158
397 477.5059 766.6554
398 379.7683 447.6391
399 338.7619 482.0163
400 338.9033 846.5210
401 532.2083 653.6076
402 321.4709 691.1417
403 324.8200 697.7421
404 327.7500 708.4500
405 329.3735 721.9719
406 332.2968 744.2455
407 364.2448 682.3889
408 372.6255 681.0183
409 380.7091 678.1436
410 402.3293 665.7414
411 486.8436 629.6249
412 340.7153 463.5246
413 357.7612 430.4278
414 370.7625 437.1750
415 358.3916 679.0941
416 482.5262 691.9030
417 338.9894 423.1123
418 339.5525 767.6077
419 323.7956 465.5962
420 352.6613 518.9642
421 296.3259 776.0558
422 404.0652 728.1901
423 394.1194 590.5319
424 374.6066 751.6981
425 441.2169 596.0729
426 409.9631 617.1620
427 455.7126 638.5810
428 299.2539 805.2661
429 367.5293 535.8085
430 418.6862 752.4357
431 383.5255 775.2343
432 427.2324 699.1191
433 506.7218 669.1286
434 452.7878 710.6400
435 514.3423 697.9332
436 424.1084 651.4400
437 352.6711 501.3084
438 345.9549 557.0121
439 363.3988 568.0152
440 336.2588 538.5822
441 378.3568 413.7451
442 416.3069 407.5907
443 447.4017 411.5742
444 472.3278 421.8128
445 488.3680 437.0819
446 495.3888 479.9927
447 549.9444 558.2201
448 475.5682 502.4859
449 452.5418 502.6661
450 423.4286 496.9250
451 396.1323 487.1625
452 375.3985 476.1512
453 361.3730 465.9607
454 546.6272 571.5526
455 362.3512 575.5158
456 336.3732 498.8044
457 326.7029 553.5363
458 311.1786 565.0857
459 326.3432 558.7357
460 354.6940 582.9143
461 305.9654 565.7610
462 303.5873 572.8630
463 364.7924 449.2913
464 351.4071 451.6064
465 344.2519 452.2022
466 467.3850 463.7852
467 482.0350 456.3039
