# Image: /home/yaroslav/Projects/Diia.AIContest-AdAstrum/fixtures/FLUXSynID-processed/010babc2a342/010babc2a342_f_live_0_a_d1.jpg
# Mode: stream
# Status: fail
# Errors: image_blurry_or_out_of_focus: Image is blurry (sharpness score: 17.48); strong_shadows_on_face: Strong shadows or uneven lighting detected (difference: 54.1); head_is_tilted: Head is tilted 16.7° (max: 10.0°)

# 2D Landmarks (index x y)
0 289.0534 608.7707
1 282.5358 523.9184
2 287.0544 555.9571
3 265.5672 462.3479
4 281.8614 501.4923
5 282.5406 476.4753
6 285.9695 421.9736
7 143.8890 442.1671
8 286.5897 375.5038
9 286.1260 348.9038
10 286.8806 275.0317
11 289.7257 620.0872
12 290.6045 630.6862
13 291.3874 637.1214
14 291.2696 650.9933
15 291.2021 660.4674
16 291.2443 672.9564
17 291.6108 687.0532
18 292.7967 710.6451
19 283.8894 537.7212
20 265.7063 542.1717
21 88.8017 393.7112
22 201.1265 454.5354
23 181.2462 458.2074
24 162.3658 459.0563
25 138.1330 450.9994
26 218.0913 447.1812
27 172.7917 397.5804
28 194.8410 398.0916
29 152.5782 402.6601
30 139.5773 412.7092
31 124.3873 467.6155
32 211.7603 745.1420
33 137.3345 437.5509
34 77.7130 475.5449
35 104.5873 456.9725
36 186.1309 534.9533
37 262.3883 607.3574
38 268.9854 633.0792
39 236.5831 619.9767
40 222.3471 635.0170
41 250.8247 638.2004
42 237.6491 645.4240
43 197.8526 677.0663
44 264.5006 524.7785
45 260.6087 504.0926
46 111.9179 394.7431
47 225.2666 479.7667
48 217.6274 533.2510
49 216.5117 524.0938
50 130.8514 542.0774
51 262.7374 480.5641
52 153.2611 360.9672
53 128.0322 373.7348
54 102.9862 352.1138
55 241.9014 371.6448
56 214.4675 404.9217
57 183.3360 657.8357
58 99.1329 671.8906
59 234.5923 544.5671
60 252.4141 550.4504
61 207.4902 659.7347
62 218.3251 658.0198
63 118.2506 363.9096
64 218.8261 545.9717
65 190.0728 358.7273
66 186.0547 343.4837
67 174.2320 292.6923
68 110.4032 357.6152
69 181.7340 316.7231
70 102.8579 390.9889
71 95.8712 393.4961
72 265.1259 621.2891
73 244.2428 630.4523
74 229.9304 640.2023
75 240.4751 549.3342
76 213.0507 659.2603
77 219.8306 661.1393
78 221.2183 656.1702
79 243.8549 530.7882
80 243.0063 645.4822
81 256.3740 641.1131
82 272.8531 638.3783
83 263.6404 710.1213
84 263.7969 686.0935
85 265.5362 672.0072
86 267.6952 659.0801
87 270.1743 651.3788
88 238.5553 654.3922
89 234.8719 657.5482
90 229.2062 663.8062
91 224.0615 671.6962
92 203.7854 610.8579
93 82.3254 574.3685
94 285.5787 545.8426
95 230.4718 656.0908
96 225.5551 657.7936
97 259.7142 559.8034
98 227.8251 561.0152
99 256.2242 555.3486
100 204.6333 495.1682
101 173.5892 512.2867
102 214.7873 536.4316
103 129.1189 317.4531
104 136.9394 330.8773
105 146.2747 347.6709
106 214.1243 689.3016
107 234.6078 345.5533
108 230.3145 313.3854
109 225.3170 280.4714
110 146.6771 457.3760
111 105.0261 485.1477
112 228.9202 439.7017
113 121.5692 424.5986
114 239.3776 463.3724
115 229.2200 520.0669
116 86.6528 503.6508
117 116.3994 496.0618
118 139.9859 499.0754
119 176.9053 491.4218
120 204.2338 479.9462
121 225.3985 467.2453
122 266.0518 429.2773
123 89.2553 545.1898
124 107.7205 424.4444
125 273.1536 537.7418
126 225.7300 497.1587
127 79.3520 485.3610
128 240.9858 453.3071
129 214.6185 541.0497
130 131.3191 439.3164
131 228.6577 509.1601
132 86.3731 622.0349
133 229.4321 432.6561
134 245.1301 492.1702
135 129.7072 706.9728
136 133.0162 736.8539
137 75.7465 559.8371
138 110.4246 681.6668
139 87.5062 432.6693
140 205.6738 771.0586
141 276.9862 545.6327
142 208.7618 516.2645
143 90.7227 465.2695
144 163.0303 446.8646
145 180.4549 447.0115
146 214.0175 665.4463
147 94.3023 586.4073
148 245.6638 806.4200
149 181.5628 778.5438
150 157.5357 761.1546
151 286.4155 312.2435
152 295.7565 810.7551
153 197.3962 444.3357
154 213.4934 439.3616
155 223.9174 435.7525
156 96.8625 425.8016
157 211.6222 422.0761
158 194.0203 419.0071
159 176.6763 418.7997
160 159.4138 422.9064
161 148.4958 428.7381
162 81.3567 435.3745
163 151.5810 444.7435
164 288.0162 573.6115
165 219.2805 593.8772
166 233.4408 539.2088
167 258.1342 579.0188
168 287.0554 400.9839
169 152.2596 732.2467
170 177.3244 751.3948
171 244.0681 784.7242
172 115.3951 709.9298
173 223.8970 427.7479
174 251.1597 460.9843
175 293.9641 788.9869
176 209.6419 794.2590
177 81.8470 604.7440
178 252.4253 652.1519
179 248.5397 657.9845
180 244.2105 667.5387
181 240.6342 680.1402
182 235.1337 701.1453
183 226.6129 652.3812
184 219.0123 650.6483
185 212.0120 647.6659
186 190.8800 633.0893
187 118.8397 590.6236
188 253.1040 444.8470
189 244.9289 413.4678
190 232.8786 419.0274
191 232.2531 649.7887
192 117.6962 645.5069
193 261.0705 407.2921
194 223.4140 721.9232
195 283.8172 457.3207
196 265.1392 446.4223
197 284.8482 440.0376
198 236.2738 494.5076
199 293.1173 761.7969
200 292.9085 733.5409
201 256.4625 732.1943
202 176.2720 685.9343
203 199.5707 561.1438
204 196.8979 707.0022
205 157.8358 563.0801
206 183.5715 584.7834
207 143.3352 601.3258
208 248.0861 758.6538
209 224.7479 510.3923
210 158.2616 704.6171
211 184.1017 726.1553
212 161.6669 660.1754
213 100.1844 622.7670
214 137.9963 665.9399
215 92.1304 645.8384
216 170.2822 617.3782
217 238.7930 478.9209
218 236.5073 527.5725
219 224.3416 538.8028
220 243.6265 510.2716
221 227.7207 394.3224
222 193.7484 383.2176
223 165.0468 383.1374
224 142.0734 390.2647
225 127.6344 403.9244
226 120.1026 447.9036
227 73.7836 517.0272
228 133.5940 473.8742
229 152.7438 476.6384
230 178.2315 473.6954
231 203.3300 466.3904
232 223.1997 456.9320
233 237.0265 447.9818
234 81.4142 530.3019
235 226.3504 546.9988
236 249.7265 475.7817
237 250.3038 524.1256
238 263.7571 536.7381
239 251.6994 529.5804
240 233.4759 554.9060
241 267.0632 537.2921
242 270.2316 544.9419
243 236.7164 431.8598
244 247.9123 434.7015
245 253.1572 434.9859
246 142.2117 433.3165
247 131.2053 424.4225
248 303.0392 461.0770
249 441.7488 431.4812
250 306.6105 540.3757
251 514.3019 378.2753
252 383.1183 447.2558
253 403.7547 449.4618
254 423.5415 449.2444
255 449.8464 439.9927
256 365.7688 441.4510
257 407.7101 390.9004
258 385.7844 392.6615
259 428.8415 394.5951
260 443.4896 403.4809
261 466.1176 455.6078
262 380.0469 742.5902
263 448.8942 426.8164
264 528.8658 460.8352
265 488.8183 444.2732
266 397.5010 527.0719
267 316.4435 604.4960
268 313.2062 630.7099
269 345.7266 614.5486
270 363.4909 627.5947
271 333.9095 633.8443
272 349.5783 639.4968
273 394.4885 669.5361
274 301.5392 523.2629
275 303.7945 502.4173
276 472.6951 385.4681
277 354.9791 475.0458
278 357.8822 527.7076
279 359.6916 518.6516
280 459.2666 529.9756
281 303.4017 479.2726
282 423.4940 356.0773
283 452.0217 366.6425
284 491.5272 337.3961
285 332.3496 370.1728
286 366.9359 400.3745
287 408.9692 648.5373
288 521.8994 663.0071
289 342.0787 539.8355
290 323.7687 547.5502
291 384.0972 650.9898
292 373.6613 649.8813
293 463.0239 356.4157
294 359.2484 540.4797
295 384.6133 355.2662
296 387.7236 339.8037
297 405.4598 283.2799
298 477.1598 346.0793
299 394.5149 310.2475
300 484.4477 380.6130
301 499.2601 380.4837
302 315.1131 618.6229
303 339.0921 625.5252
304 356.2864 633.4721
305 336.8396 545.0861
306 378.6853 650.8727
307 370.0802 653.7507
308 371.3117 648.4944
309 328.2357 527.0159
310 345.3827 639.9974
311 329.6553 637.0907
312 310.9835 636.2013
313 322.9110 708.6342
314 320.0870 684.3103
315 317.9641 669.9688
316 315.4303 657.1799
317 313.3012 649.5193
318 349.3270 648.8031
319 352.9328 651.9020
320 358.6539 657.9218
321 364.2755 665.8337
322 381.5825 603.2794
323 538.7763 562.0443
324 359.7510 649.7051
325 364.2179 650.8812
326 316.4953 557.5829
327 352.4510 556.1795
328 320.0235 552.7575
329 377.7129 488.6620
330 411.1613 503.2418
331 363.6739 530.6729
332 457.5358 304.6891
333 444.4988 321.8137
334 430.5899 341.9985
335 376.6151 683.9061
336 337.9089 344.0270
337 343.6005 309.4746
338 350.5716 275.0104
339 440.4473 446.4332
340 488.4497 471.7318
341 354.4311 435.0094
342 465.5870 414.2829
343 338.9652 459.8205
344 342.5007 515.4132
345 511.6450 489.4152
346 474.3708 483.0135
347 447.8023 487.5959
348 408.0171 482.8140
349 378.9790 473.3161
350 356.3954 462.4205
351 307.4350 428.0936
352 509.7221 531.1573
353 482.1841 413.1765
354 294.9379 536.8034
355 353.2928 492.5467
356 537.1051 470.8033
357 339.1958 449.7992
358 366.3856 535.2974
359 456.3028 428.4590
360 344.2655 504.8077
361 535.4088 611.1628
362 354.7575 428.1488
363 323.7438 489.3525
364 475.5713 700.2175
365 478.8239 731.8884
366 533.9552 546.5962
367 498.9210 672.9505
368 514.2667 418.3163
369 387.8440 769.3176
370 294.2643 544.8318
371 372.7311 510.0793
372 507.1039 451.6802
373 421.5204 436.8867
374 403.6172 437.9879
375 376.4783 657.8540
376 507.4244 573.6472
377 346.6806 806.1727
378 419.2855 776.9105
379 448.2444 758.0243
380 386.2486 436.5243
381 370.4016 433.0797
382 360.1495 430.6056
383 496.8831 413.3823
384 371.1849 416.7383
385 388.2141 412.6902
386 405.1937 411.3244
387 423.1350 414.0414
388 435.4224 419.0020
389 528.8175 420.1606
390 433.5408 434.2946
391 362.8247 588.0175
392 342.0816 534.4071
393 319.3213 576.3129
394 449.2258 727.2987
395 420.6336 748.5116
396 345.2432 783.9895
397 501.6617 703.0249
398 359.5986 423.2836
399 322.0269 458.6145
400 386.3257 793.4957
401 529.9669 592.7583
402 332.9936 648.3947
403 336.6108 654.0184
404 340.9406 663.6781
405 345.0775 676.2908
406 353.4702 697.7882
407 363.4806 645.0387
408 370.3431 642.7500
409 376.9961 638.9952
410 397.8171 624.0914
411 477.0437 578.5978
412 322.7808 442.5082
413 335.5379 410.9077
414 349.4365 415.2093
415 358.7827 643.1160
416 484.2552 634.9537
417 315.4883 406.0526
418 367.2780 718.9558
419 305.6684 445.0952
420 338.2019 490.7944
421 330.7762 730.8227
422 417.8888 678.8224
423 383.9882 554.1855
424 396.0578 701.9771
425 429.5959 553.2884
426 402.6447 576.4971
427 448.8184 590.9984
428 339.5315 757.5745
429 353.1037 505.6692
430 438.9633 698.2642
431 411.0109 722.0632
432 432.3126 651.0123
433 503.9575 611.0661
434 460.1361 657.0585
435 520.1584 635.3068
436 419.5378 608.0199
437 337.3868 475.3307
438 335.1785 523.3095
439 351.1532 533.6572
440 324.1673 507.1120
441 351.5029 391.4003
442 384.7602 378.6325
443 413.7626 376.6259
444 438.2535 382.2301
445 455.9613 394.6096
446 470.1452 436.2283
447 534.1089 502.9179
448 455.3604 462.1193
449 434.2730 466.1952
450 406.9765 464.9652
451 380.7185 459.5190
452 360.1145 451.7726
453 345.4054 443.9846
454 538.0224 516.8654
455 351.0019 541.8691
456 321.1433 473.2811
457 317.7128 521.3214
458 306.6297 534.7988
459 318.4919 526.6738
460 345.1968 550.5244
461 302.2228 535.8728
462 301.5877 543.7797
463 346.3585 427.9474
464 333.4883 431.8455
465 325.7218 432.6294
466 442.7715 423.0905
467 454.3947 414.3320
