# Image: /home/yaroslav/Projects/Diia.AIContest-AdAstrum/fixtures/FLUXSynID-processed/010babc2a342/010babc2a342_f_doc.jpg
# Mode: stream
# Status: fail
# Errors: strong_shadows_on_face: Strong shadows or uneven lighting detected (difference: 38.3); face_too_small_in_frame: Face occupies only 40.4% of frame (min: 50.0%)

# 2D Landmarks (index x y)
0 299.7396 610.9295
1 298.4154 540.8787
2 299.8712 563.5489
3 282.6456 479.1718
4 298.1910 520.8139
5 298.5848 495.7590
6 300.3031 437.6794
7 166.5062 440.1126
8 300.8051 393.5208
9 300.7604 368.8953
10 301.5587 290.7162
11 299.7432 620.8900
12 299.9669 628.5173
13 300.1768 631.8669
14 300.2746 637.3367
15 300.2095 645.6625
16 300.1071 656.2901
17 300.1395 668.0382
18 300.6535 687.4171
19 298.7797 551.6445
20 281.7221 551.5910
21 106.7739 381.9272
22 220.5673 454.4836
23 201.9152 456.6636
24 184.1150 456.6521
25 160.5637 447.8945
26 236.4481 449.0154
27 195.2833 408.7660
28 215.1948 409.3605
29 176.8520 412.1198
30 164.5924 419.1631
31 146.6090 461.3648
32 226.7321 717.2367
33 159.9928 435.9223
34 97.2793 458.7708
35 126.7579 449.8934
36 206.0757 532.4235
37 275.7246 608.1529
38 279.7599 628.7347
39 251.6098 615.0304
40 236.6160 623.8601
41 262.6325 630.3128
42 249.1719 632.9014
43 212.6189 654.6382
44 282.1311 540.6738
45 279.2449 521.6765
46 136.0314 399.5905
47 243.9152 483.5963
48 238.5982 539.2566
49 237.5291 529.5266
50 152.2181 532.9739
51 280.8109 498.3544
52 177.8963 375.6164
53 152.8443 384.0826
54 122.6866 347.5732
55 260.4867 388.7532
56 232.9769 414.7561
57 198.5270 636.5082
58 115.6415 633.5057
59 253.0931 549.7403
60 268.9996 555.5783
61 219.5295 637.7131
62 228.5749 636.3039
63 142.7377 372.9144
64 238.5842 548.7596
65 212.9261 375.6094
66 209.2389 360.7431
67 194.6608 301.4331
68 132.6701 359.7020
69 203.6240 330.0505
70 125.8186 393.0854
71 116.2941 388.4270
72 277.3624 620.1281
73 257.8110 624.2693
74 242.9579 628.6423
75 258.2139 553.5097
76 224.1968 637.4514
77 231.7832 640.4253
78 230.8275 635.1075
79 262.7427 541.4913
80 253.2404 632.0730
81 266.7477 631.5781
82 282.5949 631.6226
83 274.1676 686.7072
84 275.3637 666.4787
85 276.8292 654.5450
86 278.6727 643.9328
87 280.6436 637.0774
88 249.4102 636.5482
89 246.3068 639.1515
90 241.8406 644.4132
91 237.7996 651.2359
92 220.2865 601.4678
93 98.9362 542.9941
94 299.4040 556.4895
95 240.5740 636.5591
96 236.5115 637.7855
97 275.5210 564.5265
98 245.8117 561.2331
99 272.4150 560.3094
100 224.4280 495.6908
101 194.2486 509.4626
102 234.8440 538.8845
103 150.1163 319.8558
104 160.0474 339.1804
105 171.1193 361.6773
106 228.2438 666.9832
107 254.2255 364.4091
108 249.3710 329.1222
109 243.5733 293.1725
110 169.0486 454.1052
111 127.5776 475.8999
112 246.4971 443.3845
113 145.0766 425.2592
114 257.0411 470.3622
115 249.9997 530.6424
116 109.1061 490.1077
117 139.3530 488.0829
118 162.4703 493.6888
119 197.6761 489.1487
120 223.8243 480.1568
121 243.5513 470.2839
122 282.0279 443.1392
123 111.5954 528.8957
124 130.5108 423.1427
125 289.1671 550.9638
126 244.9315 501.5001
127 95.4294 461.5093
128 258.0856 459.1768
129 233.7419 541.1675
130 154.7815 437.7577
131 249.3265 518.9741
132 103.5870 587.2668
133 246.4330 436.3467
134 264.5585 506.4781
135 149.1221 674.8135
136 151.5527 697.3699
137 96.5606 536.2568
138 128.8115 649.5374
139 106.8278 421.2774
140 222.1973 737.7858
141 291.7308 555.8283
142 228.3331 516.7061
143 112.2744 455.0311
144 185.0018 444.9532
145 201.3269 445.9646
146 226.9639 644.2215
147 115.3197 566.2747
148 258.2072 766.2000
149 200.4256 739.3922
150 177.0973 722.0371
151 301.1535 330.0024
152 301.0507 770.4416
153 217.1682 444.3568
154 232.1459 440.9012
155 241.6968 438.5309
156 118.5456 421.2301
157 229.9555 425.1455
158 213.5817 421.3107
159 197.1897 420.6975
160 180.8014 423.9945
161 170.4606 428.9979
162 98.2661 417.6423
163 174.0023 442.7158
164 299.9257 578.6446
165 236.9099 589.2672
166 252.5370 546.1407
167 273.2007 581.3027
168 300.8516 416.0141
169 172.0173 699.4501
170 195.7787 718.6476
171 256.7183 751.3495
172 132.5631 670.1364
173 241.3484 431.4319
174 268.7794 473.0977
175 300.4013 755.2674
176 226.3453 754.9103
177 102.0656 577.1989
178 263.5566 636.5406
179 260.3935 641.4349
180 257.0366 649.4651
181 254.1740 660.1812
182 248.2510 678.2671
183 237.0730 634.7884
184 230.9875 633.3650
185 225.2251 630.5933
186 206.1247 617.6978
187 138.8083 574.5341
188 269.8366 455.4321
189 261.4504 422.5082
190 249.8240 426.3820
191 241.5639 632.4695
192 136.2054 621.1280
193 276.8794 419.8337
194 237.0439 697.1063
195 299.2231 475.6819
196 281.8188 461.9956
197 299.7367 457.2531
198 255.4769 503.3779
199 300.2419 733.8608
200 300.4519 708.7186
201 267.3141 707.2326
202 193.8712 662.2019
203 218.5278 557.4549
204 213.2494 682.4987
205 177.4261 555.6453
206 201.6096 576.9923
207 162.1176 587.3817
208 259.8387 730.7778
209 244.4470 515.4509
210 177.6493 677.2192
211 201.7026 698.4870
212 179.4877 638.4791
213 119.9177 598.6474
214 157.2065 641.5848
215 111.2111 615.0499
216 187.0185 603.1280
217 257.1681 487.0676
218 256.3403 538.5397
219 244.4712 545.1286
220 263.5234 524.9596
221 245.9390 406.7609
222 215.1537 397.3703
223 188.7539 396.4600
224 167.0683 400.5695
225 152.3345 409.7794
226 142.7309 443.6755
227 94.3036 496.9973
228 156.1935 468.6100
229 174.8214 472.9323
230 199.1393 471.7022
231 222.7278 466.3854
232 241.2560 459.1913
233 253.9563 452.2572
234 97.3245 502.1376
235 245.5375 550.9283
236 268.0514 489.1959
237 269.0528 538.2802
238 280.2787 548.1812
239 269.8815 541.7738
240 251.4171 557.1816
241 283.3797 549.7039
242 285.7328 554.5550
243 253.2960 437.2964
244 264.0108 441.3668
245 269.3225 443.7037
246 164.5808 432.8364
247 155.4996 426.6914
248 316.0515 478.9515
249 438.7183 437.7268
250 317.6326 551.1916
251 504.8101 379.0783
252 384.4733 452.7129
253 403.1878 454.6093
254 421.2950 454.3712
255 445.4647 445.4876
256 368.5760 447.6592
257 408.2001 407.9345
258 388.4942 408.6927
259 426.7882 410.9718
260 439.6297 417.5383
261 460.1865 458.9662
262 376.3312 717.2623
263 445.3963 433.6232
264 515.3078 456.1606
265 481.1094 447.5879
266 397.6930 530.5747
267 323.8182 607.2506
268 320.3820 627.9507
269 348.7315 613.3059
270 364.4550 621.5973
271 338.3684 628.9230
272 352.3688 631.1113
273 390.3686 652.8500
274 315.0106 540.2627
275 317.3172 521.2461
276 468.2586 399.0523
277 359.2664 482.5739
278 361.8529 537.9112
279 363.3257 528.2566
280 453.8319 530.1934
281 316.6856 498.1105
282 424.0922 376.4191
283 450.0254 384.3483
284 485.9712 344.7482
285 341.4562 389.1906
286 371.2009 414.2328
287 404.5152 634.2024
288 500.5783 633.1014
289 347.7834 548.5236
290 331.5856 554.8471
291 382.7706 635.2477
292 374.0299 634.0099
293 460.3632 373.3225
294 362.7188 547.4866
295 388.8254 376.3262
296 392.3541 361.5674
297 409.9362 299.5560
298 473.1457 358.1956
299 399.3925 329.4219
300 479.4551 392.3521
301 492.2127 386.5449
302 322.4307 619.2298
303 342.7581 622.6942
304 358.2878 626.5611
305 342.8795 552.4007
306 378.1973 634.9580
307 370.2557 638.2714
308 372.0008 632.9128
309 336.6658 540.4125
310 348.7945 630.2877
311 334.6807 630.3303
312 318.1509 630.8116
313 327.3138 686.3319
314 325.1803 665.8679
315 323.7902 653.7628
316 321.9356 643.2842
317 320.2436 636.4221
318 352.5750 634.7679
319 355.4956 637.3231
320 359.8610 642.6277
321 364.0466 649.4384
322 381.5251 599.3287
323 518.4555 541.4631
324 361.8211 634.6978
325 365.6969 635.7427
326 324.9317 563.9243
327 355.9506 560.0404
328 328.1052 559.5651
329 379.5393 494.1853
330 410.3040 507.3155
331 366.6988 537.5860
332 456.2536 317.5218
333 444.0148 338.4242
334 431.0303 362.3773
335 374.4485 665.6602
336 347.4335 365.0418
337 353.2870 328.5049
338 360.0815 291.9742
339 436.7548 451.5921
340 480.1880 473.2305
341 358.4887 442.4080
342 460.4487 423.6910
343 345.5523 469.5447
344 349.2858 529.4678
345 500.2155 487.4105
346 467.3372 485.1755
347 443.1368 491.0267
348 407.1797 487.1237
349 380.5677 478.6257
350 360.4194 469.2482
351 319.1165 442.9496
352 497.5772 526.0729
353 475.9819 421.5594
354 308.6558 550.7210
355 357.5501 500.4578
356 520.8400 459.1342
357 345.3979 458.4024
358 368.7080 539.7707
359 451.1604 435.5966
360 350.4364 517.9780
361 513.5470 586.3412
362 358.9705 435.4394
363 333.8213 505.8504
364 460.0212 674.5672
365 460.0246 698.0563
366 516.5545 534.2585
367 482.4610 648.9601
368 504.1846 418.7732
369 381.3477 738.4291
370 307.1192 555.6169
371 374.8989 515.3081
372 497.1776 452.5949
373 419.9662 442.5493
374 403.5874 443.7478
375 375.2577 642.0462
376 494.3429 564.0067
377 344.3966 766.9029
378 406.1642 740.5048
379 431.7802 722.9485
380 387.7253 442.4465
381 373.0201 439.3572
382 363.6534 437.3337
383 489.4359 419.3520
384 374.7370 424.2230
385 390.6608 420.1971
386 406.6762 419.3027
387 423.3357 422.1196
388 434.0950 426.9442
389 515.9401 415.0447
390 431.0477 440.2984
391 364.4787 587.6324
392 348.0178 544.8164
393 326.9323 580.5130
394 435.1125 699.6144
395 409.7021 719.2875
396 344.8422 751.8259
397 481.6401 670.4171
398 363.7898 430.6176
399 331.8082 472.6161
400 378.0105 755.8566
401 511.3514 575.5889
402 337.8796 635.2292
403 340.8109 640.0644
404 344.0566 648.1221
405 346.9885 658.9364
406 353.8767 677.4831
407 365.0466 632.5756
408 370.8891 630.9817
409 376.5941 628.0650
410 396.1432 615.2653
411 468.5977 572.0552
412 332.0016 455.0420
413 342.6229 422.2490
414 354.8564 425.7735
415 360.9362 630.4257
416 472.3476 619.4474
417 325.6801 419.7800
418 365.7798 696.7486
419 317.9678 461.7327
420 345.1705 502.5357
421 334.1918 707.1161
422 410.1347 661.0447
423 384.3150 555.7813
424 390.3630 681.7971
425 427.2731 553.3782
426 401.5986 575.0452
427 443.4827 585.1076
428 341.3788 730.9549
429 357.3427 514.3291
430 427.7679 676.6544
431 402.8046 698.4689
432 424.6842 636.5762
433 489.8908 596.7166
434 449.2336 640.2742
435 501.7781 613.9659
436 416.4781 600.9491
437 344.3172 486.3100
438 342.9112 537.3989
439 355.9776 543.7337
440 334.3839 524.2093
441 357.6231 406.7277
442 388.0516 397.2499
443 414.2077 395.9283
444 436.2118 399.7012
445 451.9753 408.5539
446 464.0980 441.4817
447 518.4877 494.6973
448 450.0527 466.0013
449 430.8609 470.5153
450 405.9704 469.6864
451 382.0843 464.7501
452 363.4716 458.0454
453 350.4905 451.3598
454 519.6731 500.1723
455 355.5017 549.6608
456 331.3555 488.6446
457 328.8053 537.5626
458 318.2993 547.6883
459 328.8688 541.0379
460 350.0100 556.1986
461 314.8026 549.3806
462 313.3866 554.3100
463 351.6862 436.5372
464 340.1940 440.8674
465 333.8753 443.3656
466 440.4056 430.5895
467 449.6551 424.8510
