# Image: /home/yaroslav/Projects/Diia.AIContest-AdAstrum/fixtures/FLUXSynID-processed/008905d3ab5f/008905d3ab5f_m_live_0_p_d1.jpg
# Mode: stream
# Status: fail
# Errors: face_not_looking_straight_at_camera: Head is turned 170.7° (max: 15.0°); face_not_looking_straight_at_camera: Head is tilted up/down 11.8° (max: 10.0°); head_is_tilted: Head is tilted 16.0° (max: 10.0°); hair_covers_part_of_face: Possible hair occlusion detected (score: 0.256)

# 2D Landmarks (index x y)
0 344.5417 603.7496
1 346.3303 526.6336
2 338.7744 548.4294
3 311.8654 451.3383
4 344.5028 503.4638
5 337.6910 472.0885
6 317.3279 396.0650
7 155.4118 404.0209
8 308.2068 346.0746
9 305.6621 318.0864
10 290.3072 218.1516
11 345.1098 615.1396
12 344.3605 623.2292
13 342.4968 625.7329
14 342.5095 628.2437
15 344.2107 637.4635
16 345.4787 648.8787
17 345.7186 660.9476
18 343.2523 678.7990
19 344.7378 538.0749
20 316.9073 538.9974
21 57.1059 335.8602
22 220.2636 415.2808
23 200.2986 419.9221
24 179.6439 422.5824
25 148.3287 413.5616
26 236.3336 408.0858
27 185.2360 367.5540
28 207.8542 365.7646
29 164.2838 373.2512
30 150.3027 382.0031
31 133.9253 432.2502
32 261.7543 721.1299
33 145.5302 398.9733
34 59.6663 429.3135
35 105.7530 421.1179
36 219.5327 515.2058
37 315.9430 602.8831
38 320.2944 625.6981
39 285.4439 613.7163
40 266.2686 624.7137
41 297.2517 629.3047
42 279.3732 633.3450
43 236.1640 658.4310
44 326.7254 528.3203
45 321.8737 506.3968
46 117.8137 368.2604
47 253.6175 452.3316
48 261.0398 526.9385
49 256.9124 514.0474
50 156.8864 518.3523
51 317.2923 476.9214
52 169.3292 340.5758
53 139.2074 351.2611
54 78.8987 296.2770
55 264.1026 345.5358
56 227.7530 369.7488
57 218.5014 640.8217
58 90.4636 629.4135
59 277.2490 537.8172
60 296.8072 542.8846
61 241.8702 641.3319
62 250.5393 638.8717
63 125.0355 339.1203
64 258.2621 536.9225
65 210.0534 336.9083
66 204.5950 320.1856
67 169.0000 239.5947
68 102.8572 317.1462
69 189.4907 278.7062
70 102.2773 360.2395
71 80.4490 349.3521
72 318.3889 616.6861
73 292.8424 623.8596
74 273.5614 629.5506
75 282.4185 541.4218
76 246.7445 640.5314
77 257.5218 642.3692
78 252.0789 636.9992
79 294.9041 529.7910
80 281.6557 631.2052
81 299.7990 629.3311
82 320.9519 627.4222
83 314.4398 682.7801
84 317.6226 663.4853
85 318.9572 650.4647
86 319.4681 638.5108
87 319.6963 630.5946
88 278.4217 635.0298
89 276.1134 638.3598
90 272.0890 644.8226
91 268.1452 652.4254
92 244.8633 598.9746
93 57.0387 523.3647
94 341.7376 542.2117
95 265.8562 636.4633
96 262.2704 638.7349
97 306.9855 552.2841
98 266.0799 549.8862
99 302.0806 547.8341
100 233.4546 467.8988
101 202.9636 487.1432
102 252.5411 524.3361
103 114.4498 263.6741
104 137.6328 292.9603
105 159.5714 324.6157
106 257.8411 668.6161
107 255.2005 318.7322
108 241.5754 272.2325
109 225.9040 225.6556
110 160.5705 420.8276
111 113.0146 451.4694
112 246.3802 401.5318
113 127.9820 391.9314
114 267.7854 436.3834
115 278.7878 517.4821
116 89.2993 468.9829
117 132.4418 465.3472
118 162.9180 470.3884
119 202.3659 461.1558
120 229.2450 447.6665
121 249.1407 434.7816
122 296.9076 404.0383
123 99.4259 514.5276
124 109.3220 391.9984
125 332.4532 538.6662
126 258.7029 475.5809
127 44.2722 427.3873
128 264.7519 421.5088
129 248.9887 525.1480
130 139.3452 402.0720
131 273.9823 501.7787
132 68.3211 575.2997
133 243.5167 393.4946
134 295.6282 486.9804
135 155.5435 680.7968
136 152.5796 704.1835
137 69.2616 521.2234
138 124.7783 652.0867
139 68.5687 385.6376
140 256.6711 743.8198
141 331.8944 542.4894
142 240.7942 494.5470
143 86.2003 427.4363
144 179.8996 408.1405
145 198.7081 407.1550
146 252.3569 646.9534
147 106.9481 557.8742
148 298.1049 767.7303
149 223.6213 748.2058
150 190.5371 731.1354
151 298.5072 268.0407
152 344.5256 763.8379
153 215.3106 403.4854
154 230.3216 398.2773
155 239.4605 395.4333
156 91.6640 389.4975
157 223.6126 379.6729
158 204.6775 375.3988
159 186.3214 376.3188
160 167.9772 382.2221
161 156.8355 389.5438
162 46.2308 376.7888
163 165.9148 406.7192
164 339.7990 565.4059
165 262.1208 583.9212
166 278.4780 534.4045
167 307.8357 571.9596
168 310.7713 370.3916
169 187.9436 707.6763
170 220.3721 726.8402
171 299.3712 753.1779
172 120.2305 672.3872
173 237.2259 387.8562
174 288.1879 442.2658
175 346.9660 748.4651
176 259.0904 761.3607
177 80.2659 568.6632
178 297.9081 632.6431
179 295.7773 638.7979
180 293.3329 648.1605
181 290.9853 659.7155
182 283.2366 677.7444
183 262.5003 636.5457
184 256.7653 635.9519
185 250.3862 633.2529
186 228.9030 619.2507
187 142.1865 567.3197
188 282.6245 418.8159
189 262.1910 378.5088
190 247.1069 382.1928
191 265.9385 633.0348
192 138.3110 620.7457
193 283.3079 376.2432
194 271.7003 698.4800
195 330.5580 445.6918
196 304.0574 428.6676
197 323.9973 421.4774
198 276.4608 480.1724
199 346.7383 725.9869
200 344.5932 699.8747
201 308.7092 704.7912
202 214.9449 667.1971
203 234.2780 545.2099
204 240.6215 686.2830
205 190.6327 544.9248
206 219.9583 569.7407
207 173.7812 582.9912
208 302.9186 730.9483
209 261.1918 494.0858
210 195.8854 683.6570
211 227.9075 704.1934
212 196.5520 642.5050
213 114.1558 594.9291
214 168.1242 645.0051
215 96.1281 612.3291
216 205.5000 601.6457
217 273.5609 458.5102
218 287.8029 526.9648
219 268.9416 533.8818
220 299.5092 511.1884
221 244.7940 363.4356
222 210.2905 356.8918
223 180.4277 358.4265
224 155.1215 364.6766
225 137.2638 375.4108
226 125.4093 411.6318
227 61.4365 474.9623
228 148.2932 439.8867
229 172.1811 443.6316
230 200.0020 438.9607
231 224.8598 430.1508
232 243.5777 420.6660
233 257.1185 412.3907
234 50.0020 474.8931
235 267.8086 539.6223
236 293.9738 463.5914
237 307.7392 526.9758
238 318.2991 536.2326
239 305.7580 530.3145
240 273.5646 545.7080
241 324.3099 537.9618
242 323.3699 541.9419
243 252.3516 394.7368
244 267.1079 399.6137
245 276.1872 403.1866
246 150.5781 394.9203
247 140.0416 390.8021
248 347.3680 447.1061
249 436.3798 373.6643
250 361.7916 533.2135
251 474.3025 292.6251
252 383.8518 398.4495
253 402.9500 398.3076
254 420.8456 395.9354
255 440.8429 381.5676
256 367.9549 394.7895
257 409.1927 345.0263
258 388.1168 347.7461
259 427.8209 346.6009
260 439.4162 352.3229
261 454.9305 395.5493
262 414.0187 696.9825
263 441.8111 367.3782
264 488.3624 380.0895
265 470.2772 379.3902
266 417.3518 490.3640
267 369.2162 595.9403
268 364.7981 619.6684
269 393.2398 598.6267
270 406.1734 605.0260
271 381.8239 617.4081
272 394.0801 617.3134
273 426.5147 631.1026
274 363.3683 523.7370
275 363.8998 501.1403
276 463.4762 331.2683
277 373.1219 438.2374
278 401.8123 508.8575
279 398.9137 495.8178
280 461.7700 480.2332
281 356.1993 472.0403
282 425.8171 314.5926
283 448.9925 319.0056
284 461.3096 258.0499
285 346.9487 337.2252
286 369.8504 355.5339
287 438.7568 609.9179
288 482.1049 575.0721
289 388.9179 523.2643
290 373.7502 532.8169
291 420.6840 616.2154
292 411.9853 616.1283
293 455.7588 304.8518
294 401.8239 518.1894
295 392.4093 318.5091
296 395.3070 301.0103
297 396.5565 217.9783
298 458.7536 280.6038
299 394.7883 258.6677
300 469.9249 321.1236
301 472.9030 307.8946
302 368.0510 610.0247
303 387.3233 610.4414
304 400.4182 611.7857
305 384.0272 528.0681
306 416.3693 616.7220
307 409.6389 620.8177
308 409.1534 614.7302
309 380.2811 518.7548
310 388.3662 616.3122
311 375.9362 618.8049
312 360.2548 622.2232
313 369.1746 674.7091
314 370.2611 656.0124
315 368.5761 643.5247
316 365.5695 632.3074
317 362.3181 624.8100
318 392.0296 618.9958
319 395.5579 621.5110
320 400.6808 626.7568
321 404.8918 633.0381
322 418.3502 575.4176
323 484.5481 470.1478
324 399.8214 617.6317
325 404.5765 618.6673
326 367.1906 544.2634
327 394.6466 532.8000
328 370.5253 538.8879
329 392.0551 448.9168
330 421.3778 460.6304
331 401.3139 505.0777
332 437.2464 232.1889
333 434.2246 263.3179
334 430.5286 297.1463
335 411.2257 646.0506
336 351.8870 309.4945
337 351.0028 261.6432
338 349.5148 214.1896
339 434.3973 390.5169
340 473.0807 409.2278
341 358.0791 390.2974
342 455.1659 356.6511
343 359.7046 425.6208
344 391.0232 503.2852
345 489.1290 421.1449
346 465.5599 425.9086
347 446.4252 436.5883
348 413.0077 436.4943
349 387.3373 429.5195
350 368.3850 421.2528
351 335.4192 399.6144
352 492.4266 465.5501
353 467.5900 352.4130
354 355.2653 535.7259
355 378.5262 460.9376
356 481.1915 377.8157
357 353.9000 411.5272
358 399.3463 505.6605
359 445.6858 369.3175
360 387.2162 487.6621
361 486.3789 520.7149
362 357.3566 381.9659
363 371.9883 477.5327
364 471.4451 633.5106
365 464.7990 656.0228
366 497.7430 467.6089
367 483.5627 600.5933
368 480.3989 340.4261
369 418.9700 717.1162
370 350.8711 540.1191
371 395.2290 475.3755
372 481.1475 381.8183
373 419.1823 382.7451
374 402.5922 386.1934
375 414.2915 624.0231
376 492.0896 507.9527
377 386.1943 752.8728
378 433.2189 713.5157
379 448.9894 689.2289
380 385.9787 386.4232
381 370.5661 384.3124
382 361.4379 383.2956
383 475.6523 347.0152
384 371.9710 364.2864
385 388.2404 356.3749
386 406.0329 353.3330
387 423.3473 355.2623
388 433.3806 360.3038
389 480.3226 329.9765
390 429.6164 378.2445
391 404.4887 564.5957
392 389.8848 520.0785
393 369.2312 563.6251
394 456.3697 665.6655
395 438.5929 691.3613
396 389.5084 738.3956
397 474.4831 620.5454
398 361.9913 374.8804
399 354.6966 434.3157
400 413.8038 735.2663
401 496.8478 514.1363
402 378.8962 621.4084
403 382.9162 626.7187
404 387.1960 634.8387
405 390.4440 645.5183
406 393.4179 661.4448
407 404.6285 616.5641
408 410.6971 614.2939
409 416.0168 610.0491
410 431.1087 591.3916
411 476.2136 523.7027
412 347.0128 411.3743
413 343.9352 370.0770
414 354.3115 371.2523
415 398.8306 614.4050
416 480.3972 573.4985
417 332.9760 370.9943
418 402.5565 678.0237
419 342.3095 424.1525
420 373.6125 468.1271
421 376.0942 694.2225
422 441.3177 634.1404
423 414.0425 521.8002
424 423.9018 658.4609
425 444.8778 512.2156
426 429.2457 542.1911
427 461.2095 544.7833
428 385.6949 717.8980
429 384.7117 478.5608
430 453.9447 644.8199
431 434.0889 671.8499
432 453.1929 606.2303
433 490.2356 544.4702
434 468.5053 602.1665
435 493.0741 558.0126
436 443.8460 569.6303
437 366.0407 447.3847
438 386.7474 514.4115
439 397.6719 517.3818
440 379.0917 501.1526
441 358.3570 351.7011
442 389.2339 338.7231
443 415.9835 334.9113
444 437.2044 336.0417
445 450.1556 342.9286
446 456.3089 374.8227
447 495.2039 423.0666
448 447.4951 405.5718
449 431.3476 413.7850
450 407.9618 415.6848
451 384.4913 412.6385
452 366.4375 407.4221
453 353.8462 402.0758
454 481.0560 423.7769
455 396.2903 522.9595
456 361.4908 455.2297
457 375.9177 518.2172
458 363.7697 530.2447
459 374.1485 521.4481
460 390.2870 530.3807
461 361.2164 533.1592
462 357.6035 537.5039
463 351.5945 384.7285
464 343.3661 391.7685
465 341.6000 396.1621
466 438.5074 364.2545
467 446.2264 358.6094
