# Image: /home/yaroslav/Projects/Diia.AIContest-AdAstrum/fixtures/FLUXSynID-processed/01324f2f0005/01324f2f0005_m_live_0_a_d1.jpg
# Mode: stream
# Status: fail
# Errors: image_blurry_or_out_of_focus: Image is blurry (sharpness score: 55.58); face_not_looking_straight_at_camera: Head is turned 177.2° (max: 15.0°); face_not_looking_straight_at_camera: Head is tilted up/down 10.7° (max: 10.0°); head_is_tilted: Head is tilted 16.2° (max: 10.0°)

# 2D Landmarks (index x y)
0 311.5943 657.7559
1 326.7471 593.4398
2 313.9774 605.7589
3 301.7467 512.1315
4 328.8270 572.3845
5 326.6094 539.3443
6 315.7686 450.9517
7 133.4329 426.6457
8 313.5440 388.3360
9 314.7499 357.6228
10 311.8838 241.7354
11 310.5789 667.7664
12 308.6409 674.1138
13 306.2688 675.2193
14 306.3436 677.0427
15 306.9145 686.6173
16 306.5100 697.8377
17 304.8475 708.4807
18 299.5285 721.1998
19 323.1057 601.3520
20 294.8626 595.8445
21 21.5530 315.0528
22 206.4621 447.8937
23 182.7539 450.3593
24 158.3900 449.4806
25 123.9782 432.1939
26 225.6387 442.1997
27 166.8359 391.7284
28 193.1440 393.2056
29 143.1567 394.2057
30 127.2688 400.3872
31 103.7699 446.2712
32 210.0619 747.2403
33 122.1588 418.5214
34 15.6976 414.2682
35 71.2670 424.9665
36 190.5513 549.7060
37 283.0424 654.4302
38 284.8773 673.9335
39 251.4474 659.6343
40 231.3592 665.1723
41 261.9871 673.8339
42 244.3999 673.9659
43 194.0313 686.9095
44 306.6267 592.5326
45 304.8503 572.2847
46 89.3701 373.4227
47 235.8301 491.0089
48 238.1634 574.9411
49 234.9826 560.2440
50 118.7094 540.8760
51 304.0919 541.0570
52 148.8976 357.5293
53 114.5793 361.5269
54 50.2440 283.2567
55 258.5531 382.1581
56 216.5416 400.2876
57 177.9218 669.9843
58 32.1117 607.5313
59 254.6765 586.9601
60 274.2558 594.2311
61 205.5873 673.6607
62 216.2372 672.6015
63 98.8802 343.2391
64 234.8357 581.6528
65 195.6026 362.7242
66 191.5945 343.5885
67 163.0152 246.8894
68 75.1651 313.9997
69 180.7998 296.5011
70 71.3328 358.7990
71 47.0150 339.3360
72 283.8461 666.7419
73 257.9018 669.3476
74 238.4317 670.5624
75 259.8208 590.4624
76 211.5505 673.6282
77 221.8588 677.4913
78 217.7032 670.6006
79 273.3293 585.4494
80 247.3208 671.1201
81 264.8205 672.9588
82 285.5459 674.4352
83 270.0907 720.9164
84 276.7068 707.6154
85 279.9936 696.4800
86 282.3576 685.0419
87 283.8117 677.0179
88 243.3921 674.1453
89 240.4108 677.3459
90 235.0777 683.1586
91 229.3744 689.2194
92 211.2806 637.5655
93 4.7949 494.9870
94 318.7206 602.3835
95 231.2466 672.5932
96 227.4987 674.8110
97 282.6675 604.6462
98 241.0060 593.4591
99 278.5275 599.7297
100 212.1428 502.4073
101 175.1855 517.8217
102 229.5171 567.5154
103 95.0586 259.5467
104 117.4426 298.0848
105 138.9624 337.2006
106 214.8550 700.0246
107 252.0118 352.8700
108 244.4760 299.9418
109 233.2604 241.9629
110 136.7574 443.3443
111 76.4647 460.6918
112 237.5349 437.3547
113 100.7744 402.9684
114 253.5664 478.9047
115 257.5299 571.6578
116 47.1777 470.5446
117 97.2898 481.2574
118 131.5002 493.4914
119 178.0360 490.3643
120 210.2581 480.3195
121 233.4780 470.9281
122 291.7632 455.6813
123 54.3414 519.6516
124 78.0896 395.7418
125 310.5663 600.6336
126 239.2408 517.0980
127 -1.6879 397.5353
128 252.4721 461.4570
129 225.2171 564.9647
130 114.0938 417.6434
131 254.0710 553.5512
132 12.8271 549.1962
133 234.8783 429.3366
134 279.1785 545.4734
135 99.7110 685.4495
136 92.5728 699.0728
137 19.0440 509.6848
138 68.6216 649.6140
139 30.2263 372.5660
140 200.9496 766.6432
141 308.9820 601.4324
142 217.5947 531.8974
143 47.2679 424.7306
144 161.3467 437.3370
145 183.2649 439.1560
146 215.0040 680.4458
147 58.4506 562.4125
148 239.9883 794.2185
149 164.5517 758.8519
150 130.9424 734.5794
151 314.1427 301.3945
152 288.7320 796.2326
153 202.6465 436.6073
154 220.6362 431.9767
155 230.9747 430.1595
156 56.9390 385.9557
157 212.3689 413.5516
158 189.9180 407.4638
159 168.4953 406.8861
160 147.7245 409.8165
161 135.0848 414.1303
162 5.3853 350.8335
163 145.4773 432.4917
164 312.4855 620.8995
165 231.3994 626.6203
166 256.0212 585.1539
167 279.7586 623.3939
168 312.5035 417.0151
169 132.0578 717.7580
170 164.7778 742.5729
171 243.7987 783.4868
172 60.2637 658.3152
173 227.9806 423.4230
174 276.2079 494.0297
175 293.3089 785.7471
176 200.3460 780.2534
177 26.9056 557.8952
178 262.3345 675.7282
179 259.1486 681.6654
180 255.1708 690.2911
181 250.9020 700.4281
182 239.5590 712.2051
183 228.1742 673.4522
184 221.6904 672.2934
185 214.7696 668.8354
186 192.2117 653.1220
187 96.9944 582.9249
188 272.9912 466.0794
189 255.0697 416.0860
190 238.6606 417.1078
191 232.1638 669.9018
192 87.4408 628.7296
193 279.1722 418.8582
194 223.9640 728.1959
195 322.9298 509.2587
196 296.2550 485.3619
197 319.4206 481.2989
198 258.3725 529.4275
199 296.2083 765.7900
200 297.4919 740.9770
201 261.1456 740.2537
202 168.0409 691.0184
203 205.7383 581.4723
204 192.5270 711.6153
205 154.0746 574.8110
206 185.7470 603.7128
207 131.0689 607.0083
208 251.3854 763.9089
209 240.7342 538.0269
210 143.9508 701.0545
211 175.9958 725.3459
212 151.5288 666.4637
213 62.8759 597.6583
214 118.0881 660.8477
215 40.5180 603.5516
216 166.6087 631.5688
217 257.4607 505.0467
218 266.1894 582.7210
219 245.9080 583.4538
220 280.6447 571.5331
221 235.5576 396.8504
222 195.5474 384.2448
223 161.6889 380.8389
224 133.2380 382.1100
225 112.6568 388.9482
226 96.1680 421.7790
227 14.1571 461.8100
228 119.6244 458.5947
229 145.9834 467.9002
230 178.9366 467.9182
231 208.4906 462.1090
232 230.4390 455.1955
233 246.0553 449.6427
234 0.7825 444.8466
235 244.5700 586.8495
236 279.8673 519.1588
237 287.1956 587.6458
238 296.5935 595.3381
239 284.5240 588.5258
240 249.9367 592.1924
241 302.3589 598.6434
242 300.6666 599.6260
243 244.3887 431.4818
244 258.5935 438.9326
245 267.7300 445.7118
246 127.8334 416.8937
247 115.6318 406.4681
248 340.6036 510.8143
249 449.7143 417.2035
250 339.9016 594.2398
251 509.3288 309.4293
252 385.2874 442.1829
253 406.7971 443.4501
254 427.6534 441.3105
255 452.7720 422.3877
256 368.9868 437.5080
257 426.1592 386.6048
258 401.9374 389.4413
259 446.4322 387.5281
260 457.6420 392.7775
261 466.0204 435.5374
262 367.5640 736.0873
263 456.9286 408.9819
264 506.6437 403.1957
265 486.8089 413.4926
266 406.1980 542.2731
267 337.0936 652.1943
268 328.4692 671.9600
269 359.3202 654.4636
270 369.8178 658.7739
271 344.5199 670.0613
272 355.6224 669.3971
273 387.8067 677.5874
274 344.5178 591.0149
275 349.3366 570.6685
276 491.4069 363.9720
277 367.9057 486.8549
278 383.7916 569.7628
279 382.5440 555.1768
280 457.8087 528.5442
281 345.9630 539.7118
282 456.4955 352.2264
283 479.5646 354.0842
284 503.1786 279.2021
285 362.8550 380.5979
286 379.8971 397.2637
287 404.0344 659.7966
288 459.7073 586.6542
289 367.8391 582.4903
290 350.7965 592.0545
291 381.1041 666.6746
292 372.0288 666.4579
293 490.7759 335.6338
294 381.3127 576.7564
295 419.1459 359.3768
296 425.5332 340.3089
297 438.1582 245.9960
298 497.9606 307.9745
299 430.7699 294.3113
300 501.3286 349.3695
301 506.1748 331.6027
302 333.6260 664.4124
303 351.5540 664.8644
304 363.0210 665.0425
305 361.8795 586.8123
306 376.4962 667.2285
307 369.7222 671.2832
308 369.9738 664.4593
309 361.6779 581.0307
310 349.6813 667.3189
311 337.9466 670.0169
312 323.0040 673.0675
313 325.0316 717.6812
314 329.2037 704.6281
315 329.4678 693.8023
316 327.8606 682.9351
317 325.4310 675.2074
318 353.0873 669.6278
319 356.4603 672.4333
320 361.2678 677.5166
321 365.0615 682.8954
322 389.7042 630.3480
323 481.7219 480.0230
324 360.4221 667.5489
325 364.8646 669.2800
326 342.4659 603.1757
327 371.7884 589.6674
328 346.7327 598.0406
329 385.6426 497.0374
330 416.5926 509.9082
331 382.8822 562.4515
332 482.1482 257.3194
333 475.2927 293.7918
334 465.5489 331.9331
335 370.7291 691.3544
336 373.0550 352.0325
337 378.1960 299.0351
338 383.1501 241.8131
339 444.0820 434.0388
340 483.9392 448.4753
341 359.8188 433.1950
342 474.6041 393.2094
343 356.4318 475.6353
344 375.3118 566.9975
345 498.7598 456.8896
346 472.6406 469.4661
347 449.3098 483.4122
348 411.5448 482.9882
349 384.3134 474.7875
350 365.9280 466.6498
351 335.0868 454.3611
352 493.2863 504.1120
353 490.0198 385.2655
354 334.0549 599.7185
355 368.7031 513.0954
356 498.1154 388.2154
357 352.6351 458.3024
358 380.2388 559.8854
359 461.1029 407.8963
360 373.5489 549.5402
361 474.1051 530.9524
362 360.9023 425.1274
363 360.9187 542.6956
364 438.6973 664.7988
365 428.6499 677.6289
366 497.3972 493.0095
367 457.4392 628.4596
368 506.8171 363.6546
369 370.3228 753.9578
370 327.9967 600.9435
371 383.2604 526.5810
372 498.3809 412.7400
373 428.4511 429.4097
374 408.7822 432.3714
375 374.4076 673.5834
376 484.5858 544.9849
377 332.8639 786.9432
378 385.8564 742.4400
379 406.0168 714.7884
380 389.9922 430.7934
381 373.4434 427.0521
382 364.3018 425.7541
383 500.4575 375.6623
384 379.7346 408.9535
385 399.2736 402.1822
386 420.0101 400.1480
387 439.0039 401.8941
388 449.0210 405.4963
389 507.7724 343.8652
390 441.1331 423.6102
391 377.5775 621.2413
392 370.0270 580.3866
393 342.1038 621.2090
394 416.8504 698.3481
395 394.3265 725.7370
396 337.7360 776.5767
397 444.4608 636.8226
398 367.1780 418.8527
399 349.8407 491.7115
400 362.9789 767.7921
401 487.6360 538.8646
402 341.0730 672.2209
403 344.4883 677.6669
404 347.7900 685.5732
405 349.8136 695.2498
406 350.5620 705.8863
407 364.9323 667.9773
408 371.5389 666.1359
409 377.7783 662.1126
410 399.3220 644.2797
411 464.4414 567.4749
412 345.7603 463.8849
413 350.1978 413.3663
414 360.1076 413.9117
415 359.6236 665.0397
416 458.6415 610.3911
417 338.3142 417.4272
418 358.2295 719.0086
419 338.5895 484.0058
420 363.2529 525.9730
421 329.1324 735.4768
422 405.3316 677.7289
423 394.7322 575.1124
424 383.3050 699.7909
425 433.0988 563.8290
426 408.9876 595.0527
427 444.0528 593.2046
428 336.0134 757.8378
429 371.4530 533.7674
430 417.8226 684.0086
431 392.3068 710.4481
432 422.2939 652.8789
433 475.1735 578.9702
434 440.7534 643.5010
435 475.2986 582.7578
436 419.0765 620.9531
437 359.0666 501.7990
438 369.0898 577.7709
439 378.2769 578.1606
440 364.1230 568.1833
441 370.8137 393.7419
442 408.1357 379.6997
443 438.3137 375.2914
444 460.4197 375.5766
445 472.4463 380.8693
446 471.8909 411.1373
447 504.1456 447.8795
448 455.9810 448.3209
449 436.4353 458.9253
450 409.2467 460.8476
451 383.5841 456.4257
452 365.7837 450.6721
453 353.8578 445.9587
454 487.7615 432.9951
455 375.2000 582.1314
456 353.8345 516.6851
457 357.8263 584.2787
458 343.1552 593.1403
459 355.0579 584.9291
460 367.8790 588.4847
461 340.1950 596.9701
462 334.9670 598.5117
463 354.2516 427.9698
464 345.0605 436.2370
465 342.4965 443.5295
466 453.9026 407.7889
467 463.7907 397.5217
