# Image: /home/yaroslav/Projects/Diia.AIContest-AdAstrum/fixtures/FLUXSynID-processed/0107200990d3/0107200990d3_m_live_0_e_d1.jpg
# Mode: stream
# Status: fail
# Errors: image_blurry_or_out_of_focus: Image is blurry (sharpness score: 56.93); strong_shadows_on_face: Strong shadows or uneven lighting detected (difference: 33.9); head_is_tilted: Head is tilted 15.2° (max: 10.0°)

# 2D Landmarks (index x y)
0 326.2479 523.4591
1 327.6533 440.4847
2 324.1225 471.9031
3 302.2784 384.5147
4 327.0379 419.3174
5 324.0699 396.6170
6 315.0303 347.5760
7 161.1745 368.9586
8 310.8958 306.8402
9 309.7935 283.0745
10 302.7376 216.1592
11 326.7099 535.4154
12 326.4681 546.7639
13 325.5017 553.7361
14 326.1411 564.5192
15 327.1145 574.7492
16 327.8218 588.1396
17 327.9781 602.8906
18 326.7957 627.0110
19 326.6846 453.8202
20 303.6885 459.7630
21 84.7721 328.0134
22 221.6120 377.5176
23 201.8015 381.5560
24 182.0142 383.8083
25 153.1393 377.5992
26 237.9433 370.7823
27 191.8324 327.9839
28 213.5434 327.9735
29 170.9855 332.6272
30 156.8680 342.0064
31 138.8503 394.4342
32 239.4268 666.3461
33 152.9198 365.3534
34 77.3501 405.8927
35 115.4680 385.9024
36 210.8409 456.2605
37 297.6944 522.3347
38 302.6557 549.6735
39 267.4833 536.2566
40 249.4383 551.9405
41 280.7258 555.2799
42 264.2880 562.9474
43 220.1624 597.4330
44 309.0119 441.9024
45 304.8931 422.6301
46 127.5739 326.7464
47 249.3450 402.3740
48 249.9656 453.2717
49 246.9717 444.6164
50 150.9013 464.5398
51 303.5902 401.0924
52 175.2995 295.6139
53 147.3483 307.1826
54 106.2235 288.5393
55 265.9624 304.8692
56 232.5607 333.5216
57 204.7193 577.8103
58 90.4345 597.6388
59 266.7875 463.5513
60 285.8547 468.7433
61 229.0798 578.4990
62 239.4892 576.2036
63 135.8012 298.5261
64 248.5912 465.9391
65 213.8691 293.7319
66 210.0576 280.1157
67 189.7543 233.2210
68 121.5916 293.2878
69 202.2962 255.3574
70 115.3578 323.6898
71 100.8046 327.2028
72 300.0314 536.9863
73 275.0467 547.1416
74 257.2731 557.5087
75 272.2337 468.3400
76 234.7407 577.8756
77 243.9113 579.6226
78 241.6912 574.4571
79 281.3989 449.3302
80 268.3774 563.1593
81 284.6616 558.6058
82 304.5635 555.3289
83 295.4386 627.7520
84 298.0259 602.9508
85 299.9743 588.0576
86 301.7321 573.9304
87 303.2708 565.4791
88 265.3367 570.9202
89 261.9242 574.7018
90 256.5323 581.9898
91 251.2453 590.7221
92 230.3624 529.2028
93 69.5580 502.3699
94 325.2841 462.0169
95 254.1724 573.6519
96 249.6098 575.6432
97 294.1453 477.3252
98 256.3061 480.7315
99 290.2354 473.1895
100 227.9435 417.1776
101 196.7072 434.3237
102 243.2320 456.9681
103 139.3238 256.0819
104 153.4733 268.3763
105 167.8265 283.6372
106 239.4783 609.6540
107 259.2968 281.7499
108 251.6364 251.6082
109 242.4771 221.5231
110 164.0064 383.0739
111 118.4471 411.9473
112 248.2563 364.1157
113 135.9353 353.9110
114 264.5099 387.0040
115 265.8416 439.4815
116 95.7673 431.0027
117 133.3578 421.2855
118 160.1323 423.1218
119 198.6793 414.2727
120 226.3690 402.5007
121 247.5796 390.4753
122 294.6498 354.9495
123 99.4762 470.1821
124 120.0599 355.0226
125 315.4998 454.2882
126 251.5800 418.9130
127 67.3785 416.0870
128 263.6475 377.5830
129 240.2412 461.6013
130 145.4210 366.8065
131 262.6843 429.5530
132 74.8581 548.8882
133 247.0157 358.3799
134 283.1312 412.8922
135 140.4464 631.2128
136 137.8005 662.2982
137 75.3019 487.0032
138 115.6559 605.7925
139 88.7191 364.5248
140 232.8180 693.5857
141 316.4711 462.0489
142 233.3802 437.5554
143 98.6027 394.8126
144 183.4594 371.5268
145 201.5480 370.5274
146 237.5703 584.5448
147 103.2565 510.1002
148 275.6519 726.8830
149 199.9904 703.0284
150 170.0261 686.4038
151 306.6085 249.4871
152 328.1178 727.4942
153 217.8325 367.6516
154 232.7519 363.2407
155 242.1293 360.4716
156 105.6775 356.9535
157 229.8541 351.4535
158 212.4300 350.0402
159 195.9384 350.4739
160 178.3485 353.9309
161 166.5036 358.6766
162 72.5011 368.0242
163 170.6155 370.6538
164 324.4189 489.0495
165 248.2887 512.2388
166 267.1705 458.0389
167 292.7087 495.6069
168 312.0498 329.4089
169 168.3045 656.3737
170 198.2849 675.4903
171 276.8424 704.4887
172 113.0088 635.2102
173 241.7665 354.9189
174 281.8188 384.3394
175 329.3670 706.0596
176 234.6899 717.1975
177 81.0500 530.4552
178 282.7573 567.5052
179 279.3749 574.0438
180 275.5148 584.8074
181 271.9116 598.3912
182 263.7812 620.5552
183 250.0531 570.1911
184 243.0256 568.4956
185 235.9354 565.4300
186 214.9094 551.9037
187 134.7889 512.6287
188 279.9551 369.6588
189 265.0177 341.5226
190 251.3727 346.1059
191 254.7235 567.4680
192 128.9917 568.0870
193 284.5713 336.1004
194 251.0179 642.0855
195 320.8556 379.2320
196 297.9638 370.2577
197 318.0503 363.5659
198 267.1723 415.9674
199 329.1319 678.5895
200 327.7230 649.9314
201 288.6069 650.2174
202 197.7366 607.3597
203 224.4531 481.6878
204 220.8920 628.3569
205 181.2474 484.2675
206 208.2866 504.9096
207 163.6079 522.6456
208 281.1298 677.5823
209 252.3722 431.3962
210 177.4271 627.6220
211 206.9565 648.9692
212 182.1345 581.2122
213 107.8456 546.0748
214 154.3280 588.3287
215 92.5965 570.5464
216 192.9470 537.3909
217 266.8610 401.4194
218 274.1820 446.3167
219 257.5708 458.1766
220 284.6403 429.5233
221 248.0000 324.4690
222 214.4814 314.4578
223 185.8423 314.2995
224 161.5740 321.0886
225 144.6714 334.1419
226 132.9870 376.0542
227 73.6445 445.9307
228 150.2815 399.6324
229 172.0145 401.4095
230 198.8423 397.1138
231 224.2036 389.3217
232 243.6655 380.4547
233 257.5648 372.3682
234 68.4865 459.7124
235 257.6302 466.3811
236 284.2109 397.7808
237 292.0165 442.3359
238 303.8347 454.3345
239 291.3454 447.8659
240 263.7106 474.2899
241 308.5330 454.3419
242 308.9765 461.9629
243 255.3938 357.3811
244 268.3313 360.3951
245 276.0368 360.8729
246 159.1590 362.3620
247 146.6122 352.9821
248 338.6363 382.3057
249 445.9371 352.3509
250 344.3358 457.1686
251 492.4627 307.3766
252 391.8739 368.1398
253 411.0197 369.6994
254 429.2059 369.3743
255 452.4976 360.3542
256 376.1504 363.4459
257 416.2940 316.0566
258 395.7457 318.6674
259 435.8534 318.2898
260 448.6677 326.0751
261 466.2556 375.6596
262 409.2464 654.0013
263 452.2200 348.2209
264 507.4708 381.5288
265 482.7387 365.1310
266 417.3126 443.6233
267 353.1773 518.7037
268 348.5314 546.8564
269 380.6254 528.9248
270 396.1285 542.6554
271 367.7147 549.6149
272 381.3020 555.6876
273 421.3677 584.4914
274 345.1535 439.7505
275 347.4406 420.0766
276 472.6606 308.2825
277 374.7863 395.1420
278 390.8356 444.6251
279 390.8274 435.8093
280 468.2756 445.3594
281 343.5286 398.7830
282 432.9404 282.6317
283 456.8653 290.9386
284 475.9551 270.4315
285 352.3543 300.3964
286 378.2441 326.2807
287 434.0905 563.0791
288 505.0919 570.6007
289 374.8617 457.0036
290 358.2781 464.0055
291 412.3522 567.2887
292 401.5744 566.1704
293 464.5156 281.6690
294 390.6276 457.0950
295 399.2770 284.3711
296 401.9232 270.3728
297 407.1208 223.0411
298 470.6046 275.4712
299 403.2954 245.7617
300 480.3468 304.4468
301 486.6063 307.3008
302 351.5941 533.7080
303 374.1020 540.7532
304 388.9028 549.0924
305 369.5408 462.0419
306 406.9093 567.2904
307 400.0617 569.9370
308 398.3085 564.5122
309 364.9790 444.5054
310 375.6874 556.3205
311 361.8165 553.4848
312 344.6809 552.6547
313 356.4643 623.6540
314 356.3004 599.2668
315 354.2067 584.4791
316 350.9393 570.7313
317 347.6769 562.8035
318 379.9991 563.7159
319 384.1730 567.0106
320 390.4977 573.6262
321 396.0597 581.5714
322 410.5756 517.5452
323 511.0115 475.8959
324 388.5813 565.3145
325 393.8946 566.7019
326 351.8087 473.3039
327 383.0400 472.3551
328 355.0128 468.8591
329 395.1086 407.3318
330 425.4794 420.7207
331 393.2476 447.4308
332 449.5384 241.4227
333 444.6582 254.0917
334 438.3876 270.0461
335 405.5372 598.4989
336 357.5557 276.9094
337 358.7125 246.5272
338 360.1378 216.0007
339 444.4037 366.5865
340 484.8696 390.9093
341 366.2065 357.9642
342 465.9976 335.7436
343 360.4902 381.4562
344 378.4410 432.9343
345 503.5905 407.4525
346 475.9155 401.3306
347 454.6698 405.9601
348 419.3941 401.6045
349 392.7063 393.0619
350 372.2793 383.3884
351 334.1040 352.9447
352 506.0896 445.7244
353 478.4550 335.3156
354 336.9918 453.0738
355 377.4313 411.2394
356 506.0239 391.8616
357 357.0156 372.3374
358 393.2769 451.9394
359 458.0305 349.1559
360 377.8901 422.5531
361 511.8642 521.5734
362 366.0766 351.8650
363 360.8147 408.1587
364 482.9839 607.7731
365 480.8526 637.9623
366 518.0624 460.4777
367 498.3474 580.6378
368 496.5664 342.4757
369 416.0730 679.8738
370 333.6885 460.9473
371 394.6098 427.6547
372 495.7078 372.2255
373 427.5079 357.2933
374 410.5624 358.7378
375 406.0338 574.0086
376 505.4134 485.4793
377 377.7651 719.1050
378 438.6847 685.0749
379 459.9423 664.8828
380 394.4454 358.0422
381 379.9574 355.3673
382 370.8266 353.5781
383 488.0347 336.1468
384 380.9463 343.0464
385 396.8319 339.6854
386 412.9241 337.8921
387 429.4951 339.2610
388 440.7456 342.8177
389 501.7562 345.5196
390 438.4817 355.0232
391 394.1130 502.5887
392 375.7255 451.6250
393 354.6324 491.3450
394 463.8921 635.1303
395 441.8492 657.4943
396 379.2320 697.0306
397 494.0294 609.3750
398 370.7152 348.0455
399 350.6853 380.2624
400 412.7614 703.5194
401 516.9031 503.4149
402 365.7378 562.3192
403 370.1211 568.3247
404 375.2493 578.4962
405 379.5791 591.4702
406 385.0614 612.4581
407 392.7343 561.1929
408 400.3651 558.6967
409 406.9376 554.6930
410 424.8711 538.4612
411 483.9583 491.1250
412 346.6357 365.9672
413 350.8036 337.1519
414 361.8864 340.2787
415 386.9625 559.2345
416 489.7577 544.9506
417 336.5124 333.4340
418 396.7348 631.8212
419 337.1101 367.9786
420 368.1992 409.7631
421 364.5198 644.8564
422 440.2790 591.1345
423 408.7649 469.8975
424 421.7047 614.5141
425 446.2215 468.1203
426 425.6442 491.2301
427 463.3071 503.8684
428 374.1508 670.9333
429 380.8733 423.4802
430 457.4452 608.1739
431 434.5833 632.6667
432 452.6638 563.4380
433 503.1795 521.1764
434 473.6464 567.5137
435 511.3858 543.9156
436 440.9403 521.7280
437 363.6118 395.5506
438 371.9387 440.7174
439 384.7088 450.4876
440 364.1125 424.6671
441 365.7984 318.3069
442 396.4906 304.9763
443 423.1959 301.8914
444 445.0135 306.1552
445 459.4659 317.1371
446 468.4582 356.8635
447 515.1965 420.3265
448 458.3760 381.8008
449 440.2183 385.8166
450 415.8361 384.6642
451 391.4726 380.0261
452 372.7327 373.4251
453 359.6959 366.8806
454 507.3645 434.2665
455 383.4000 458.6300
456 354.1008 393.4805
457 358.5008 438.4226
458 345.8811 451.6606
459 357.1989 444.0232
460 377.2431 467.0551
461 343.0405 452.4388
462 340.1766 460.1054
463 358.9928 351.7909
464 349.0773 356.1808
465 344.8752 357.1947
466 447.4241 345.8573
467 457.3700 335.8812
