# Image: /home/yaroslav/Projects/Diia.AIContest-AdAstrum/fixtures/FLUXSynID-processed/0107200990d3/0107200990d3_m_live_0_a_d1.jpg
# Mode: stream
# Status: fail
# Errors: image_blurry_or_out_of_focus: Image is blurry (sharpness score: 42.10); strong_shadows_on_face: Strong shadows or uneven lighting detected (difference: 40.7); face_not_looking_straight_at_camera: Head is turned 175.5째 (max: 15.0째); head_is_tilted: Head is tilted 39.9째 (max: 10.0째)

# 2D Landmarks (index x y)
0 263.7797 609.5587
1 240.6912 548.4757
2 258.4991 572.2188
3 239.8347 480.2920
4 240.4171 525.7732
5 247.3182 498.6004
6 270.9148 434.6241
7 155.9401 435.3860
8 280.1705 383.0773
9 281.3974 353.8771
10 293.3932 251.4640
11 265.4719 619.6958
12 268.9444 626.8460
13 273.0039 628.2536
14 274.8259 700.0523
15 273.1985 709.0972
16 272.6351 719.7292
17 273.2554 732.1315
18 276.3005 746.6007
19 245.1769 561.6140
20 232.3410 560.7663
21 134.4724 366.8296
22 209.0748 453.2320
23 190.1835 454.2691
24 172.3435 452.7221
25 150.8171 442.0701
26 224.3686 448.6614
27 181.1971 394.1203
28 202.8661 397.0236
29 161.4765 397.3849
30 149.7301 406.4213
31 139.7342 454.9808
32 205.1397 753.1910
33 150.7072 430.8523
34 125.4420 453.7656
35 130.7663 443.9536
36 170.7879 528.9292
37 229.0130 604.8508
38 237.7706 625.0389
39 199.0130 607.4872
40 185.1175 613.3099
41 215.4776 623.8029
42 201.9676 625.2673
43 177.8018 663.4250
44 224.2842 547.8591
45 222.6289 525.9952
46 132.3044 388.5539
47 218.3047 481.4808
48 188.1617 538.9634
49 190.8822 527.8622
50 122.3223 523.8937
51 229.8135 500.6968
52 164.7635 363.4671
53 143.8324 370.9502
54 141.5649 327.1118
55 240.0793 380.5342
56 221.4301 405.8395
57 162.9990 630.1182
58 154.4836 647.1166
59 203.7133 551.9490
60 221.5917 561.4168
61 171.7300 632.3975
62 183.7953 635.5752
63 139.3138 358.9609
64 189.5674 547.4482
65 195.4221 365.1011
66 192.8644 347.8390
67 190.9154 269.0435
68 140.2484 342.6193
69 192.8234 306.3633
70 128.6639 381.0992
71 131.1495 375.5450
72 232.0687 616.5588
73 207.0690 616.9837
74 192.7093 618.9076
75 209.3796 556.3383
76 176.7156 633.7564
77 186.6139 659.0653
78 189.9726 636.7599
79 209.7358 547.3822
80 209.2656 623.8853
81 223.4181 623.7927
82 244.2943 626.3609
83 240.2924 741.2942
84 237.5465 725.6286
85 237.9702 713.8037
86 240.9619 702.9794
87 245.5286 695.3192
88 210.2615 673.3064
89 204.6915 675.5433
90 197.6604 679.8382
91 193.5933 685.3057
92 175.1310 597.1361
93 144.6429 547.7358
94 251.1072 567.4560
95 201.7839 660.5987
96 193.0050 659.2686
97 228.5397 570.7394
98 198.1283 559.8654
99 224.8732 566.3581
100 197.3198 491.2858
101 165.3345 501.8445
102 189.3315 536.7423
103 158.1158 293.6884
104 159.6156 318.8152
105 161.1736 347.4670
106 192.4969 693.0028
107 233.8326 352.1162
108 233.8474 302.3364
109 234.2228 256.1572
110 158.0250 449.0138
111 124.8748 468.4407
112 234.0606 443.4832
113 138.9884 416.9428
114 232.3927 469.3543
115 197.3595 532.6555
116 112.7307 484.0025
117 128.3879 478.4065
118 144.2510 483.2808
119 177.1854 482.1722
120 204.1062 476.5151
121 224.4245 468.1769
122 254.0835 441.0732
123 102.7005 522.2662
124 131.2128 415.1909
125 235.3557 560.5453
126 211.5764 499.7478
127 139.8501 456.8785
128 238.3178 457.6918
129 191.3065 537.7873
130 145.8154 431.1142
131 201.1774 518.8961
132 146.6990 595.4535
133 235.3595 436.5966
134 215.8169 507.9671
135 157.9875 689.4922
136 174.8786 717.9669
137 113.5807 537.2598
138 140.6715 662.5650
139 128.1714 412.4873
140 207.6915 773.5046
141 242.5119 566.4953
142 193.8542 513.0870
143 124.3815 449.4887
144 172.9263 441.5981
145 189.7395 443.2964
146 181.8582 659.7287
147 102.7899 564.4740
148 241.4177 808.4589
149 202.0833 769.8329
150 190.2394 746.9002
151 286.2958 301.0639
152 280.6877 818.3883
153 206.2298 442.6577
154 221.4682 440.3373
155 230.9712 438.4919
156 127.1625 412.7532
157 220.2487 423.2144
158 204.3954 417.4602
159 187.3431 415.4115
160 170.3734 417.8727
161 159.9722 423.1245
162 133.8395 407.6867
163 162.4392 438.7877
164 262.1030 585.6373
165 189.1629 586.8650
166 201.5729 549.2438
167 228.0262 585.0422
168 278.3803 409.5220
169 176.4753 719.6544
170 192.5412 745.2950
171 235.0516 795.5375
172 163.7509 688.6327
173 230.4207 431.2385
174 235.2246 473.2364
175 276.1911 804.9605
176 216.8602 791.3352
177 116.6358 582.7958
178 224.7479 685.8972
179 218.9286 691.0269
180 213.9030 699.2522
181 211.1943 709.5014
182 210.7737 720.7150
183 190.3640 627.7255
184 181.9046 623.9163
185 175.6579 619.6537
186 164.7444 610.2422
187 112.6600 571.7841
188 244.2007 454.3648
189 245.8518 418.4522
190 237.1843 422.3458
191 198.6976 626.1930
192 125.9544 626.8604
193 255.9339 414.8537
194 208.8519 733.6096
195 255.7667 477.1196
196 246.5274 461.9332
197 263.2064 457.1959
198 215.4461 503.2508
199 274.6535 785.2040
200 275.7765 762.8581
201 237.5957 756.2617
202 174.3003 671.5452
203 179.7822 554.7225
204 190.5090 704.6815
205 141.6881 552.7912
206 165.4648 575.3020
207 131.8859 585.8022
208 233.6303 777.1516
209 204.7909 513.7654
210 169.6962 691.8554
211 189.1039 722.2444
212 157.3179 637.4571
213 112.6969 602.1567
214 143.9267 647.2615
215 126.8475 625.3911
216 155.0043 597.5621
217 224.3081 486.7498
218 202.2083 542.9572
219 193.0177 546.5147
220 208.7304 528.5982
221 230.7756 398.8691
222 199.9890 385.3919
223 173.0856 382.2862
224 152.5578 386.7107
225 140.9510 398.3545
226 140.1690 437.5047
227 118.1322 495.2114
228 145.2975 461.8470
229 161.6579 466.4397
230 184.8567 467.4609
231 208.3520 464.3106
232 226.7067 458.2540
233 238.5168 451.5272
234 144.1184 502.4228
235 195.8630 551.3031
236 226.7738 490.1159
237 213.1023 544.7768
238 228.3557 557.2751
239 216.2112 548.9977
240 202.3300 557.8534
241 230.1666 559.2688
242 236.3999 564.6305
243 240.8021 436.5956
244 247.8800 439.8953
245 249.2384 441.7525
246 154.2972 427.2715
247 144.3888 417.5183
248 275.7872 480.8312
249 460.1061 437.4562
250 276.3794 562.2957
251 569.0831 362.1420
252 387.8186 453.2559
253 410.6047 455.1294
254 434.0651 454.6237
255 471.6705 444.1671
256 369.4782 448.3948
257 421.2694 391.0567
258 394.9582 393.6565
259 447.5129 395.3979
260 466.3099 405.1508
261 488.2402 457.4705
262 373.2669 765.2289
263 471.2013 432.3857
264 573.3768 456.5940
265 517.2491 445.5906
266 401.6347 532.6255
267 306.7391 606.9014
268 309.9911 626.8696
269 355.3848 612.9601
270 389.6045 619.6304
271 345.7124 628.2000
272 375.2861 630.1375
273 424.8996 671.6580
274 260.7074 548.6948
275 263.7541 526.7600
276 499.2396 386.1304
277 350.3097 482.9545
278 341.8581 542.2737
279 346.5818 530.8130
280 479.9031 529.3347
281 268.9359 501.3269
282 434.9232 357.9515
283 471.7548 367.0653
284 538.2005 319.3289
285 329.9902 377.6466
286 373.9917 403.0959
287 445.5283 638.2123
288 556.1515 665.0165
289 325.3080 555.1115
290 303.1823 563.1542
291 435.6488 638.7047
292 423.5194 640.9842
293 486.6859 353.8127
294 349.1561 550.7696
295 388.1709 359.9314
296 391.8357 341.7784
297 427.2435 261.1540
298 510.1415 336.4922
299 405.3010 299.4304
300 516.3345 378.2978
301 540.9772 371.9686
302 308.7281 618.9907
303 350.0055 622.1062
304 382.3858 624.7389
305 321.0642 559.1608
306 430.0705 639.5077
307 410.7763 664.5810
308 419.0145 641.9936
309 300.3779 550.0832
310 373.0941 627.7024
311 343.4537 627.1238
312 310.9389 627.6637
313 320.1562 744.6764
314 317.7199 728.6228
315 315.4932 716.7477
316 313.6784 706.0384
317 312.3526 698.1910
318 375.3149 678.2384
319 379.6570 680.4018
320 386.1434 685.1641
321 391.2550 691.0628
322 398.7928 602.8539
323 588.3950 557.5295
324 395.4353 665.6546
325 403.4148 664.4574
326 295.2889 572.5600
327 346.5173 563.0443
328 298.7037 568.1971
329 377.3372 493.2441
330 417.7394 504.8218
331 355.9353 539.8814
332 492.2627 284.5223
333 466.9034 311.3065
334 443.7922 340.9453
335 397.3648 700.9956
336 336.5580 347.6708
337 347.5350 298.5185
338 363.0316 251.5450
339 457.2099 451.2437
340 513.2396 471.7666
341 357.6981 442.9353
342 491.2400 417.2004
343 331.4635 470.1425
344 317.1656 535.3279
345 542.5368 489.0168
346 493.2537 481.8667
347 459.4307 486.0159
348 413.3231 484.3012
349 379.7967 477.8621
350 354.9202 469.0438
351 293.8474 440.9213
352 541.6410 529.9764
353 510.2803 415.1226
354 257.5299 561.1020
355 346.3833 501.6958
356 595.5888 459.1706
357 336.0337 457.9835
358 363.8568 540.8236
359 481.5471 432.4871
360 323.0015 521.4534
361 577.7686 609.5716
362 360.3572 436.2491
363 294.8115 509.8280
364 486.7553 710.4096
365 487.8661 741.8200
366 574.8250 546.8134
367 522.8264 682.4204
368 558.5175 411.6285
369 373.0049 788.2329
370 260.6883 566.8250
371 371.2562 515.5970
372 540.4035 452.0378
373 431.9240 443.0011
374 410.6076 443.6147
375 417.3939 665.7971
376 542.9580 575.4917
377 327.7264 817.4647
378 408.0426 789.6722
379 444.3136 769.8964
380 392.1521 442.2494
381 375.5534 439.5244
382 365.0416 437.9330
383 530.7816 412.3510
384 380.3952 422.4330
385 399.9382 416.4224
386 418.4456 415.1332
387 439.0508 418.1506
388 453.6881 423.9265
389 586.9012 406.0745
390 447.9988 440.7374
391 366.0984 591.5326
392 322.1582 552.3186
393 304.1961 587.3656
394 448.0421 740.1497
395 412.2036 764.0116
396 325.9268 803.8167
397 524.0593 709.9845
398 366.3955 431.0811
399 305.4113 474.1562
400 369.6540 806.5393
401 568.8471 596.1247
402 345.4397 690.2267
403 349.7784 695.6221
404 353.9405 703.7868
405 357.2150 713.9804
406 363.9207 727.1142
407 405.4788 633.0114
408 412.4635 629.8087
409 418.6631 626.1865
410 428.2705 617.0577
411 507.0252 581.6824
412 312.0610 454.6069
413 337.8248 417.2243
414 354.7653 421.2104
415 399.8480 630.6924
416 514.2152 641.9974
417 310.9933 413.8742
418 369.8610 743.0662
419 284.6685 462.3326
420 322.3688 505.1915
421 323.3969 761.5082
422 432.5185 683.3872
423 386.1104 558.7679
424 404.7127 716.3096
425 444.5290 558.7414
426 413.8994 581.0178
427 470.8277 594.7785
428 325.3145 783.9718
429 342.9656 516.0623
430 444.5249 707.8844
431 410.1549 737.5192
432 454.1839 648.1408
433 539.0252 616.3155
434 480.1615 662.2734
435 552.9691 642.1938
436 442.5799 604.7668
437 325.3199 488.2025
438 307.5124 545.9779
439 333.1259 549.9359
440 290.0437 530.7514
441 355.0131 396.8484
442 391.6847 382.1604
443 425.8006 378.7488
444 456.4249 384.2263
445 479.3001 396.8105
446 495.9308 439.1373
447 576.0188 501.3132
448 472.9385 464.1884
449 444.8470 468.5897
450 412.8144 468.9798
451 383.8192 464.9226
452 361.8847 458.5045
453 346.4485 451.2808
454 593.6608 508.3082
455 337.2663 554.7370
456 298.3642 491.3403
457 282.1807 547.1192
458 273.2706 558.9892
459 286.6014 551.4082
460 334.4055 560.9776
461 266.3858 560.4253
462 269.6966 565.7325
463 350.0159 435.9384
464 334.3379 439.2371
465 322.3702 441.3567
466 463.2293 428.4846
467 479.2601 417.3906
