# Image: /home/yaroslav/Projects/Diia.AIContest-AdAstrum/fixtures/FLUXSynID-processed/0107200990d3/0107200990d3_m_doc.jpg
# Mode: stream
# Status: fail
# Errors: strong_shadows_on_face: Strong shadows or uneven lighting detected (difference: 65.9); face_not_looking_straight_at_camera: Head is turned 178.0째 (max: 15.0째); head_is_tilted: Head is tilted 18.1째 (max: 10.0째)

# 2D Landmarks (index x y)
0 308.9821 584.4528
1 301.3648 504.4352
2 305.1640 531.0399
3 283.9174 437.6608
4 300.0830 481.9917
5 299.8492 454.6893
6 300.4393 391.5720
7 170.0945 403.7680
8 300.0119 343.0268
9 299.1230 315.0836
10 297.0881 222.8642
11 309.9206 596.0338
12 310.9587 604.6886
13 311.7931 607.9480
14 312.5199 615.9845
15 312.8586 625.0373
16 313.4321 636.5458
17 314.3095 649.7285
18 316.0171 668.6026
19 302.4960 516.7524
20 284.6490 517.9980
21 116.7838 339.6088
22 224.4416 418.1187
23 206.1287 421.2223
24 188.6475 421.3731
25 165.1310 412.0323
26 239.8677 411.2833
27 197.0154 365.2921
28 217.1455 365.5862
29 178.4014 369.6425
30 166.3163 378.2446
31 153.7139 426.6402
32 246.7344 700.9650
33 163.7866 398.9391
34 112.7930 426.6230
35 135.7276 415.1357
36 211.3307 500.4026
37 282.2480 581.6153
38 287.3642 605.3187
39 255.6656 589.0733
40 239.4096 598.3420
41 267.6480 606.5721
42 252.4574 609.1410
43 220.3456 633.1270
44 284.6847 504.7930
45 281.1122 483.9463
46 138.8428 357.8158
47 247.3959 446.1039
48 238.3852 505.4819
49 237.5013 494.9795
50 160.4055 502.3286
51 281.9815 458.3338
52 177.9476 329.4634
53 153.7149 339.4736
54 128.4311 299.0672
55 259.9438 340.9180
56 235.1599 371.5593
57 204.5507 612.0606
58 145.8544 616.9760
59 253.2478 516.4468
60 270.7625 523.2316
61 220.6216 612.7061
62 229.4505 612.0708
63 144.2363 327.2184
64 238.2933 516.0843
65 212.4075 328.4623
66 208.4614 311.2273
67 193.1830 240.8668
68 136.5381 312.3248
69 202.5569 274.0386
70 129.9945 350.8712
71 123.6234 346.2539
72 284.3863 595.3559
73 262.4200 599.5931
74 245.9575 603.8313
75 258.6600 520.8094
76 224.8961 612.6145
77 234.6152 618.0075
78 232.4066 611.3927
79 263.8584 506.5509
80 256.6620 607.8893
81 272.2485 607.7517
82 290.6355 607.9358
83 287.9803 669.7565
84 286.8359 649.2445
85 287.2488 635.5349
86 288.3847 623.6242
87 290.0348 616.0596
88 254.2165 615.0050
89 251.1793 617.7032
90 246.8266 623.7026
91 243.5529 631.2779
92 224.8939 574.4496
93 123.4710 520.8016
94 303.6549 522.7617
95 244.3197 614.1739
96 239.4696 615.2768
97 278.4206 533.0018
98 246.5554 529.5766
99 274.6842 528.3314
100 228.3693 459.9999
101 200.1274 475.5325
102 235.0687 505.4865
103 152.0710 265.3339
104 161.1892 287.3452
105 171.2548 313.3893
106 238.8812 647.1465
107 252.7000 313.2183
108 246.8279 269.8680
109 240.2360 228.2172
110 173.6901 418.8376
111 137.5407 442.7450
112 249.6046 404.5542
113 149.2387 386.6517
114 260.0559 430.8870
115 250.4408 495.0276
116 122.1657 459.3491
117 148.3790 454.8401
118 170.1039 459.4168
119 203.4517 454.0235
120 228.2506 443.8935
121 247.2336 432.2548
122 283.0465 398.9383
123 125.0784 500.8678
124 136.4031 385.0563
125 292.6792 516.4061
126 247.4813 464.9819
127 113.9707 430.5671
128 261.1156 419.2179
129 234.5448 508.0809
130 158.8397 400.8441
131 249.6521 482.5595
132 131.1302 568.2375
133 249.4137 396.9479
134 265.7322 468.1762
135 176.0382 656.8801
136 183.9471 681.7008
137 116.3136 511.8193
138 155.1769 631.4505
139 118.1858 384.0264
140 245.9892 721.1984
141 295.5787 522.4417
142 231.5011 482.2472
143 123.8124 421.4642
144 188.4017 409.2385
145 204.8504 409.7934
146 230.1309 622.1933
147 130.8699 541.8273
148 282.0331 747.7167
149 229.3138 723.8191
150 208.4340 706.5923
151 298.0002 268.1249
152 321.0014 749.8685
153 220.8155 407.4065
154 235.5265 402.8494
155 244.7364 399.6743
156 126.5289 383.3255
157 232.8255 384.0800
158 216.6156 379.7957
159 200.3766 379.3659
160 183.9822 383.5162
161 173.7300 389.8000
162 112.6452 380.8476
163 177.3580 406.8477
164 306.7962 548.6065
165 240.4337 560.9393
166 252.6884 512.4467
167 278.0026 552.2152
168 300.6507 368.1049
169 198.7804 682.6874
170 221.7548 701.9315
171 278.5072 734.0647
172 164.2144 654.3663
173 244.1773 391.3564
174 270.7169 432.3856
175 319.3103 735.0975
176 252.8708 738.1082
177 124.8629 556.0061
178 270.4430 615.4692
179 267.5006 621.0778
180 264.5704 630.2459
181 262.6978 642.1517
182 260.1525 660.3073
183 238.3705 610.6946
184 232.1726 608.6319
185 226.6067 605.3332
186 210.9768 591.9706
187 150.3974 549.1101
188 271.9328 413.5015
189 262.8636 379.2273
190 251.9769 384.6097
191 243.5647 608.2879
192 154.4801 600.1841
193 277.4680 374.3075
194 253.4163 679.7867
195 300.1501 432.8604
196 283.0362 419.1920
197 300.3221 413.0291
198 257.0860 465.9893
199 317.9643 714.2734
200 316.8248 689.4350
201 283.6245 690.3975
202 208.5409 641.9676
203 222.0389 526.8412
204 229.4359 663.8140
205 184.6471 526.7809
206 207.8425 549.0574
207 171.7818 562.0009
208 278.8411 714.6127
209 245.7005 479.6345
210 198.2970 658.6397
211 222.7879 680.5892
212 191.5106 615.7621
213 138.4995 577.0425
214 174.4873 620.6285
215 136.6152 596.1976
216 194.7946 577.2304
217 259.5380 448.5253
218 257.1088 503.4757
219 244.4496 511.6522
220 264.7635 488.0995
221 246.9420 362.2362
222 215.7650 352.4856
223 189.2911 351.9702
224 167.9790 357.0939
225 154.0927 368.4001
226 149.1935 407.6700
227 111.9920 468.9967
228 162.9284 434.0745
229 181.1371 437.9291
230 204.3458 436.3466
231 226.9885 430.0755
232 244.9503 421.3678
233 257.1195 412.8531
234 118.8712 475.7644
235 245.4160 518.1595
236 269.7114 449.5378
237 271.0552 502.6542
238 283.3744 513.7970
239 271.8283 506.7385
240 251.8282 525.1453
241 286.8158 515.4258
242 289.2837 521.1912
243 255.9651 397.2304
244 266.4569 400.1305
245 271.4178 401.5164
246 168.1019 394.5988
247 158.3802 387.8282
248 317.5338 436.1078
249 443.0268 390.5786
250 323.2142 516.0633
251 503.0851 319.6849
252 388.2926 410.0682
253 407.5390 411.3462
254 425.8329 409.7565
255 449.7736 398.2424
256 371.6862 404.9084
257 410.9013 355.2817
258 390.5038 357.4869
259 430.5238 357.9076
260 444.0248 365.1407
261 463.8633 411.5393
262 392.2170 695.7349
263 449.4812 385.2354
264 514.7677 406.6527
265 483.1156 398.1271
266 406.5617 491.1296
267 336.6069 578.9206
268 336.0021 602.9211
269 366.6938 583.9344
270 386.7009 590.9633
271 358.0131 602.1679
272 375.5013 602.8131
273 413.6698 623.8993
274 318.3625 503.0093
275 320.0980 481.9107
276 471.1379 342.4719
277 363.9454 440.5358
278 371.7627 499.2329
279 373.0243 488.5688
280 462.3511 487.7632
281 318.6180 456.6011
282 425.3505 318.5100
283 452.2709 326.0964
284 484.4020 280.4106
285 341.3459 337.4302
286 373.0829 365.0861
287 427.8317 601.2866
288 503.7472 602.7998
289 357.9442 511.5431
290 340.4755 519.9244
291 411.1917 602.9898
292 402.3322 603.1113
293 461.9884 312.8200
294 374.3595 509.8622
295 389.0811 320.5801
296 391.8457 302.9192
297 406.1344 229.6217
298 472.7344 295.5179
299 396.8629 264.4383
300 481.3763 334.3005
301 492.1215 327.8497
302 336.8145 592.8784
303 361.6631 594.8497
304 380.9884 597.0648
305 353.2461 516.4010
306 406.7817 603.1221
307 396.5086 609.5743
308 399.4812 602.6448
309 343.3740 502.5879
310 372.0322 601.8065
311 354.4399 603.5347
312 334.2949 605.6395
313 345.1013 667.1740
314 342.7381 646.2825
315 340.5785 632.8233
316 338.2515 621.1123
317 336.1154 613.6756
318 375.4688 608.3810
319 378.5879 610.8079
320 383.4233 616.4403
321 387.6776 623.8102
322 398.9777 566.1907
323 519.0284 502.8171
324 386.7841 606.6792
325 391.4552 607.2647
326 333.5705 530.4068
327 368.4562 524.1180
328 336.7158 525.3620
329 385.7784 452.4223
330 417.2713 464.9183
331 377.7631 498.9273
332 453.4842 249.3848
333 442.6425 273.4474
334 431.2869 301.6462
335 395.3743 639.8486
336 346.4375 308.9233
337 350.3300 264.6925
338 355.7204 222.1061
339 441.2864 405.7666
340 483.0543 425.7627
341 361.0530 399.2101
342 463.8681 371.8929
343 348.8697 426.5867
344 356.3910 489.8979
345 502.5920 440.9518
346 471.4143 438.8623
347 448.2001 445.6605
348 412.5971 443.6861
349 385.5865 436.2337
350 364.3877 426.7043
351 319.8751 397.1165
352 502.6809 482.9661
353 478.1644 368.5715
354 312.5584 515.3776
355 363.9623 459.5074
356 519.3950 410.3713
357 348.2629 415.1280
358 379.9996 501.2918
359 455.2422 386.7837
360 357.4450 477.4673
361 515.0957 551.9031
362 361.1293 391.7564
363 337.7813 464.7231
364 468.6041 646.2988
365 466.1697 672.5858
366 518.6196 493.3973
367 489.3464 618.6057
368 503.4932 364.4482
369 395.6644 716.4983
370 311.7081 521.4354
371 383.0921 475.1134
372 498.0180 402.9930
373 424.4442 397.6874
374 407.6376 399.7964
375 401.7260 613.3177
376 501.7168 525.1404
377 360.7445 745.4554
378 417.5719 718.4998
379 440.4708 699.8277
380 391.1516 398.9950
381 375.8228 395.9109
382 366.1429 393.8191
383 490.4732 365.4879
384 377.1385 377.4372
385 393.3643 371.6398
386 409.5385 369.6558
387 426.5691 372.2068
388 437.7679 377.3262
389 513.7606 360.4995
390 435.5382 394.2865
391 379.3616 554.5560
392 357.3530 507.3530
393 337.2282 549.4284
394 445.4620 674.3492
395 421.8108 695.7038
396 361.3192 731.5072
397 486.4547 642.8064
398 365.9210 385.7345
399 334.4816 429.3239
400 391.7196 734.2417
401 514.6924 539.1530
402 357.3533 610.8198
403 360.7665 616.0587
404 364.4676 624.8047
405 367.6686 636.5672
406 373.6040 654.9939
407 391.9019 602.6337
408 397.6176 600.0509
409 402.9710 596.3713
410 417.1065 581.9040
411 479.3151 534.0430
412 333.7822 410.5877
413 344.1006 375.6079
414 356.6511 379.8407
415 386.9663 600.7485
416 483.0805 586.3672
417 326.1813 372.1502
418 383.0753 674.6906
419 319.1102 417.4551
420 350.8033 461.5105
421 351.4494 687.7702
422 427.3616 632.6093
423 396.4059 518.7449
424 407.4770 656.6832
425 438.0533 514.7302
426 414.9399 539.3148
427 456.6320 548.8745
428 358.2739 711.7131
429 365.1521 474.0677
430 441.1044 649.2364
431 417.0115 673.7004
432 442.2027 604.3933
433 498.3053 561.5207
434 462.5518 608.5290
435 506.4134 581.0268
436 433.1439 565.8955
437 348.7046 444.3652
438 349.7731 498.8794
439 365.8932 505.9051
440 338.8078 484.4848
441 358.8044 357.3153
442 389.4469 344.5816
443 416.4081 341.3971
444 439.4071 344.6105
445 455.7491 354.4680
446 467.1529 392.3659
447 519.2353 449.6264
448 454.2724 419.7778
449 435.2276 425.3078
450 410.5582 426.2257
451 386.3612 422.2299
452 367.0195 415.5072
453 353.3481 408.2459
454 519.3865 456.7025
455 366.4685 512.5996
456 334.3905 446.4774
457 333.3067 499.4430
458 322.9398 511.8017
459 334.0928 503.5394
460 361.5694 520.1910
461 318.9743 513.6967
462 318.4540 519.7339
463 353.8484 392.6566
464 342.2764 396.6771
465 335.7765 398.6260
466 444.3292 381.4728
467 453.8523 373.8292
