# Image: /home/yaroslav/Projects/Diia.AIContest-AdAstrum/fixtures/FLUXSynID-processed/00000bb0d1b9/00000bb0d1b9_f_live_0_a_d1.jpg
# Mode: stream
# Status: fail
# Errors: image_blurry_or_out_of_focus: Image is blurry (sharpness score: 28.16); strong_shadows_on_face: Strong shadows or uneven lighting detected (difference: 41.8); face_not_looking_straight_at_camera: Head is turned 171.3° (max: 15.0°); face_not_looking_straight_at_camera: Head is tilted up/down 17.7° (max: 10.0°); head_is_tilted: Head is tilted 28.2° (max: 10.0°)

# 2D Landmarks (index x y)
0 357.4749 653.5698
1 398.1860 580.7355
2 364.3931 603.8425
3 354.3342 499.3933
4 399.5545 554.9299
5 388.7220 522.0623
6 351.8178 442.4493
7 139.9950 440.2965
8 339.3898 388.9035
9 339.9176 358.0384
10 321.0292 238.5835
11 354.5581 664.8588
12 349.4563 672.4444
13 343.3852 674.0690
14 340.0756 739.6936
15 342.7842 751.0710
16 343.6949 763.7720
17 342.1342 777.4244
18 335.3389 792.6688
19 389.4981 594.1178
20 350.9012 593.4767
21 -25.4594 344.5704
22 219.7124 457.0115
23 194.9068 459.5888
24 167.9453 459.3135
25 123.4231 448.5214
26 240.0285 450.6011
27 184.2840 397.8503
28 212.4443 397.9224
29 155.4345 402.6635
30 134.1822 411.4741
31 99.3312 463.9058
32 229.4656 816.7461
33 125.6008 435.6109
34 -27.5882 454.1813
35 58.6296 449.8661
36 210.5733 557.1786
37 317.8527 650.2936
38 312.4670 672.4252
39 269.1113 656.4915
40 232.5128 664.1600
41 276.6507 673.6735
42 245.7320 675.3324
43 182.6683 717.1799
44 376.2189 580.9522
45 374.2954 555.7949
46 90.8844 392.8082
47 262.4440 496.0738
48 283.0368 571.5196
49 276.3838 556.9727
50 119.9422 554.4125
51 365.7112 525.1163
52 174.0503 366.6681
53 128.3516 375.2664
54 23.4509 300.4964
55 290.5447 384.3533
56 235.1547 404.7034
57 162.6847 683.4657
58 -27.2493 695.4087
59 299.1059 585.8744
60 320.8842 593.4375
61 179.4337 683.8539
62 191.4911 684.7477
63 107.9307 359.5550
64 273.2766 580.2532
65 228.3885 368.1044
66 224.2609 348.0556
67 169.9687 244.9025
68 69.2545 329.6147
69 202.6958 294.2122
70 65.3871 381.7494
71 22.3247 364.7190
72 315.3383 663.8065
73 274.4065 667.1905
74 239.9053 670.0434
75 302.8921 589.7923
76 185.5389 684.4405
77 204.2259 706.8394
78 195.1144 685.0027
79 329.1587 581.5645
80 245.7399 672.6990
81 276.4089 672.6758
82 308.8011 673.2578
83 292.0426 791.0063
84 298.3456 773.7703
85 302.3106 760.4567
86 304.1135 747.3722
87 304.5512 737.5181
88 239.8453 718.1823
89 236.1037 721.0150
90 229.5448 726.8503
91 223.3872 733.4674
92 219.9543 641.5262
93 -66.1425 566.3393
94 377.8818 599.1643
95 218.4042 706.0879
96 211.6409 705.8262
97 328.8359 604.1291
98 274.8235 593.8772
99 325.5993 599.2285
100 233.5126 509.2491
101 190.4635 524.9488
102 264.6444 566.8419
103 87.6350 266.3310
104 127.6819 305.0071
105 162.4785 346.9585
106 212.2765 746.5062
107 284.9840 352.6570
108 267.6254 292.7945
109 244.8824 236.7384
110 141.1019 456.1053
111 66.5678 480.5968
112 253.4465 444.2560
113 98.4905 421.7110
114 283.6445 481.1755
115 312.2631 564.3841
116 25.6897 498.6148
117 95.2667 495.2997
118 138.2488 502.2560
119 191.7845 498.5701
120 228.2005 489.1195
121 255.4841 478.2116
122 327.0524 449.3029
123 32.1243 549.0327
124 70.8593 419.1202
125 375.5912 593.8242
126 270.2852 519.8132
127 -71.6273 451.5283
128 276.7506 465.4869
129 253.5897 567.1157
130 111.4332 435.9396
131 303.8302 546.8776
132 -55.1892 628.4263
133 249.7301 436.5584
134 336.0899 534.0027
135 82.1478 756.5889
136 66.4080 789.8272
137 -27.9472 560.8619
138 36.1606 721.9759
139 -6.4364 405.1097
140 223.6745 844.0752
141 367.4930 598.2279
142 242.8321 536.4569
143 25.0185 454.9044
144 173.4573 445.5808
145 196.9117 446.3369
146 196.6327 708.7706
147 30.7526 601.0894
148 271.1982 877.2523
149 170.8821 846.6487
150 123.2711 823.4880
151 332.5436 296.0762
152 324.8732 876.4278
153 216.3720 444.2135
154 233.9735 440.0732
155 244.8004 437.9966
156 40.2883 413.7627
157 228.5469 424.1327
158 206.9196 420.1823
159 186.5492 420.5849
160 163.7834 424.6060
161 147.3327 429.4668
162 -55.6457 391.7801
163 154.8275 443.2752
164 359.4216 620.3231
165 255.2283 627.9754
166 303.9790 583.4293
167 319.5467 622.5522
168 340.0715 414.5980
169 129.0691 790.6353
170 173.7779 818.0990
171 279.3245 859.9866
172 16.8396 750.4115
173 243.5899 431.4860
174 317.5299 488.6979
175 334.2256 859.6122
176 220.7545 865.9269
177 -21.8789 618.4030
178 271.1724 729.9517
179 267.5808 736.5903
180 263.2112 746.3314
181 258.7718 758.0555
182 247.4307 772.8219
183 212.9635 677.8669
184 206.4242 675.1161
185 199.4467 671.1023
186 186.1635 659.3792
187 84.4477 612.0078
188 305.9107 463.8835
189 275.3960 419.0311
190 256.1815 421.5028
191 216.8935 674.9253
192 64.1544 678.6567
193 305.4435 418.1814
194 236.9911 791.4080
195 375.6238 495.2688
196 340.8650 475.5991
197 363.7928 470.1861
198 300.6030 525.8910
199 337.4787 835.8129
200 336.1633 810.1404
201 287.7366 809.6694
202 165.9608 729.8247
203 228.3694 587.6732
204 196.9201 764.1292
205 164.5355 588.0955
206 198.9088 613.8292
207 131.2398 629.3027
208 284.2227 835.5906
209 276.3756 538.1697
210 143.6221 755.8939
211 184.4210 788.1934
212 145.2703 692.8180
213 31.3466 647.1975
214 107.7327 705.1006
215 -3.4782 672.8650
216 166.3075 643.6430
217 294.0938 504.1305
218 322.5159 577.2870
219 292.5822 580.6520
220 343.7438 559.9054
221 259.0297 400.2533
222 219.9234 388.3334
223 182.2711 386.6031
224 146.9177 391.4184
225 117.6477 402.9343
226 89.4720 443.0418
227 -30.3651 506.9301
228 120.1693 472.7341
229 153.5230 478.0460
230 190.7818 477.4602
231 223.3733 471.8487
232 247.6670 463.5662
233 264.9938 455.7534
234 -71.4015 508.5002
235 286.6450 585.3891
236 328.5509 510.5991
237 351.6261 579.1387
238 356.8540 591.1051
239 344.3557 583.4832
240 288.7486 591.5813
241 365.5590 592.8241
242 357.9715 597.1775
243 261.7216 436.8129
244 278.3211 442.6070
245 292.4086 446.6996
246 136.1323 433.1192
247 116.3134 422.0355
248 390.9776 498.5393
249 450.5815 431.6666
250 396.1047 591.1510
251 462.5728 353.2052
252 397.9694 453.0593
253 417.9641 454.3482
254 435.9439 453.3784
255 452.8281 440.1467
256 382.5930 447.6139
257 429.4163 395.4850
258 407.0273 397.8540
259 448.3395 398.2796
260 457.9501 405.9020
261 463.8499 457.3089
262 400.7940 799.2928
263 454.2238 426.5462
264 463.0749 448.3901
265 469.0184 442.5579
266 439.1094 552.9725
267 386.5889 648.7079
268 373.4233 670.8448
269 407.9917 652.0782
270 415.0272 660.1928
271 389.0467 670.5256
272 397.1390 672.9915
273 417.6865 709.6555
274 413.9620 579.2520
275 416.2575 554.5660
276 479.0521 386.4100
277 395.0558 493.8948
278 431.1924 567.3030
279 426.3741 553.7414
280 481.3044 546.4900
281 405.0935 524.1417
282 452.9129 363.6938
283 471.7467 370.3641
284 461.9947 312.0575
285 377.4384 384.2177
286 387.4684 405.2087
287 430.8882 676.5388
288 423.5768 665.6699
289 415.4876 581.9242
290 399.5287 591.6830
291 417.1399 681.9282
292 405.8390 683.6099
293 475.7884 355.8206
294 425.7152 577.2394
295 422.4699 366.9352
296 426.7649 347.6710
297 421.6566 255.8621
298 470.0057 333.4260
299 424.9050 299.1308
300 480.9690 377.3599
301 473.6044 366.7785
302 381.4194 662.0797
303 398.7612 663.1114
304 407.0272 666.5331
305 408.7487 586.4855
306 412.3277 683.0432
307 407.3747 704.1751
308 400.3723 682.9608
309 418.5237 576.4743
310 388.3522 671.4218
311 379.8501 670.9199
312 364.8174 672.6070
313 368.3292 786.7557
314 374.2228 770.4674
315 373.7357 757.2269
316 370.0259 744.7008
317 364.3822 735.1678
318 388.8950 714.8169
319 394.7266 717.6864
320 401.8638 722.8184
321 406.1137 728.8336
322 429.6772 636.7555
323 428.5478 549.9529
324 393.3899 703.5926
325 401.4457 703.5905
326 391.6282 602.3103
327 414.3798 591.6981
328 396.0768 597.5293
329 413.3998 506.2893
330 444.0253 521.1203
331 424.6772 563.9412
332 449.9613 279.0239
333 454.4971 309.9494
334 457.1452 345.2613
335 407.0173 737.6969
336 386.4736 354.0700
337 385.4620 296.3434
338 380.6098 243.6481
339 448.0228 448.5466
340 475.8127 473.6565
341 373.2738 441.7960
342 467.2703 414.0850
343 383.7951 479.3196
344 429.3842 560.3324
345 483.7268 489.5476
346 476.2998 489.1049
347 463.6099 497.3657
348 431.8982 494.9075
349 405.5014 485.9550
350 386.8101 475.7243
351 367.8879 448.6979
352 493.3914 536.8544
353 473.8291 412.4527
354 399.1936 592.6751
355 402.8235 517.4647
356 438.0682 448.5864
357 374.4010 463.7939
358 418.6146 564.6969
359 457.4944 427.3388
360 421.9713 543.5333
361 428.9536 605.1316
362 371.2272 433.3903
363 414.8720 531.6082
364 436.1357 725.2463
365 416.3112 753.8442
366 472.1793 545.2599
367 448.0344 690.9471
368 468.0948 404.7593
369 399.7990 822.7927
370 386.6952 597.8429
371 416.8108 533.7704
372 471.3156 447.2666
373 436.1094 438.9070
374 419.3291 441.1309
375 411.3740 705.4100
376 489.4408 584.3053
377 366.8753 864.2204
378 401.0611 817.9638
379 408.1460 789.7789
380 401.4041 440.1106
381 385.5277 436.9149
382 375.9150 434.9846
383 474.8958 408.8582
384 386.5303 420.9242
385 403.0620 416.5273
386 421.5315 414.7084
387 438.6725 416.5643
388 447.7532 421.0740
389 454.2443 395.8717
390 445.5063 435.3077
391 420.1657 624.1898
392 419.9416 578.6858
393 390.0756 620.3053
394 423.2777 760.5780
395 410.8516 790.8028
396 376.1527 847.8602
397 419.5080 716.1779
398 376.4330 427.9367
399 388.3623 487.1615
400 389.9835 843.7752
401 467.8034 596.8663
402 379.9570 726.4526
403 386.2184 732.7175
404 392.0195 742.0414
405 395.2471 753.1321
406 393.1746 765.4959
407 402.6846 675.7865
408 411.2374 672.6466
409 417.6177 668.1631
410 433.7105 654.0042
411 483.5376 597.7345
412 375.1192 462.6979
413 363.7506 417.7787
414 370.6796 420.2251
415 394.1344 673.4601
416 465.6319 656.0720
417 359.1843 417.7467
418 394.3105 778.5486
419 380.2290 474.9344
420 405.5410 523.2774
421 371.0505 802.5179
422 425.2605 714.7761
423 428.8178 584.1015
424 410.2627 748.9469
425 463.6641 580.1905
426 440.9203 607.8465
427 467.7715 617.0289
428 377.4869 825.5944
429 410.5337 535.4428
430 430.5591 732.6990
431 412.9480 766.3370
432 440.8873 679.3201
433 477.6271 625.4914
434 451.8644 683.8080
435 458.6446 645.4711
436 446.1708 636.0178
437 394.4535 502.0906
438 425.8523 571.9854
439 427.4227 576.0107
440 425.3088 556.3428
441 380.5202 398.9861
442 413.1134 386.1684
443 440.5329 383.6353
444 460.3401 387.5235
445 469.2296 397.0957
446 462.6640 435.1523
447 468.9754 496.3139
448 460.2269 466.3877
449 446.4427 473.1493
450 423.5025 473.2880
451 399.6516 468.2538
452 381.7954 460.8824
453 370.7834 453.7607
454 428.9906 498.8291
455 421.6172 581.6290
456 400.2048 508.6431
457 422.1217 574.8187
458 403.8996 587.8282
459 415.7091 578.6553
460 413.2224 589.2083
461 403.5564 590.7286
462 392.3833 595.5242
463 366.6347 434.6987
464 361.8240 441.2901
465 364.1970 445.9916
466 452.0380 424.1720
467 461.2436 414.5579
