# Image: /home/yaroslav/Projects/Diia.AIContest-AdAstrum/fixtures/FLUXSynID-processed/0100cf80761b/0100cf80761b_f_live_0_a_d1.jpg
# Mode: stream
# Status: fail
# Errors: image_blurry_or_out_of_focus: Image is blurry (sharpness score: 34.30); strong_shadows_on_face: Strong shadows or uneven lighting detected (difference: 48.3); face_not_looking_straight_at_camera: Head is turned 179.8째 (max: 15.0째); head_is_tilted: Head is tilted 15.8째 (max: 10.0째)

# 2D Landmarks (index x y)
0 302.4898 652.2024
1 302.9737 576.5738
2 302.1733 599.7379
3 284.3305 497.7082
4 303.0461 552.3676
5 302.7071 520.4317
6 301.8313 443.3496
7 145.9100 435.1235
8 301.6054 383.3642
9 301.9010 350.9806
10 302.5480 241.3393
11 302.3898 663.4206
12 302.2460 671.0348
13 301.9813 673.5185
14 302.6127 678.0595
15 302.7966 687.0820
16 302.8611 698.3160
17 302.6431 710.2702
18 301.6898 728.7972
19 302.6529 588.6404
20 284.0348 586.3429
21 66.8323 345.5475
22 208.0183 458.0432
23 186.3903 459.5006
24 165.9376 457.7398
25 138.5258 443.7057
26 226.3326 452.0821
27 180.6827 398.5005
28 203.2869 400.5352
29 159.4491 401.3396
30 144.8425 408.7809
31 121.1023 458.8636
32 223.8747 761.8155
33 138.6112 428.9505
34 57.7387 445.5100
35 96.9077 441.5849
36 195.6809 554.2641
37 277.5579 648.8087
38 280.7808 670.4703
39 251.8597 655.5307
40 234.9290 663.8859
41 262.3530 671.6750
42 247.3685 673.3012
43 208.0032 694.8650
44 285.7043 575.7434
45 282.8521 552.6301
46 109.2273 379.9704
47 237.7178 496.0727
48 237.3414 569.1524
49 235.5914 556.3645
50 130.7518 550.6536
51 283.6206 522.9002
52 159.9624 354.3076
53 130.0688 362.4936
54 87.4541 303.7123
55 255.1973 376.1546
56 223.0749 408.4442
57 191.7242 674.3689
58 85.6038 657.1666
59 252.7446 582.0722
60 270.1516 589.0459
61 215.8182 675.3045
62 224.7134 673.7758
63 117.0119 345.9493
64 236.7253 579.2269
65 200.6146 356.9871
66 196.4820 336.9676
67 176.3933 250.4549
68 102.2446 324.3049
69 188.5050 292.7186
70 95.5468 369.2335
71 81.0345 358.5597
72 278.8627 661.8813
73 257.9060 665.8119
74 241.3769 669.1255
75 258.1618 586.0974
76 220.5636 674.8461
77 229.3917 678.4905
78 226.4521 672.4519
79 263.7746 574.6714
80 251.0349 671.5006
81 266.1045 672.0258
82 283.1047 672.8841
83 274.5041 729.0566
84 277.1444 708.7601
85 278.6257 695.9027
86 280.1216 685.0380
87 281.7126 677.4534
88 247.4049 675.2246
89 244.6023 677.6885
90 240.5713 683.2472
91 236.5803 690.6156
92 215.7931 637.4648
93 60.1091 545.7810
94 302.4738 592.8854
95 237.5165 674.6047
96 233.8954 675.7477
97 277.1492 599.5712
98 244.2092 593.0148
99 273.8021 594.5476
100 215.2258 509.7032
101 180.1205 524.7653
102 232.1890 566.4368
103 122.0484 271.1048
104 136.0193 300.9649
105 151.4981 334.6727
106 225.2317 708.0710
107 248.3639 343.9860
108 242.2718 293.7842
109 234.8650 242.0966
110 148.3467 452.6917
111 98.1778 475.4936
112 238.0187 445.8318
113 120.3647 413.3746
114 252.5388 480.5428
115 249.9745 560.5916
116 75.8457 490.7137
117 113.3227 492.9717
118 141.7186 502.4583
119 182.9696 499.2375
120 213.1674 489.8106
121 235.7708 478.6995
122 281.4347 449.1395
123 80.9106 540.0375
124 101.9747 408.6574
125 292.4919 587.3886
126 240.7585 519.4036
127 52.1200 443.5712
128 252.6122 465.7799
129 230.1115 567.6656
130 132.1065 430.3697
131 248.8046 545.2419
132 68.6654 600.7107
133 237.9771 436.7130
134 265.5208 531.4232
135 133.6742 711.8158
136 135.2345 734.2321
137 60.6336 543.5682
138 106.1811 681.6994
139 68.9064 398.9086
140 219.9826 781.3845
141 294.6556 591.9037
142 221.6427 536.4601
143 78.2767 445.4703
144 167.0965 443.6088
145 185.8003 446.4266
146 224.3980 682.8874
147 86.9187 585.7110
148 257.5913 808.5294
149 195.6417 780.9643
150 168.1047 762.3827
151 302.2858 296.6633
152 299.7083 812.4975
153 204.1130 445.4993
154 221.3590 441.7763
155 232.4299 439.2042
156 86.0329 403.4820
157 219.4989 420.7233
158 200.9210 414.4036
159 182.2187 412.7097
160 163.2807 415.7450
161 151.1694 421.2264
162 55.9029 389.4456
163 154.4917 439.4122
164 302.1755 616.0225
165 234.8888 624.9150
166 252.4842 578.5971
167 274.4389 618.2365
168 301.5517 413.0149
169 162.6119 740.0171
170 190.4805 760.6636
171 256.2177 796.5285
172 108.7745 701.8096
173 232.4304 430.0446
174 267.5302 487.0014
175 300.4743 799.0389
176 224.7154 797.1357
177 69.5238 593.8516
178 263.0504 676.1080
179 260.1147 681.3076
180 257.2333 689.7428
181 254.6810 700.9642
182 247.2308 720.0030
183 233.7765 673.8465
184 227.8224 672.5110
185 221.9288 669.5031
186 199.8592 654.6306
187 115.5799 599.2002
188 267.2785 463.2469
189 255.1736 419.0796
190 241.8119 424.0299
191 237.9330 670.8516
192 114.9194 652.0740
193 274.0949 416.7407
194 234.5998 741.1698
195 302.4692 494.1450
196 282.3058 474.7368
197 302.1229 469.7125
198 253.7406 524.4544
199 300.9186 778.7031
200 301.2995 752.3182
201 266.8372 752.1947
202 186.6330 703.0605
203 212.4041 585.6917
204 208.6769 725.1941
205 162.0940 580.5192
206 192.3668 607.6869
207 144.7878 616.7880
208 259.1915 777.4192
209 241.7266 537.7953
210 168.7885 717.6675
211 196.3950 740.8725
212 169.2762 676.2660
213 94.0610 624.0932
214 142.6389 677.4686
215 82.5537 639.8425
216 175.8733 637.1120
217 254.4654 502.8934
218 257.1096 571.0120
219 243.8541 576.8477
220 265.2823 555.3551
221 237.6765 398.6677
222 202.9403 385.6457
223 173.0223 382.8113
224 147.7788 385.8432
225 129.9067 395.3373
226 116.7204 435.8103
227 55.7638 494.1519
228 133.1754 469.5256
229 155.4445 476.9979
230 183.8521 477.6327
231 211.0047 472.6224
232 232.2571 464.6872
233 246.8439 456.6109
234 55.6596 494.3961
235 244.4343 582.7194
236 267.9952 508.5429
237 271.4166 572.0917
238 282.8331 583.1079
239 271.6781 575.6199
240 250.5940 589.4468
241 286.3568 585.5217
242 288.4001 590.0869
243 245.7388 438.3818
244 258.3795 443.4545
245 265.3065 446.9340
246 144.1581 425.3558
247 133.5009 416.7838
248 319.9557 498.1499
249 449.8628 439.7282
250 320.2195 586.4861
251 527.7127 352.8396
252 389.7192 460.5398
253 411.0656 462.3207
254 431.1198 460.8885
255 456.8537 448.3900
256 371.7391 454.1841
257 417.0643 403.8088
258 395.1233 404.7239
259 437.2940 407.3427
260 451.0427 415.0011
261 474.1030 463.3336
262 375.1842 762.6247
263 456.6491 434.3583
264 534.7703 452.1550
265 497.5030 447.2921
266 403.9287 555.5264
267 326.8226 648.3855
268 323.1053 670.1038
269 351.5895 654.5563
270 367.5824 662.5783
271 340.9718 670.9506
272 355.3000 672.2413
273 392.4254 694.4380
274 319.9335 575.9402
275 322.7215 552.7787
276 486.5989 388.4501
277 362.5865 497.0325
278 364.7665 569.5415
279 366.0097 556.7880
280 466.3324 553.0774
281 321.4981 523.1627
282 438.9409 362.1972
283 467.1458 371.1947
284 508.9821 310.7760
285 346.8677 378.9180
286 375.7489 411.4955
287 408.2022 673.9901
288 503.4569 661.8211
289 349.7683 582.1924
290 333.0388 589.1105
291 385.6793 674.2651
292 376.9338 672.6339
293 479.8684 355.3986
294 364.9522 579.4896
295 399.9487 362.8382
296 404.6470 342.9984
297 425.5445 254.8276
298 494.7301 332.0803
299 413.3330 297.6054
300 499.9778 378.0008
301 514.4004 366.4312
302 325.4434 661.4519
303 345.5639 664.8434
304 361.4130 667.8697
305 344.3995 586.1181
306 381.0477 673.7589
307 373.0642 677.5979
308 374.7140 671.5433
309 340.1195 574.8159
310 351.2278 670.5700
311 336.7194 671.4236
312 320.3189 672.4838
313 328.0326 729.1157
314 327.3243 708.6850
315 326.5784 695.7495
316 324.8909 684.9353
317 322.9560 677.3856
318 355.7145 674.6501
319 358.6406 677.1801
320 362.6676 682.7437
321 366.3558 690.1691
322 385.2897 637.0732
323 529.0401 551.8985
324 364.7668 673.9929
325 368.6464 675.0215
326 326.5769 599.4149
327 357.3556 592.9446
328 329.5668 594.4990
329 384.4222 510.9694
330 418.7536 526.5023
331 368.9672 566.8561
332 476.8150 277.1395
333 462.9673 307.9952
334 447.4291 342.6861
335 375.8371 707.8556
336 354.4076 347.4757
337 361.4864 296.2124
338 369.4092 244.3297
339 447.6038 456.6260
340 496.4538 480.0957
341 360.4639 447.5877
342 474.9701 420.0697
343 348.3862 481.4929
344 353.3372 561.0566
345 517.5613 495.8148
346 482.1142 496.5739
347 455.3166 505.1399
348 415.4076 501.3268
349 385.7906 491.3901
350 363.7647 479.9883
351 321.7154 449.7236
352 512.8770 544.1135
353 493.3903 415.6074
354 312.6335 587.5949
355 360.1002 520.1656
356 538.7935 450.4331
357 347.7011 466.8523
358 370.5209 567.9761
359 462.7760 436.0131
360 353.8993 545.6346
361 520.0665 606.2285
362 360.3849 438.6400
363 338.4211 531.8208
364 459.7671 713.9200
365 456.2302 737.0916
366 530.4792 549.1174
367 485.8402 684.9622
368 525.4058 405.9422
369 378.2366 782.3335
370 310.1597 591.9250
371 378.4402 537.3455
372 515.4292 451.7349
373 429.7119 447.1990
374 411.4877 449.5476
375 377.8265 682.0763
376 506.4419 589.4676
377 340.8011 809.1339
378 399.3814 782.4914
379 425.3192 764.2634
380 393.4241 448.1652
381 376.5506 443.9528
382 365.8221 441.2720
383 508.9665 410.6608
384 378.5393 423.6150
385 396.6299 418.2428
386 414.8519 417.3465
387 433.2108 420.9085
388 444.7641 426.5251
389 537.0382 396.5767
390 441.7715 443.4660
391 366.9005 624.5519
392 350.5750 578.8002
393 329.2117 617.9607
394 432.0852 741.6254
395 405.8385 762.1161
396 343.2472 797.1838
397 481.1633 705.5850
398 365.9269 432.3260
399 335.1297 487.7400
400 372.3836 798.1969
401 521.4320 598.6539
402 341.0515 675.8568
403 344.0264 680.9421
404 346.9123 689.4848
405 349.1946 700.7789
406 354.6490 720.1408
407 368.2678 672.6797
408 374.0989 671.4112
409 379.8664 668.2611
410 400.6755 654.1737
411 479.8543 601.7121
412 334.7214 464.0743
413 345.0891 420.8659
414 357.1691 426.0469
415 363.8682 669.8298
416 479.0297 654.6339
417 328.0436 417.8908
418 365.4887 741.5337
419 321.2296 475.1753
420 348.2439 524.9960
421 334.5094 752.5165
422 411.5191 703.4714
423 387.8535 586.0963
424 390.2715 725.5785
425 436.5649 582.2653
426 407.3265 608.3565
427 452.7493 618.5610
428 341.1594 777.8429
429 359.5376 538.2965
430 427.5497 718.7297
431 401.3788 741.8089
432 428.7327 676.7549
433 498.8490 627.4988
434 453.1345 678.9158
435 508.5448 644.0236
436 423.0489 637.6801
437 347.1691 503.5661
438 346.7244 571.3939
439 358.8289 577.1293
440 339.3844 555.8304
441 362.3894 401.5351
442 396.3967 390.2404
443 425.5102 388.7496
444 449.5855 392.7143
445 466.3349 402.5503
446 478.1089 441.3677
447 535.8380 500.4183
448 462.7039 473.3076
449 441.7133 479.9878
450 413.9985 480.0510
451 387.2378 474.5829
452 366.6378 466.2867
453 352.6066 457.8978
454 534.0687 500.9353
455 357.6404 582.9557
456 335.3804 509.1120
457 333.5744 572.4289
458 321.7786 583.2991
459 332.8333 575.9278
460 351.5318 589.5481
461 318.7656 585.7435
462 316.2503 590.2100
463 353.1994 440.1409
464 341.6856 444.7211
465 335.8089 448.0257
466 451.4334 430.7392
467 461.8033 423.0336
