# Image: /home/yaroslav/Projects/Diia.AIContest-AdAstrum/fixtures/FLUXSynID-processed/001d6e39269e/001d6e39269e_f_doc.jpg
# Mode: stream
# Status: fail
# Errors: strong_shadows_on_face: Strong shadows or uneven lighting detected (difference: 53.8); face_not_looking_straight_at_camera: Head is turned 177.9째 (max: 15.0째); head_is_tilted: Head is tilted 18.6째 (max: 10.0째)

# 2D Landmarks (index x y)
0 299.6124 618.9519
1 300.8571 547.4589
2 301.5548 569.8837
3 287.4912 476.3586
4 301.2163 525.4248
5 302.2606 496.7025
6 305.8901 429.0876
7 175.1524 420.7646
8 307.5228 386.4476
9 308.3554 359.9501
10 312.5006 254.7904
11 299.3301 629.2393
12 299.3344 635.9453
13 299.6562 637.7990
14 299.9842 638.8493
15 299.7763 645.9448
16 299.3974 655.3252
17 299.1999 666.3239
18 299.2737 687.1303
19 300.8433 558.6261
20 283.9076 556.4303
21 112.5590 348.1873
22 227.6337 440.4725
23 208.9754 441.5757
24 191.3337 440.4365
25 168.5090 429.5666
26 243.4772 435.8367
27 205.0984 396.0134
28 224.1194 397.0452
29 187.3808 398.2483
30 175.2518 403.5032
31 152.3417 443.6023
32 228.0567 722.2696
33 169.1449 416.3752
34 99.6139 436.3611
35 131.6721 431.3427
36 210.6283 527.2332
37 276.7909 614.8626
38 279.7500 634.7521
39 253.3900 620.0113
40 237.9500 627.6892
41 262.9246 635.0744
42 249.0978 636.3706
43 214.8318 656.3195
44 284.8922 546.4415
45 282.8382 525.2982
46 144.6819 383.6888
47 249.9717 475.1168
48 241.7491 539.5002
49 241.5055 527.9705
50 155.3114 524.2497
51 285.0882 498.6102
52 189.7351 364.4773
53 163.1273 370.2233
54 130.7341 311.0536
55 270.7431 381.9863
56 241.2008 402.1100
57 200.0997 637.6365
58 112.8639 631.1471
59 255.2762 551.6120
60 271.2258 558.5240
61 220.6907 638.1042
62 228.4094 636.7108
63 152.9196 356.4206
64 241.1477 548.6673
65 225.3356 367.1498
66 221.8360 349.3895
67 205.4315 263.2054
68 142.1968 332.2044
69 215.4336 303.4184
70 133.7820 374.5252
71 123.1085 361.8141
72 277.8133 627.0814
73 258.9058 629.6266
74 243.7330 632.5312
75 260.2755 555.3787
76 224.7564 637.6755
77 233.0987 639.9896
78 230.2863 635.8730
79 265.4038 545.1954
80 252.6172 634.7830
81 266.6533 635.3230
82 282.3569 636.6210
83 275.0255 686.8307
84 276.9745 664.7433
85 278.2927 652.9920
86 279.6139 644.0065
87 281.2602 637.9800
88 249.7296 636.7607
89 247.2883 638.5723
90 243.8799 643.3022
91 240.4494 650.0106
92 222.3855 603.2727
93 97.7262 529.4408
94 301.2474 562.9706
95 240.5561 636.8538
96 237.0801 637.5256
97 277.6826 568.6901
98 248.1673 561.7240
99 274.5629 563.8330
100 230.2804 487.2114
101 199.6316 500.7079
102 238.3424 537.1468
103 160.1779 281.9487
104 171.7677 311.7684
105 183.3315 347.1028
106 230.8454 667.9990
107 264.9157 354.4675
108 259.8937 302.4934
109 254.5758 255.2221
110 176.5214 436.6200
111 131.4896 458.8413
112 253.6492 430.7444
113 153.2934 407.5347
114 263.2237 461.3785
115 253.4593 532.1664
116 111.4239 473.4769
117 143.8994 473.2454
118 168.0281 480.9904
119 203.8784 477.9175
120 230.2733 469.4954
121 250.0287 459.7455
122 288.0259 434.1867
123 112.8279 517.1317
124 137.2153 405.3552
125 291.3638 557.2246
126 250.4148 495.7717
127 97.1476 437.0003
128 264.7108 448.6407
129 237.4050 538.7147
130 163.7076 419.1507
131 253.6729 518.2995
132 101.4730 579.4215
133 253.8875 422.7565
134 269.0516 506.1880
135 149.0330 677.1719
136 151.3385 701.2298
137 96.2500 523.7648
138 126.7470 649.7597
139 111.1949 395.7451
140 223.7422 743.0606
141 293.7220 561.8700
142 233.3913 511.0498
143 115.8325 435.5694
144 192.9140 427.0339
145 208.9137 429.3185
146 228.9306 644.1908
147 115.2957 559.0555
148 258.3327 770.8810
149 202.7418 745.3367
150 178.9329 727.6411
151 310.3678 304.7780
152 297.9463 775.3810
153 224.7173 428.7500
154 239.6712 426.1126
155 249.1411 424.5303
156 124.2541 401.5286
157 238.1446 408.1619
158 222.2308 402.6195
159 206.0502 400.9186
160 189.7744 403.8791
161 179.6140 409.0511
162 102.2687 387.5620
163 182.1882 423.8466
164 301.0447 585.0141
165 239.5355 591.3417
166 254.8941 548.4472
167 275.0836 585.9205
168 307.0290 406.7961
169 173.6132 703.7640
170 197.7340 723.7919
171 256.6219 756.7411
172 130.3063 671.7292
173 249.1565 416.5479
174 274.4464 466.9495
175 297.5932 760.0150
176 228.4605 760.1577
177 100.8617 569.6523
178 264.1804 636.9757
179 261.6426 641.1642
180 259.1806 648.1359
181 256.8831 658.3550
182 250.6014 678.4760
183 236.4638 636.8742
184 231.2734 635.7065
185 226.1263 632.9206
186 207.4006 619.2486
187 138.9573 569.6098
188 276.0381 446.4037
189 269.1833 410.6293
190 257.2468 413.6534
191 240.4636 634.3777
192 135.3451 619.7634
193 284.1583 409.8188
194 238.7034 700.6804
195 303.5608 473.3107
196 287.1987 456.0359
197 304.6782 451.7403
198 260.4619 500.1039
199 297.8458 738.2182
200 298.6223 711.1085
201 267.4761 710.5175
202 195.9860 665.1977
203 222.1531 555.3733
204 215.7143 686.0363
205 180.0948 551.1030
206 204.1928 575.7341
207 162.7091 584.8832
208 259.6929 736.2458
209 249.3080 511.9624
210 179.7652 680.4423
211 203.9685 702.8102
212 180.8429 640.1456
213 119.0434 594.8222
214 157.9757 642.2165
215 109.1649 611.7386
216 188.0313 603.2899
217 262.8503 481.0337
218 259.3243 541.6400
219 247.0422 546.6597
220 267.1391 527.7115
221 255.1940 396.7709
222 225.4481 387.5989
223 199.4529 385.2473
224 177.5370 386.8620
225 161.9329 393.8376
226 149.5556 425.1303
227 94.9802 479.2816
228 162.5445 452.2846
229 181.3262 458.2051
230 205.8634 458.3751
231 229.5537 454.0207
232 248.0528 447.3445
233 260.8311 440.5966
234 97.4050 483.0901
235 247.7005 551.9730
236 273.1803 485.9959
237 272.0910 542.9737
238 282.7353 553.2790
239 272.5470 546.2708
240 253.4393 558.4134
241 285.7248 555.5127
242 287.8671 559.9013
243 260.3355 424.9441
244 271.0056 429.8378
245 276.0557 432.9871
246 173.8086 412.9431
247 165.1938 409.2133
248 319.6175 477.4172
249 441.5405 428.4535
250 319.5631 557.6033
251 517.8620 359.0771
252 387.7668 444.9025
253 406.5460 446.8949
254 424.6616 446.7351
255 448.6150 437.7307
256 371.7778 439.4045
257 412.1742 402.4940
258 393.0065 402.0655
259 429.9302 405.9995
260 442.0918 411.8022
261 465.2184 452.5817
262 370.7257 727.7483
263 448.1432 424.6660
264 525.8052 448.2874
265 488.2336 441.6503
266 398.9445 532.7598
267 322.9698 616.0817
268 319.3526 635.8105
269 347.0916 622.6698
270 362.8494 631.1703
271 337.2093 637.2169
272 351.6879 639.1666
273 386.8651 661.8151
274 317.0691 547.3518
275 319.7021 526.1769
276 474.8983 394.2468
277 362.0464 478.3040
278 364.0564 543.2026
279 365.4385 531.6769
280 456.7880 532.9060
281 319.7294 499.6630
282 428.0861 372.6482
283 455.4917 380.0589
284 498.7574 320.8357
285 344.8825 384.5403
286 375.7957 406.0591
287 402.5667 643.8959
288 505.6474 644.6287
289 350.1224 554.5185
290 333.3396 560.5570
291 381.2147 642.9707
292 373.7401 640.9854
293 467.2807 366.9630
294 365.0773 552.5850
295 391.4143 372.8424
296 395.9105 355.2109
297 421.0302 268.7602
298 482.5329 342.0368
299 406.7114 308.8832
300 487.7452 385.7328
301 502.9254 372.7089
302 321.3969 628.3011
303 341.1070 631.9455
304 357.0143 635.6704
305 345.0557 558.0571
306 377.0863 642.1382
307 368.4588 643.9577
308 371.9731 640.0590
309 338.9217 547.2543
310 348.6877 637.4294
311 333.9432 637.2746
312 317.3418 637.4873
313 323.8453 688.4147
314 321.8209 666.0057
315 321.0676 654.2252
316 320.1940 645.2150
317 319.0686 639.1442
318 351.9398 639.5804
319 354.0813 641.4773
320 357.1675 646.5748
321 360.2047 653.6344
322 380.6466 607.8283
323 527.7044 542.5872
324 361.6865 640.3720
325 364.7099 641.2762
326 326.0981 570.1908
327 357.5873 565.1703
328 329.4914 565.5336
329 381.8856 491.4562
330 412.3464 506.7383
331 368.7645 541.1645
332 467.9883 290.0232
333 451.9350 320.0925
334 435.7509 355.4295
335 370.1333 672.5261
336 352.0755 357.4848
337 361.3345 305.2937
338 371.0085 258.1699
339 439.8545 444.0440
340 486.5163 468.9659
341 361.7510 433.9597
342 465.3632 417.1558
343 348.7578 463.8914
344 351.3641 535.0236
345 507.6917 484.8619
346 471.9868 482.4122
347 446.2734 488.6938
348 409.6824 483.6866
349 383.3357 473.7497
350 363.4911 463.0100
351 323.8997 435.2450
352 503.5737 528.5787
353 482.9631 415.7030
354 310.5623 557.8529
355 359.8622 498.9465
356 532.4677 449.2001
357 348.8273 451.1587
358 370.4783 542.6644
359 454.0851 427.9918
360 352.6039 521.1412
361 520.9213 593.1219
362 362.2712 425.9767
363 336.4416 508.1120
364 458.5426 688.3072
365 457.9388 713.1274
366 524.4610 536.8387
367 484.5987 662.0766
368 515.0447 406.9425
369 374.7582 749.1988
370 308.9991 562.2646
371 376.7470 515.2964
372 505.7269 446.7654
373 423.0773 433.2853
374 406.9542 434.6459
375 372.5869 648.5540
376 499.1552 570.8645
377 338.0806 774.4377
378 399.0111 753.6699
379 426.2688 737.6969
380 391.1947 433.2012
381 376.4744 429.8295
382 367.0226 427.9220
383 498.0750 412.3795
384 378.6693 412.3086
385 394.7884 407.6905
386 410.8009 407.2425
387 426.9361 411.1164
388 437.0779 416.7788
389 528.3034 399.1450
390 434.0086 430.8270
391 363.8914 595.0306
392 350.4139 551.2429
393 327.0389 587.3911
394 430.6113 713.6044
395 403.8639 732.2428
396 339.2575 760.1686
397 483.4725 684.5219
398 367.2436 420.0931
399 335.2754 468.7996
400 370.4372 766.3820
401 517.4647 582.9467
402 336.8679 639.0221
403 338.9466 643.2489
404 340.9720 650.4784
405 342.7961 660.9472
406 349.2896 681.8788
407 365.0497 640.5111
408 370.0053 639.6501
409 375.3377 637.1980
410 395.1610 624.6818
411 472.0617 579.5084
412 335.9630 448.1987
413 346.7932 413.0453
414 358.9809 416.6698
415 361.5050 637.8088
416 474.4308 630.7353
417 330.4932 411.2544
418 360.7827 705.0743
419 322.0897 457.1100
420 347.5540 502.5924
421 330.3923 712.9078
422 406.3602 672.3029
423 385.2201 560.2417
424 385.1299 692.1765
425 428.8342 558.3486
426 401.8574 581.6054
427 445.3428 593.3546
428 336.6536 739.2774
429 359.3613 515.1533
430 423.6172 689.0431
431 397.3291 710.1911
432 422.9805 647.6897
433 493.6790 606.7001
434 448.2180 651.7945
435 506.4113 624.9572
436 416.8696 610.0020
437 347.1222 483.4396
438 345.0392 544.1584
439 358.3436 549.9408
440 336.5341 529.7621
441 361.1747 400.1782
442 391.5056 392.8925
443 417.8343 392.2168
444 440.1613 395.4350
445 456.2649 403.2142
446 469.2232 434.6356
447 528.1217 492.0514
448 453.8419 460.4542
449 434.2392 465.1626
450 408.9890 463.9416
451 385.1367 458.2124
452 366.6711 450.7485
453 353.8816 443.2715
454 530.3964 495.7323
455 357.8374 555.4762
456 334.3070 487.8316
457 330.9638 544.6355
458 320.2178 554.4802
459 331.0066 547.9957
460 352.0617 561.6437
461 316.7221 556.4444
462 315.2492 560.8927
463 355.4262 427.8395
464 343.9796 432.0880
465 337.9873 434.8680
466 443.1865 420.9961
467 452.5825 418.0647
