# Image: /home/yaroslav/Projects/Diia.AIContest-AdAstrum/fixtures/FLUXSynID-processed/011dc05a4a81/011dc05a4a81_f_live_0_p_d1.jpg
# Mode: stream
# Status: fail
# Errors: face_not_looking_straight_at_camera: Head is turned 171.8째 (max: 15.0째); head_is_tilted: Head is tilted 15.2째 (max: 10.0째); face_too_small_in_frame: Face occupies only 40.0% of frame (min: 50.0%)

# 2D Landmarks (index x y)
0 280.8511 618.3084
1 289.6389 549.6184
2 287.2022 571.8545
3 282.3458 484.2334
4 292.2810 529.3534
5 295.8367 503.8701
6 304.7483 443.7981
7 171.6076 423.1051
8 311.1018 399.9052
9 314.8343 374.7548
10 327.5573 286.5193
11 279.4630 628.5002
12 278.4389 636.3166
13 278.0809 639.5296
14 277.8165 644.8504
15 276.8113 653.0536
16 275.4191 663.4907
17 273.8854 674.7561
18 271.5611 691.9312
19 288.2327 560.3482
20 270.9942 557.3778
21 118.3904 350.2761
22 222.2683 448.0397
23 203.6232 447.0339
24 186.2191 443.8192
25 164.4764 430.0971
26 238.7890 445.2820
27 205.1014 396.3862
28 224.8102 400.4638
29 186.2018 396.6266
30 172.8190 401.5223
31 148.1539 441.8308
32 197.4857 710.2798
33 166.0437 417.3352
34 98.4004 429.6660
35 129.7981 426.9629
36 198.7078 525.3471
37 257.7643 611.9347
38 258.3705 633.4629
39 232.8068 615.6764
40 216.3912 622.6112
41 241.0044 632.6217
42 227.0166 633.4048
43 189.2671 649.6584
44 273.8369 547.0061
45 273.7856 527.4647
46 146.7708 378.4729
47 242.4844 481.5166
48 229.6767 538.3724
49 229.8297 528.1182
50 144.9508 517.0393
51 278.2249 503.8059
52 193.1251 362.7404
53 166.3225 366.1962
54 139.9685 317.3020
55 272.6656 389.9347
56 241.3792 409.0780
57 177.8935 629.5197
58 94.2688 610.7413
59 242.2611 551.0174
60 257.3577 559.1887
61 197.5088 633.8727
62 206.1249 633.6404
63 157.8048 352.7298
64 227.8667 547.7143
65 228.0446 369.2519
66 226.8126 353.0513
67 219.8000 281.1347
68 149.2595 334.3107
69 225.3997 315.7771
70 137.2432 369.5645
71 127.8657 360.6970
72 257.4916 624.3888
73 237.3529 625.9719
74 221.7660 628.3547
75 246.7208 555.4757
76 201.9388 634.1951
77 209.2580 638.3801
78 208.3440 632.7114
79 253.6871 544.5732
80 230.8981 632.9684
81 244.6390 634.3512
82 260.4607 636.6733
83 246.1286 688.4374
84 249.9823 670.1448
85 252.9400 658.5166
86 255.8888 648.3126
87 258.5605 641.8102
88 227.1759 636.9837
89 224.0059 639.0636
90 219.0235 643.6987
91 214.3624 649.8012
92 203.9782 597.6230
93 87.7902 515.6651
94 287.8277 564.9967
95 218.2929 635.6535
96 214.1513 636.3473
97 262.7603 568.9757
98 233.2690 561.0843
99 260.1512 564.2979
100 221.3774 490.7617
101 190.0484 499.9116
102 225.5803 536.9810
103 172.2111 293.2519
104 180.3792 318.0908
105 188.6017 346.7387
106 203.7735 663.3880
107 270.1571 363.7966
108 270.7226 321.3223
109 269.9673 279.9088
110 171.7906 438.3177
111 127.0216 453.8563
112 249.7806 441.3647
113 152.1173 404.8352
114 257.4731 470.0553
115 242.6574 531.6034
116 106.4555 465.1756
117 137.4726 468.6578
118 160.2633 478.4570
119 195.8343 479.5650
120 222.6276 474.6635
121 243.5450 467.7113
122 286.1343 446.6058
123 104.1343 505.6931
124 137.5615 400.7527
125 278.9878 558.1968
126 241.1562 500.1412
127 94.9787 430.8699
128 259.6218 458.7293
129 223.9534 538.7782
130 160.2953 418.5580
131 243.4160 519.4397
132 87.3103 561.7729
133 250.9454 433.8424
134 260.7750 509.3942
135 126.4484 657.8398
136 125.4198 679.7257
137 87.5478 509.8091
138 107.8845 629.6851
139 113.3211 392.5638
140 191.3894 728.0381
141 280.4664 563.1916
142 222.4147 512.8067
143 114.3387 429.4556
144 188.6925 431.9286
145 204.5244 435.9329
146 204.1355 641.6139
147 103.4425 544.4316
148 222.0315 758.3131
149 169.8588 726.6590
150 148.9106 707.2982
151 321.3448 329.7930
152 261.1116 767.4634
153 220.4974 437.1337
154 235.7978 436.2081
155 245.7776 435.4346
156 125.6199 396.4197
157 236.7762 417.6939
158 221.5740 409.8793
159 205.4471 406.1117
160 188.5373 406.9248
161 177.5466 410.9188
162 104.5530 385.8706
163 178.3139 427.4256
164 285.2089 586.5402
165 221.6342 587.8470
166 242.4438 547.4743
167 258.5249 585.2470
168 307.9210 421.8611
169 146.6812 685.2998
170 168.0389 706.6039
171 222.4625 745.5361
172 107.9090 650.0381
173 246.8609 427.3590
174 269.2144 475.2804
175 262.9837 753.8556
176 193.3582 744.0919
177 88.3310 552.5022
178 241.5329 638.9024
179 237.9976 643.3968
180 233.8018 650.8773
181 229.8459 660.9190
182 222.0571 676.8284
183 214.4847 633.5389
184 208.9277 631.4165
185 203.8616 627.8651
186 187.8391 612.0200
187 126.2316 557.0096
188 272.3290 457.0142
189 267.8586 422.2761
190 255.7314 424.0328
191 219.1244 631.7071
192 118.6074 603.2028
193 283.8507 422.1917
194 209.3739 693.1366
195 298.9758 483.1635
196 283.6437 466.2192
197 301.7609 464.1186
198 251.5413 504.1665
199 265.7372 734.6820
200 268.8924 711.6377
201 237.2280 706.9158
202 171.1241 653.9229
203 207.2986 552.8716
204 187.9145 676.0177
205 167.6044 544.5002
206 188.6798 570.0931
207 148.3112 574.1117
208 227.5686 727.8374
209 238.5919 514.4652
210 154.3131 665.2242
211 175.6583 688.7896
212 159.6549 628.3847
213 104.4446 577.9078
214 137.8449 627.1788
215 93.3837 592.3550
216 171.1369 594.3411
217 255.5332 487.4734
218 247.9420 540.6552
219 234.6829 545.2559
220 257.5004 528.2158
221 255.3222 404.5408
222 226.5347 390.0483
223 200.4589 384.4451
224 178.1500 384.4081
225 161.7740 390.7531
226 146.9984 422.9623
227 90.1377 468.8433
228 156.9672 451.1201
229 174.9793 458.9252
230 199.1653 461.9271
231 223.1013 460.5128
232 242.4126 456.2516
233 256.0784 451.1420
234 91.1646 473.1696
235 234.5068 551.0464
236 266.4912 491.9438
237 261.0860 542.6103
238 270.4635 553.9581
239 261.0537 546.0676
240 239.3301 558.0798
241 273.4673 556.1104
242 274.7031 560.9864
243 257.4832 436.1039
244 267.7046 441.7216
245 272.9631 444.8080
246 171.1423 414.2661
247 162.5925 407.5938
248 314.5159 488.9925
249 437.2816 462.2814
250 306.1257 562.4282
251 509.3224 407.2138
252 382.7981 471.4383
253 400.9699 475.6051
254 418.5008 477.3039
255 442.3476 470.9874
256 367.7010 464.1774
257 412.3768 428.3553
258 392.7702 426.2585
259 430.0539 434.0791
260 441.3359 442.2976
261 455.2408 486.4241
262 338.3608 730.8508
263 443.9587 458.7967
264 507.7389 489.0224
265 476.9027 477.6612
266 385.1870 551.7249
267 304.9372 618.3282
268 298.7073 638.8695
269 328.4973 628.6264
270 342.7605 639.5818
271 316.2389 642.7676
272 329.7421 647.1428
273 362.6098 673.7264
274 305.5059 551.3866
275 310.5669 532.5934
276 471.9032 428.4953
277 354.4886 497.5354
278 351.0122 555.5087
279 353.6735 545.5870
280 439.2840 558.6747
281 312.8924 508.7774
282 432.3757 401.0371
283 456.5358 411.8750
284 497.4547 369.6884
285 350.4235 402.4370
286 374.9322 429.4099
287 378.8195 657.3228
288 464.8522 665.3931
289 335.8883 564.1339
290 319.1321 567.8820
291 358.9535 655.8425
292 350.6250 653.1832
293 468.1471 401.5750
294 350.6733 565.0512
295 398.0382 396.5255
296 403.9303 381.4163
297 431.7732 312.4055
298 482.7939 384.4262
299 416.3953 344.8907
300 483.7014 422.5118
301 496.5750 415.4576
302 302.0016 630.3249
303 321.4516 637.2433
304 336.1706 643.6595
305 330.5117 567.2023
306 354.5748 654.7879
307 346.4190 656.9916
308 348.4689 651.7412
309 326.2243 554.5875
310 326.1258 645.6248
311 312.1523 643.4222
312 295.9361 641.3245
313 297.0118 695.5894
314 298.2477 676.7823
315 298.7330 664.7249
316 298.3198 654.1117
317 297.4760 647.1017
318 329.4636 650.6584
319 331.9924 653.5375
320 335.5643 659.5105
321 338.5563 666.7882
322 361.1077 619.1945
323 496.0384 575.2655
324 338.3930 651.9340
325 342.1936 653.7167
326 311.5499 575.7652
327 342.1540 576.3562
328 315.0940 571.9860
329 372.6104 512.1727
330 400.4736 529.6488
331 355.6113 555.3169
332 473.3875 337.6773
333 457.7740 360.4482
334 441.2294 386.8697
335 345.1154 683.0848
336 360.2844 378.4033
337 372.1981 336.5569
338 384.6647 296.7999
339 433.4065 476.3140
340 472.6552 503.6131
341 358.2362 457.4719
342 460.3651 451.2398
343 343.0796 482.4135
344 340.1440 545.2935
345 489.6885 520.4104
346 458.6997 514.4344
347 434.5311 517.2476
348 400.2526 508.5519
349 375.6691 496.5132
350 357.3032 484.1521
351 321.9087 451.9369
352 481.3629 559.7687
353 475.8157 451.2435
354 297.8047 560.8822
355 350.6689 515.7209
356 511.3258 491.3103
357 344.2026 471.0815
358 356.8392 557.3894
359 449.2184 461.7707
360 342.5570 533.4423
361 484.3139 620.1190
362 359.1915 450.0658
363 328.3146 518.9868
364 421.2484 701.2907
365 416.4913 723.4318
366 496.8782 569.3761
367 446.5898 679.5950
368 502.8224 449.3700
369 339.4107 750.1341
370 295.4186 565.2810
371 365.4440 533.0794
372 491.6161 484.4052
373 418.8694 465.3964
374 402.8628 464.7847
375 350.6148 661.5958
376 472.1351 597.6551
377 300.9883 770.2876
378 360.4598 755.5721
379 386.3809 743.0676
380 387.3452 461.5287
381 373.1015 456.3265
382 363.8145 452.9359
383 489.0927 450.2397
384 376.9442 438.8094
385 393.3436 435.9723
386 409.4094 437.1580
387 425.1156 442.6881
388 434.5548 449.4668
389 513.7017 445.3822
390 429.7811 464.1666
391 346.4025 605.0435
392 336.6099 560.6110
393 311.2098 592.4764
394 394.1836 721.9888
395 367.9874 736.5651
396 304.1538 757.7429
397 441.2551 699.8079
398 364.8306 445.0719
399 330.0703 484.1024
400 332.8925 765.2615
401 485.2124 610.4310
402 314.9751 648.7911
403 317.2537 653.9938
404 319.3215 662.4538
405 320.4944 673.2970
406 323.7053 691.1593
407 342.1204 650.6919
408 348.0612 650.1435
409 353.9528 648.1139
410 373.1696 637.4207
411 446.9914 602.7918
412 332.2939 465.8183
413 346.2486 434.2990
414 357.1380 439.3810
415 338.0793 647.7068
416 442.6030 650.0963
417 330.9456 429.4085
418 331.6042 710.7598
419 318.4987 471.2997
420 339.0010 516.5818
421 300.7115 716.0742
422 378.6456 683.4743
423 369.4097 575.5604
424 356.8510 700.3065
425 410.3779 578.7390
426 382.9731 597.2967
427 421.3724 612.7215
428 304.0997 739.0039
429 348.9929 530.0377
430 391.8354 699.6770
431 365.4739 716.6564
432 396.2881 661.7063
433 462.5893 629.7700
434 417.8634 667.5539
435 470.1804 647.6519
436 393.8560 625.4021
437 339.9511 499.5508
438 332.6940 552.5330
439 344.6056 560.6318
440 326.4483 537.9802
441 362.8820 421.3060
442 394.0172 416.2223
443 420.0056 418.6020
444 440.9807 425.0023
445 454.7966 435.5677
446 461.1473 469.3347
447 505.0894 529.1637
448 444.5218 492.5023
449 425.4483 494.6922
450 401.5239 490.9069
451 378.9045 482.8856
452 361.5472 473.5932
453 349.7421 464.8917
454 503.7748 533.2341
455 343.2953 566.4011
456 327.7135 500.7031
457 319.2061 550.6877
458 307.3186 559.1552
459 318.5715 554.1150
460 336.9782 571.9012
461 303.8461 560.3959
462 301.6375 564.9087
463 352.3524 450.3509
464 341.1547 452.7311
465 335.2824 454.1887
466 439.8952 454.4891
467 449.5682 450.8435
