# Image: /home/yaroslav/Projects/Diia.AIContest-AdAstrum/fixtures/FLUXSynID-processed/009e15bb92a0/009e15bb92a0_f_live_0_a_d1.jpg
# Mode: stream
# Status: fail
# Errors: image_blurry_or_out_of_focus: Image is blurry (sharpness score: 26.60)

# 2D Landmarks (index x y)
0 291.4202 642.5338
1 283.0867 558.3759
2 291.2701 587.1280
3 271.0845 484.9048
4 282.5782 533.6614
5 285.1956 504.1312
6 294.8814 435.9226
7 158.3665 435.6943
8 297.5113 383.3040
9 297.3434 353.7015
10 303.2825 255.0265
11 291.8385 654.9336
12 292.9884 665.2827
13 294.4966 670.6812
14 295.3697 689.7700
15 294.7828 700.7488
16 294.3617 714.2901
17 294.6632 729.0817
18 296.9226 751.8211
19 285.4716 572.0874
20 271.1542 573.1203
21 100.0012 367.9445
22 215.4918 456.2430
23 194.4470 458.0077
24 175.0705 457.1391
25 151.6493 445.3922
26 233.2912 450.2294
27 188.5557 396.9763
28 210.8496 398.8781
29 168.1768 400.4889
30 155.1030 408.7633
31 134.4317 463.1895
32 217.5687 783.6142
33 152.2654 430.6844
34 86.2323 462.4029
35 114.5405 449.3078
36 193.9821 551.7586
37 265.8903 639.8871
38 271.8466 666.1576
39 241.2432 650.0814
40 227.0510 663.2660
41 255.0360 669.6466
42 242.5841 674.7354
43 204.0971 706.6242
44 266.3898 558.1175
45 262.8640 535.0151
46 123.5526 385.8239
47 237.2046 492.1479
48 227.5531 559.4092
49 227.1986 547.5251
50 135.2044 552.8494
51 266.7449 507.4035
52 166.4257 357.3082
53 140.2529 366.8930
54 115.5111 325.0901
55 254.5717 377.4364
56 230.5774 406.6126
57 189.5030 682.9068
58 106.5142 685.1411
59 244.1345 572.6518
60 260.7125 578.9461
61 212.9849 685.3444
62 224.3821 683.4205
63 129.9528 353.4039
64 229.2382 571.5820
65 203.6301 359.6674
66 199.2167 341.6426
67 189.0744 268.5704
68 122.3770 338.6145
69 195.2162 303.4308
70 113.5935 378.7062
71 106.3604 374.4182
72 267.9661 654.8041
73 248.5322 661.6313
74 234.4305 669.2250
75 250.0417 577.0778
76 218.5109 685.0076
77 225.1496 690.5974
78 227.5519 681.6443
79 250.4775 561.4734
80 248.4305 673.9863
81 260.7449 671.7521
82 276.0468 670.8364
83 267.4407 750.2573
84 266.8529 726.3549
85 268.5912 711.4028
86 271.2534 697.7667
87 274.1804 688.8899
88 244.0058 686.7125
89 239.8712 690.3006
90 234.0439 696.7624
91 229.0736 705.0506
92 209.5651 636.6658
93 92.4852 570.0306
94 288.4818 578.5332
95 236.4167 685.7629
96 230.9891 687.3029
97 267.1647 589.0693
98 237.9415 586.9395
99 264.0897 584.3394
100 215.8773 506.8961
101 181.6828 523.4143
102 225.5539 559.5204
103 143.2481 290.8987
104 150.0722 313.3575
105 159.3152 340.4942
106 219.2956 723.0163
107 246.8305 348.0183
108 243.5107 302.6717
109 240.6655 258.2689
110 159.7399 453.2581
111 112.3989 481.8508
112 244.6619 443.6189
113 134.3783 417.3391
114 250.9307 475.5927
115 236.8909 547.9018
116 92.6237 500.3350
117 123.5650 496.7826
118 147.9292 503.6405
119 187.0294 498.4027
120 216.5325 487.9133
121 238.4424 475.9168
122 275.7133 442.4845
123 92.9687 548.9563
124 118.9488 415.7069
125 275.4345 571.3314
126 237.0561 513.7720
127 90.1443 467.6502
128 254.0884 462.4098
129 225.9449 562.5932
130 145.8810 432.5431
131 237.8045 533.9705
132 95.0058 626.1626
133 245.8320 434.9282
134 251.1797 517.8368
135 135.6749 733.6011
136 140.5343 763.8783
137 81.1252 559.9375
138 114.3393 703.0464
139 96.9002 415.6343
140 212.4879 809.5111
141 280.7371 577.7392
142 219.5130 532.3954
143 99.3392 456.2239
144 176.6187 442.4009
145 194.3075 444.7018
146 219.5316 695.0911
147 97.0872 596.1595
148 252.0555 846.7965
149 190.6951 813.4485
150 166.7031 792.9353
151 299.7797 303.5087
152 300.2575 853.7740
153 212.0110 443.8234
154 228.9811 440.1696
155 240.1067 437.6413
156 106.9516 414.1888
157 228.2428 421.7444
158 210.4635 416.8358
159 192.2027 415.4376
160 174.4558 418.3387
161 163.3869 423.3716
162 91.9135 412.5777
163 165.5398 439.0851
164 291.9529 604.8901
165 227.1671 620.7556
166 242.5060 567.9906
167 263.7231 608.8345
168 297.9870 410.0462
169 160.1788 763.1593
170 185.3015 786.0996
171 248.8392 826.7212
172 122.4897 731.0763
173 240.3245 429.1239
174 260.0188 478.3052
175 296.9921 832.8103
176 217.5908 832.2366
177 86.3371 611.8823
178 257.2202 687.5130
179 252.8675 693.9625
180 248.2403 704.1850
181 244.6985 717.3276
182 239.5415 738.3893
183 231.8391 679.0012
184 224.0280 677.2172
185 217.1115 673.9037
186 195.9386 657.8331
187 121.3268 605.6665
188 263.8224 457.3478
189 259.7620 417.7049
190 248.7980 421.8817
191 237.9354 675.8325
192 120.5453 665.4816
193 273.3539 414.6222
194 228.7431 759.7623
195 288.6082 480.5511
196 272.6449 464.6963
197 291.6403 458.9404
198 245.6853 515.2366
199 295.9998 805.7259
200 296.4541 775.8643
201 260.3657 773.2243
202 183.4832 715.3031
203 209.3243 582.6933
204 203.6828 740.9260
205 162.7019 580.7022
206 190.0623 606.9360
207 147.3210 620.7204
208 251.9470 801.0261
209 235.9791 530.5881
210 166.0925 734.1933
211 191.4919 760.3154
212 168.0156 685.2757
213 102.8787 637.4928
214 143.6690 690.3349
215 96.0074 660.1944
216 175.2429 639.7963
217 249.1772 495.6650
218 243.4977 557.6294
219 233.7502 566.6533
220 248.6427 539.7610
221 242.7366 397.6443
222 208.7734 384.3685
223 179.6078 382.1435
224 156.1187 386.6429
225 141.1446 397.7671
226 132.0748 440.8465
227 80.5892 510.2442
228 143.8748 471.9560
229 163.3821 477.6571
230 190.2963 476.8969
231 216.8971 471.0129
232 237.5476 462.6311
233 251.3585 454.2142
234 92.3280 518.8954
235 236.2901 574.0281
236 256.9257 497.3660
237 254.2395 556.0367
238 267.6975 568.4751
239 256.7448 560.9930
240 243.2029 581.7171
241 270.0036 570.0584
242 274.7965 576.4169
243 252.6129 435.8700
244 262.3404 440.8516
245 265.9636 443.4599
246 157.0874 427.3917
247 146.0099 418.3206
248 307.4116 484.8613
249 460.0846 435.3237
250 308.4258 573.1444
251 562.4779 365.2413
252 397.8513 455.3694
253 419.7695 456.8356
254 441.3880 456.1541
255 470.6539 445.2250
256 379.1139 449.4686
257 422.9952 397.4792
258 400.1891 398.9731
259 445.1260 400.8730
260 460.7941 409.0362
261 491.8557 463.0290
262 386.3477 789.0058
263 468.2196 430.7363
264 574.6732 463.3000
265 520.0538 449.9418
266 409.5286 551.5105
267 318.4161 639.2532
268 315.9108 665.8798
269 348.4622 649.0662
270 368.5389 661.7803
271 337.2575 668.9301
272 354.6682 673.7754
273 403.7100 708.1149
274 301.6477 558.1087
275 303.7187 534.7707
276 497.8792 387.8444
277 365.4042 491.6679
278 359.6781 558.7555
279 362.7726 547.2011
280 480.7340 552.7631
281 305.5215 507.3559
282 439.7134 359.9161
283 472.7242 369.3427
284 531.5567 321.2827
285 343.0513 378.4779
286 380.6646 406.3774
287 419.5327 683.2491
288 567.3960 693.5869
289 343.9214 571.9190
290 325.7107 578.6690
291 393.8770 684.8645
292 383.2855 682.7379
293 486.9638 355.9543
294 362.2267 571.0293
295 397.0788 361.4700
296 400.8690 343.3397
297 429.4980 264.7803
298 508.5371 337.7052
299 412.6734 302.1251
300 514.6629 380.3102
301 538.3455 373.8613
302 317.2698 654.1731
303 341.7839 660.7206
304 361.2285 667.9397
305 338.8279 576.5631
306 388.3892 684.3498
307 378.9926 690.5314
308 380.9157 681.2988
309 329.0370 560.8040
310 351.3401 673.1110
311 334.1053 671.2236
312 314.7037 670.3179
313 328.1866 751.4763
314 324.0141 727.0617
315 321.9506 711.7624
316 319.7401 698.2166
317 318.1365 689.2276
318 356.8838 686.8164
319 360.4703 690.3602
320 365.9920 697.4243
321 371.4912 705.9570
322 388.2062 635.8508
323 591.3924 574.8412
324 368.6450 685.7681
325 373.1921 687.2593
326 318.7296 589.0047
327 356.0772 586.7010
328 321.9507 584.0671
329 389.9136 506.3661
330 426.4175 522.6910
331 368.0143 559.0245
332 489.2080 286.8253
333 468.7549 312.4999
334 448.5391 342.5833
335 384.8236 725.0359
336 349.1958 349.1688
337 358.6730 301.5368
338 370.0281 255.8583
339 459.8843 452.5159
340 518.5427 481.9097
341 366.7758 443.0368
342 489.3225 418.2598
343 348.7178 475.4791
344 343.3667 547.4244
345 547.4275 501.2241
346 500.2659 496.2473
347 468.4806 502.9037
348 424.3523 497.6352
349 392.6003 487.1985
350 368.4313 475.6269
351 316.2614 442.4377
352 543.4884 550.2926
353 510.9964 416.7049
354 296.2463 571.2998
355 361.2010 513.4038
356 592.3924 468.6991
357 350.2764 462.0173
358 372.5581 562.2001
359 477.3504 432.6543
360 346.5376 533.4208
361 585.6154 632.8838
362 367.2903 434.7066
363 325.7696 517.5583
364 499.1769 741.6764
365 506.7289 774.6109
366 578.1481 563.6889
367 531.2254 710.7689
368 557.9387 415.4024
369 394.1459 816.4901
370 296.7269 577.6052
371 382.3179 532.0902
372 543.8472 457.2004
373 437.9984 441.3413
374 419.1089 443.3998
375 385.3421 695.2670
376 540.5679 599.1211
377 351.2702 851.4020
378 431.4421 823.3516
379 466.7029 803.5072
380 400.9720 442.4954
381 384.1624 439.3131
382 373.0083 437.1434
383 531.4288 414.9148
384 384.9632 421.7183
385 403.1382 417.1171
386 421.0962 415.9380
387 439.9288 418.8214
388 452.9891 423.6969
389 582.2296 411.6623
390 450.8652 438.3072
391 366.5220 620.2232
392 343.4208 567.2493
393 321.7877 608.3407
394 465.0572 771.5464
395 431.5121 794.7895
396 348.3207 830.9500
397 538.9706 741.1568
398 372.4151 429.1631
399 328.9161 478.2235
400 393.6389 840.0724
401 572.4368 617.1162
402 338.8862 687.9502
403 342.2833 694.3053
404 346.3318 705.0994
405 350.3462 718.5430
406 359.9532 740.6821
407 371.3136 678.0819
408 378.1252 676.3063
409 384.9051 672.7094
410 407.2106 657.3830
411 502.0776 607.3698
412 332.0263 457.2493
413 347.9075 417.7846
414 362.0986 421.5691
415 367.0054 675.0941
416 511.1372 669.6708
417 326.8149 414.9253
418 374.1272 763.6038
419 311.9844 464.6723
420 343.4331 514.9343
421 335.4367 775.5187
422 428.2423 718.5037
423 391.8078 582.5980
424 404.6612 745.0121
425 444.9603 581.0467
426 412.9147 606.9232
427 466.5265 622.0108
428 343.0193 804.1427
429 358.9399 530.1499
430 451.7864 740.1369
431 420.5411 766.6153
432 444.7065 687.3822
433 536.3719 641.6710
434 478.3928 694.5457
435 559.4239 666.7672
436 431.8575 640.2549
437 344.6896 495.4891
438 335.6369 557.1082
439 352.4860 566.0204
440 324.5021 539.5557
441 363.9423 398.1396
442 398.3904 385.2433
443 429.0271 382.7761
444 455.8408 387.4446
445 476.3093 398.7286
446 496.0822 441.0454
447 579.5415 512.7368
448 478.1299 471.3242
449 454.0688 476.8705
450 423.6642 475.7954
451 395.1209 470.1529
452 373.0045 462.0070
453 357.5197 453.7774
454 592.5813 521.7939
455 353.0809 573.5092
456 325.8046 497.2471
457 317.9906 555.9269
458 308.0532 568.5481
459 319.4873 560.9697
460 347.8991 581.5426
461 303.4619 570.1037
462 303.7721 576.4953
463 358.4562 435.5515
464 345.3124 440.7582
465 336.7595 443.3676
466 461.0682 427.4040
467 474.3462 418.7674
