# Image: /home/yaroslav/Projects/Diia.AIContest-AdAstrum/fixtures/FLUXSynID-processed/009e15bb92a0/009e15bb92a0_f_doc.jpg
# Mode: stream
# Status: fail
# Errors: face_not_looking_straight_at_camera: Head is turned 179.6째 (max: 15.0째); head_is_tilted: Head is tilted 15.7째 (max: 10.0째); face_too_small_in_frame: Face occupies only 44.5% of frame (min: 50.0%)

# 2D Landmarks (index x y)
0 308.7891 590.1247
1 307.4754 518.3339
2 307.3600 540.7442
3 291.3256 452.6495
4 307.2669 497.4596
5 306.8071 470.7456
6 305.9185 407.9438
7 178.7163 407.2016
8 305.9796 367.1412
9 306.3620 341.8571
10 305.9141 245.1063
11 308.9482 600.2673
12 308.9190 607.3054
13 308.8445 609.6191
14 309.7457 613.1917
15 309.9867 620.5572
16 310.1461 630.1393
17 310.1336 640.8783
18 309.5805 659.6772
19 307.3512 529.1700
20 290.7954 528.4980
21 111.0349 341.5867
22 229.6312 423.8187
23 211.7596 425.6925
24 194.6686 425.3101
25 171.9276 415.9696
26 244.8966 418.4231
27 207.5507 380.5627
28 225.7447 380.8302
29 190.4954 383.6217
30 178.5766 389.4846
31 156.3244 430.3289
32 240.8019 694.1101
33 172.6190 403.1391
34 100.9489 426.4787
35 135.1557 419.5638
36 218.0921 506.9730
37 287.0716 587.3230
38 290.4170 607.2962
39 264.9194 594.3314
40 250.2951 603.5355
41 274.3215 609.0896
42 261.1260 611.7439
43 227.2100 633.8839
44 292.3095 518.1912
45 289.8428 498.2970
46 148.4006 372.1588
47 253.2203 455.3238
48 250.1005 515.5094
49 248.8868 505.0146
50 164.1809 507.2690
51 290.5100 473.3792
52 192.8864 350.7506
53 166.8585 357.9643
54 129.4246 305.0305
55 271.2028 363.8881
56 242.0089 385.1959
57 213.1108 616.1582
58 117.6671 613.9762
59 263.3151 526.3237
60 278.5341 532.0005
61 233.6475 616.4682
62 240.9640 614.6875
63 156.1883 345.5564
64 249.5044 524.8695
65 227.4876 351.4522
66 223.7976 335.0065
67 203.3103 256.2518
68 143.2998 323.9017
69 215.2805 293.0447
70 136.9234 364.2531
71 123.9832 353.3232
72 288.5704 599.4203
73 270.4902 603.6786
74 255.9888 608.1138
75 268.1002 529.8306
76 237.6624 615.9120
77 245.5206 617.9759
78 242.4941 613.5060
79 273.2403 518.5822
80 264.0691 610.3303
81 277.4938 609.5991
82 292.5207 609.5242
83 285.9459 660.6245
84 288.1584 640.4656
85 289.3774 628.8352
86 290.4430 619.4095
87 291.7533 613.2008
88 261.3883 613.7692
89 259.1502 615.8695
90 255.7060 620.7593
91 252.3171 627.4284
92 233.9811 579.9680
93 98.5492 517.0573
94 307.3527 533.6233
95 252.5147 614.3147
96 249.3060 615.3663
97 284.8908 541.2005
98 256.4532 537.3319
99 281.8221 536.7415
100 234.6208 468.0024
101 205.8599 482.4203
102 245.8937 514.4252
103 158.7425 275.9350
104 172.4369 302.9813
105 186.0866 334.8372
106 242.7290 644.3000
107 265.2747 338.0528
108 258.2475 290.6572
109 250.7789 247.1254
110 180.1568 422.3798
111 136.2712 445.9686
112 254.5996 412.8663
113 156.7773 395.0097
114 265.7030 441.4270
115 261.4411 507.1069
116 116.4187 461.1285
117 149.6030 459.0725
118 173.7835 465.2923
119 208.3721 460.7050
120 233.4139 451.3839
121 252.2498 440.9607
122 289.0015 413.6044
123 120.0708 502.8966
124 140.5979 393.7879
125 298.4161 528.4252
126 254.9380 474.6148
127 95.5056 428.1089
128 266.1689 429.4171
129 244.5185 516.3294
130 166.9290 405.9447
131 260.4971 494.4513
132 104.0262 564.9126
133 254.4137 405.2416
134 275.1170 481.7084
135 160.1470 655.2861
136 160.5029 678.5510
137 100.5658 510.6888
138 136.6971 630.2046
139 112.0446 386.6925
140 236.3778 713.6864
141 300.3036 532.9410
142 239.0216 490.4152
143 118.9410 424.4473
144 196.2180 412.3561
145 211.5954 413.8900
146 241.3205 622.1996
147 124.0606 543.1062
148 270.0429 738.4782
149 213.7835 717.3069
150 189.1274 701.9309
151 306.1832 291.4358
152 308.6506 740.6346
153 226.6873 412.6849
154 240.8214 409.4683
155 249.8633 407.3206
156 127.0578 390.9898
157 239.0972 392.4903
158 223.7777 388.0934
159 208.5986 387.2816
160 193.1325 390.7100
161 183.2771 395.9325
162 100.5213 380.0553
163 185.7397 409.7893
164 307.8521 556.2630
165 249.7784 566.9165
166 263.0582 522.9348
167 283.5899 558.8669
168 305.7230 387.0224
169 185.1838 679.3971
170 209.7373 696.9933
171 269.2630 725.1665
172 137.5276 651.7368
173 249.7444 399.7045
174 277.6093 445.2289
175 309.0802 726.0202
176 240.1018 729.8557
177 106.6529 554.6619
178 275.3809 613.0552
179 273.0584 617.5637
180 270.6486 624.8601
181 268.3788 634.9326
182 261.9524 653.6461
183 249.0708 613.5960
184 244.1384 612.6867
185 239.0464 610.2026
186 220.2478 597.1208
187 149.7592 551.7002
188 277.6696 426.1459
189 269.1278 392.5295
190 257.6246 395.9482
191 252.4997 610.9685
192 146.6559 600.5728
193 283.8803 390.8130
194 250.7377 674.0190
195 306.4938 449.0233
196 289.6953 433.8979
197 306.1924 428.9371
198 265.6116 477.4617
199 309.4240 705.7301
200 309.4980 681.1098
201 279.2557 682.1149
202 208.3885 642.3001
203 230.5715 533.3820
204 227.7871 661.1773
205 190.1702 531.5802
206 214.6690 554.2353
207 174.6126 565.2077
208 272.3757 705.9342
209 254.8965 489.7344
210 191.9854 657.0441
211 216.2213 676.9567
212 193.6765 618.6345
213 128.8055 577.3738
214 170.3108 621.3987
215 116.7799 594.7325
216 200.5301 582.1917
217 266.6246 459.6302
218 267.4190 515.5352
219 255.5702 521.8117
220 274.6394 501.5664
221 255.8202 379.1248
222 227.2911 371.1696
223 202.3162 370.0197
224 181.0132 373.0384
225 165.5807 380.8644
226 152.9583 412.5715
227 97.8154 467.9706
228 166.8269 438.1221
229 185.3345 442.9296
230 209.2023 441.9615
231 231.8884 436.6649
232 249.6779 429.2774
233 261.8533 422.0738
234 96.6214 472.5675
235 256.1372 527.3795
236 277.7044 462.8356
237 279.8265 515.6114
238 289.9531 525.3050
239 280.1429 519.0682
240 261.6236 533.4949
241 293.0492 527.0873
242 294.6998 531.5419
243 260.8588 406.7903
244 271.3609 411.0977
245 276.6512 413.7010
246 177.4160 399.7711
247 168.5198 395.8659
248 321.6845 452.5085
249 430.8097 405.9078
250 323.5819 527.9877
251 494.9870 339.6167
252 381.0185 422.6216
253 398.8936 424.1098
254 415.7136 423.4580
255 437.3605 414.4048
256 365.7321 417.5727
257 402.9947 380.4222
258 384.8710 380.5340
259 419.7742 383.4298
260 431.1908 389.0790
261 452.8743 427.9245
262 376.5934 691.9470
263 436.6402 402.1136
264 505.1287 422.9615
265 473.0861 416.8668
266 395.0626 504.9008
267 330.3048 586.3306
268 327.4166 606.4206
269 352.6400 592.2844
270 367.3665 600.6144
271 343.5586 607.4192
272 356.7834 609.2776
273 390.3168 630.4754
274 322.4401 517.6874
275 324.5243 497.8113
276 460.8543 371.4077
277 358.6932 454.3541
278 363.3633 514.0875
279 364.1660 503.5106
280 447.8472 503.7320
281 323.1418 473.0463
282 418.2283 351.2277
283 443.2664 358.0239
284 478.0129 303.7090
285 341.0762 364.0592
286 368.6606 384.9359
287 403.6508 612.2018
288 488.4077 609.1952
289 350.4849 525.0528
290 335.6780 531.2298
291 384.2078 612.9124
292 376.7470 611.3877
293 453.5100 345.6350
294 364.0627 523.3976
295 384.4984 351.8285
296 388.4866 335.2993
297 407.2411 255.8628
298 465.5216 322.9520
299 396.4025 292.9690
300 471.8040 363.3445
301 483.7311 351.8048
302 329.2858 598.5229
303 347.4413 601.7108
304 362.0027 605.4121
305 345.8648 528.7553
306 380.1907 612.3764
307 372.9548 614.9678
308 374.8398 610.3624
309 340.9452 517.4513
310 353.3559 608.0183
311 339.9905 608.0870
312 325.0374 608.6597
313 333.1058 659.7698
314 331.9504 639.4459
315 330.8709 627.9462
316 329.3415 618.6671
317 327.6668 612.4731
318 357.2135 611.3953
319 359.6818 613.4034
320 363.2600 618.3255
321 366.6021 624.9223
322 382.0019 577.1952
323 505.5777 512.6159
324 365.6579 611.6027
325 369.0211 612.5116
326 329.7285 540.5003
327 357.4612 535.9609
328 332.4879 536.0376
329 377.5241 466.4880
330 406.6457 480.1033
331 367.1644 512.8475
332 450.1782 275.0572
333 437.7883 302.6881
334 424.9034 335.1317
335 375.4085 641.5944
336 347.5585 338.3061
337 354.1618 290.5186
338 360.8457 246.9656
339 429.6071 420.5903
340 472.6161 442.7245
341 356.0794 412.3535
342 452.2762 393.8786
343 346.1709 440.7913
344 352.3693 505.9108
345 491.6076 457.2892
346 460.2846 455.7812
347 437.2517 462.3191
348 403.3670 458.5621
349 378.1749 449.9237
350 359.2023 440.1397
351 322.8827 413.4088
352 488.8398 498.6187
353 468.0176 392.0379
354 316.3657 528.1588
355 357.5202 473.6167
356 508.4515 424.5942
357 345.2151 428.9681
358 368.3331 514.6839
359 442.1544 404.8601
360 352.6563 493.3709
361 500.6145 560.2165
362 356.0851 404.7866
363 338.3300 480.9672
364 451.7615 651.0473
365 450.0389 674.5349
366 505.7273 506.2321
367 473.1455 625.6160
368 494.6812 384.0407
369 380.3363 711.4599
370 314.3001 532.6977
371 373.5258 488.8789
372 488.5838 421.3484
373 414.0187 410.8780
374 398.9092 412.5613
375 377.1532 619.0959
376 485.3291 538.6916
377 346.6192 737.4519
378 400.5863 714.5752
379 423.7341 698.5346
380 383.8844 411.5961
381 369.8039 408.4765
382 360.7217 406.6962
383 481.0900 388.8207
384 371.1232 392.0678
385 386.1676 387.7800
386 401.2654 386.9805
387 416.5282 390.1585
388 426.2640 395.1336
389 504.4250 377.3653
390 424.0677 408.3172
391 365.6750 564.9414
392 350.8837 521.6289
393 332.1364 557.9539
394 428.4803 675.7371
395 405.4818 694.0546
396 348.4757 723.9356
397 470.5715 647.3520
398 360.6035 399.2559
399 334.8921 444.8832
400 375.8220 727.9317
401 500.1858 549.9694
402 343.7958 611.4999
403 346.3905 615.8853
404 349.0500 623.0737
405 351.2935 633.1782
406 356.7590 651.8700
407 368.7511 610.6372
408 373.6939 609.4441
409 378.7187 606.8083
410 396.0630 593.5817
411 461.8974 547.5473
412 334.1398 425.7978
413 341.8479 392.4319
414 352.9205 395.6741
415 364.9065 608.2038
416 464.6109 596.2493
417 327.4547 390.7766
418 367.0810 671.9247
419 322.7025 433.6590
420 347.0638 476.6369
421 339.4847 681.0896
422 407.6016 638.7568
423 383.0583 531.3159
424 389.0616 658.3934
425 423.3997 528.4998
426 399.7718 551.5348
427 438.9557 561.5258
428 345.9950 704.7349
429 357.5987 488.6287
430 422.7289 653.3028
431 399.9187 674.0102
432 421.6521 614.5873
433 480.8364 572.8915
434 443.1604 617.2238
435 491.2171 589.9771
436 414.5462 578.6029
437 345.7161 458.9025
438 346.6848 514.3633
439 358.2324 520.3999
440 339.4520 500.7979
441 355.4618 379.1236
442 383.9785 371.0793
443 408.6605 370.0398
444 429.4512 372.9318
445 444.1171 380.4634
446 455.9125 410.7380
447 508.2321 463.9688
448 443.0312 435.6251
449 425.2247 440.5260
450 401.8272 440.0930
451 379.1537 435.2439
452 361.4245 428.4476
453 349.2441 421.5069
454 507.0306 468.5182
455 357.5691 525.9948
456 335.1488 462.3744
457 334.7439 514.7337
458 324.6314 524.7316
459 334.2496 518.1488
460 352.3223 532.3110
461 321.7466 526.6066
462 319.8995 531.2323
463 349.8798 406.4813
464 339.6184 410.8719
465 334.7106 413.5450
466 432.0401 398.9655
467 440.7226 395.1452
