# Image: /home/yaroslav/Projects/Diia.AIContest-AdAstrum/fixtures/FLUXSynID-processed/009e15bb92a0/009e15bb92a0_f_live_0_p_d1.jpg
# Mode: stream
# Status: fail
# Errors: strong_shadows_on_face: Strong shadows or uneven lighting detected (difference: 47.9); face_not_looking_straight_at_camera: Head is turned 168.6째 (max: 15.0째); head_is_tilted: Head is tilted 19.7째 (max: 10.0째); face_too_small_in_frame: Face occupies only 41.8% of frame (min: 50.0%)

# 2D Landmarks (index x y)
0 271.9090 632.8861
1 279.8854 565.0616
2 278.5321 584.6955
3 277.4981 496.9911
4 283.0693 544.9721
5 288.1791 518.4883
6 301.7406 454.7438
7 182.9012 422.7060
8 309.8413 413.2563
9 314.1601 388.5578
10 334.3556 288.2308
11 270.4987 642.7336
12 269.6592 649.0814
13 269.6979 650.7703
14 268.2571 657.2208
15 266.7844 665.0545
16 265.0237 674.7239
17 263.1657 685.2571
18 260.4354 701.3919
19 278.7092 574.8265
20 264.2193 569.9592
21 137.4467 342.8973
22 229.4361 450.6796
23 211.7877 448.6302
24 195.2651 444.7544
25 175.7124 429.7157
26 244.7871 449.0147
27 214.2712 402.7145
28 232.5711 407.2968
29 196.9733 401.8699
30 184.8703 405.1107
31 158.7237 441.1726
32 188.5778 717.0461
33 177.8441 416.9532
34 112.4130 423.8997
35 141.7991 425.8714
36 199.8859 531.3616
37 250.6040 625.7042
38 250.8046 645.2253
39 227.6216 626.9393
40 212.2337 631.6050
41 234.8197 643.0717
42 221.7583 641.9570
43 185.0629 655.1225
44 265.4928 561.6890
45 266.1824 542.1965
46 160.1731 382.7871
47 244.2485 488.0346
48 227.7757 548.4202
49 229.0831 537.5162
50 148.9095 519.4041
51 272.0543 517.7562
52 203.3606 373.1121
53 178.6105 373.6150
54 158.8642 312.1004
55 275.6215 403.4688
56 247.8340 415.5462
57 174.9226 634.2910
58 98.2780 607.2097
59 238.9000 561.4354
60 252.6030 570.2916
61 193.3091 639.2939
62 201.3765 639.6441
63 171.5226 359.0504
64 226.1438 556.7697
65 235.3058 382.0037
66 234.5472 365.0935
67 233.1752 280.1531
68 165.6655 334.4781
69 235.9041 320.6588
70 151.6954 372.4266
71 144.5050 358.2011
72 249.9750 637.5460
73 231.5530 637.0492
74 217.0430 637.2736
75 242.9829 565.7544
76 197.3673 639.7800
77 204.1331 645.1575
78 203.6812 638.8300
79 248.5205 556.9115
80 225.5835 640.9725
81 238.4831 643.7398
82 253.1207 647.1586
83 236.1791 697.2423
84 240.7570 679.9740
85 244.0425 668.9466
86 247.0285 659.6248
87 249.9222 653.3609
88 220.7717 645.6853
89 217.7482 647.4224
90 213.0486 651.5804
91 208.5761 657.2202
92 201.0679 605.3346
93 98.9712 508.7261
94 278.7962 578.4406
95 212.6192 643.1919
96 208.6874 643.5715
97 256.8973 580.6353
98 230.7605 569.9158
99 254.8647 575.7597
100 224.3142 496.0688
101 193.3704 504.1250
102 225.0523 545.5483
103 189.3168 290.3868
104 195.0957 320.7806
105 200.0410 355.9513
106 197.5642 669.8463
107 273.6768 377.1828
108 277.3404 326.7458
109 279.9124 280.2126
110 182.1013 438.3630
111 137.1239 452.5774
112 254.9284 445.9305
113 164.8463 406.3730
114 258.3587 477.6628
115 239.0453 543.2968
116 116.8555 462.5825
117 146.1003 468.6154
118 167.1322 480.2238
119 201.1405 482.7991
120 227.1354 478.9329
121 246.7749 473.1067
122 284.6349 456.7888
123 111.6388 504.1023
124 150.6059 401.9997
125 270.2676 572.3548
126 241.5941 507.8763
127 111.0275 422.0479
128 261.8586 465.3636
129 224.1632 546.3977
130 172.6032 418.6485
131 241.1583 530.3642
132 95.2287 556.3286
133 256.3537 438.2726
134 256.4188 521.9553
135 123.6268 659.8613
136 123.0627 680.9451
137 96.5595 505.5489
138 107.1492 630.1145
139 128.8036 387.8415
140 182.5559 734.1756
141 272.2630 576.4049
142 223.7955 519.4445
143 126.7419 426.9633
144 198.6487 432.2858
145 213.3965 437.1856
146 199.4435 647.9828
147 108.0469 543.7695
148 211.5162 764.4790
149 163.7955 730.7424
150 144.4746 710.1801
151 324.6979 336.2099
152 247.7694 774.6090
153 228.3078 439.1361
154 242.7094 439.1510
155 251.8359 439.2763
156 139.3503 395.9614
157 243.9667 420.8014
158 230.0720 411.9283
159 214.6958 407.4122
160 198.6465 407.6218
161 188.3163 411.1760
162 122.6058 377.3089
163 189.0779 427.2880
164 276.6495 599.8886
165 218.5555 596.8062
166 238.9076 558.4015
167 252.4563 597.3962
168 306.4760 432.8561
169 142.3930 688.8009
170 161.4754 711.5294
171 211.1645 752.9490
172 108.2078 649.0657
173 252.7825 431.4192
174 267.3075 485.5465
175 249.1632 762.2989
176 185.0955 749.2803
177 94.2199 549.4494
178 233.9058 649.1409
179 230.4461 653.3578
180 226.3751 660.2237
181 222.2720 669.5650
182 213.9757 684.4985
183 209.6564 640.3799
184 204.7110 638.1835
185 200.1894 634.6469
186 184.9859 618.0681
187 128.1301 558.8167
188 272.0663 465.9718
189 271.5400 429.7415
190 260.6398 429.8951
191 214.3175 638.4286
192 118.5031 604.6754
193 284.9346 432.0411
194 200.5433 700.3675
195 292.7963 496.5533
196 280.3546 477.6909
197 297.1173 476.2769
198 249.9318 514.2435
199 252.2284 743.9673
200 256.4974 721.0722
201 226.3162 715.3647
202 167.1561 658.7820
203 207.4974 559.7343
204 181.7678 681.9802
205 168.2932 549.3324
206 187.9745 576.3453
207 148.2678 577.8949
208 216.0986 736.1640
209 238.4268 523.2125
210 150.5415 669.3670
211 169.1617 694.2902
212 157.3693 632.6702
213 107.0810 577.8364
214 136.0046 630.2959
215 96.1986 590.7419
216 169.6118 599.3742
217 254.9371 496.4260
218 243.2579 552.7665
219 231.8965 555.7232
220 251.7841 541.5489
221 260.3951 413.8672
222 233.8626 399.7878
223 209.8476 393.0466
224 189.2474 390.9289
225 174.3113 394.8380
226 159.1597 422.5954
227 101.9462 463.6554
228 166.6285 451.2099
229 183.1989 460.3223
230 206.3249 464.3031
231 229.0006 463.8620
232 247.0793 460.7360
233 259.7997 456.6341
234 105.0073 465.0452
235 231.9153 560.7704
236 263.1839 503.4868
237 254.4560 556.2553
238 263.2728 567.0649
239 254.7112 559.0892
240 236.1706 567.6312
241 265.4698 569.8057
242 267.3015 573.8624
243 261.8530 441.5336
244 270.6185 448.2590
245 274.4048 452.6148
246 182.3908 414.2756
247 175.1503 409.2573
248 307.3329 502.4397
249 432.1443 469.1392
250 295.9901 575.5971
251 517.4776 411.8775
252 377.4562 477.7852
253 395.2417 482.2138
254 412.7108 484.5868
255 437.5448 478.4682
256 363.0299 470.6859
257 408.4624 439.2159
258 389.4812 436.4583
259 425.2646 444.9723
260 436.1062 452.4587
261 451.0720 494.7317
262 322.2858 742.1074
263 439.4086 466.0231
264 510.7918 496.7513
265 474.7797 487.0786
266 376.0854 562.5644
267 294.7288 632.8035
268 289.3166 651.3713
269 317.3720 641.0669
270 332.0902 650.1463
271 306.3010 654.1579
272 320.3999 656.9969
273 350.4563 682.6219
274 294.8957 566.9521
275 300.1362 548.1364
276 469.2584 441.0732
277 348.5452 506.6960
278 339.2445 567.6703
279 342.4462 557.2494
280 431.2927 570.0623
281 304.0706 523.4170
282 427.0953 415.4666
283 452.5053 425.4899
284 504.1630 374.3583
285 345.8248 416.8469
286 372.2157 438.5369
287 367.3954 666.1282
288 461.8364 675.2033
289 324.7433 576.1281
290 308.6040 579.8358
291 349.3329 663.4460
292 341.9662 661.0567
293 465.8599 414.6285
294 339.0302 576.1406
295 391.8688 411.4824
296 398.5120 395.8011
297 436.0775 316.3123
298 484.7745 393.0288
299 415.8342 353.3578
300 483.0449 434.4435
301 500.3108 423.8466
302 291.9669 644.2545
303 310.7593 649.3693
304 325.8337 654.0300
305 319.6720 578.7940
306 345.4095 662.4425
307 336.2233 665.8331
308 340.1308 659.8780
309 315.1573 568.4269
310 317.5782 654.8221
311 303.2856 653.7693
312 287.2821 652.5270
313 284.7593 705.8352
314 286.2630 687.7103
315 287.1905 676.3412
316 287.4995 666.5243
317 287.2233 659.6137
318 319.5455 661.2511
319 321.6589 663.9048
320 324.3807 669.6349
321 326.4854 676.5865
322 349.8645 630.1453
323 499.1404 582.6582
324 329.1225 661.4308
325 332.5364 662.9497
326 300.9677 588.0172
327 330.9398 586.7621
328 304.5650 584.0334
329 365.4544 521.1901
330 392.5416 539.6866
331 344.4317 566.1950
332 478.5788 342.0155
333 458.1099 368.9255
334 436.9339 400.3591
335 332.3224 693.1032
336 356.2535 392.8649
337 372.9709 344.1136
338 389.6463 299.7389
339 428.0625 483.7240
340 468.8275 512.9529
341 354.1199 464.4090
342 456.8954 461.0326
343 337.9555 492.0231
344 328.5518 559.0042
345 487.0056 530.1204
346 452.9153 524.1167
347 427.4217 526.9381
348 393.1789 517.3567
349 369.2922 504.4998
350 352.2284 492.1962
351 317.9814 462.8220
352 476.4537 570.4198
353 473.8271 462.1078
354 287.6626 575.4045
355 343.1785 525.8075
356 518.4619 496.5064
357 339.9889 479.4855
358 346.4037 567.3751
359 444.5249 469.5723
360 331.9882 546.3377
361 484.6144 628.8874
362 355.9385 456.9424
363 318.5651 532.9862
364 409.5460 712.7130
365 405.5548 733.9719
366 495.8830 579.1832
367 438.1214 691.2333
368 506.8324 456.9934
369 322.4688 760.7586
370 285.7690 578.7855
371 356.9956 542.8697
372 490.9919 493.8426
373 413.0419 471.7989
374 397.2993 470.9611
375 339.7815 670.2458
376 466.2216 609.0224
377 285.1493 778.6016
378 344.3998 765.3013
379 372.0668 753.2747
380 382.3044 467.3888
381 368.5744 462.2170
382 359.8685 459.3376
383 488.9609 460.6607
384 374.2664 445.2936
385 390.9122 442.2613
386 406.7862 443.9802
387 421.8145 449.9794
388 430.5385 456.9754
389 521.8445 450.0389
390 424.2323 470.8659
391 334.5439 616.1294
392 325.3366 573.2759
393 300.8767 605.3620
394 379.5433 733.0942
395 351.7525 747.3199
396 287.8651 767.7066
397 434.1991 710.0854
398 361.7023 451.8942
399 323.8214 495.7547
400 316.1185 774.4747
401 482.2160 621.1947
402 304.6142 660.6498
403 306.4096 665.7900
404 307.6237 673.7587
405 307.9774 684.0593
406 310.7972 701.4699
407 333.4183 659.1142
408 338.5590 658.7182
409 343.9503 656.7000
410 362.3052 647.4324
411 439.0115 614.8006
412 327.8334 476.1054
413 343.4349 443.1477
414 354.4961 447.3560
415 330.1343 656.0707
416 433.7345 661.8921
417 328.2483 440.1394
418 317.0737 721.5272
419 312.7696 483.5868
420 330.5758 528.4124
421 286.9025 726.6424
422 365.1217 693.7284
423 358.6758 585.9628
424 342.4469 710.7081
425 401.0224 590.8028
426 372.3765 608.7140
427 411.6619 625.0224
428 288.6095 749.8487
429 339.9040 540.8956
430 377.5623 710.7766
431 349.8733 727.6894
432 384.0300 672.1828
433 455.6014 641.3875
434 406.0551 678.9295
435 464.8582 658.8389
436 383.2493 636.4634
437 333.1474 510.3907
438 321.2747 566.4662
439 332.7785 573.2003
440 315.3892 552.8558
441 359.0087 432.4132
442 389.1594 428.8776
443 414.6541 431.5558
444 435.7852 437.5184
445 450.2282 446.8766
446 457.6855 477.9232
447 506.1888 537.9846
448 438.9332 500.8856
449 419.2337 503.1916
450 395.1184 498.5536
451 373.1569 490.0038
452 356.8051 480.7596
453 345.8252 472.3588
454 509.3110 539.2677
455 331.7398 577.9708
456 319.9176 513.6438
457 308.0634 565.7141
458 297.0169 573.0959
459 307.7514 568.3874
460 325.8353 582.9016
461 293.4220 574.7249
462 291.6162 578.1325
463 349.1591 457.8450
464 338.0803 460.6868
465 331.9958 463.0997
466 435.4399 461.9949
467 444.8117 459.9859
