# Image: /home/yaroslav/Projects/Diia.AIContest-AdAstrum/fixtures/FLUXSynID-processed/00ede72d6139/00ede72d6139_f_live_0_e_d1.jpg
# Mode: stream
# Status: fail
# Errors: image_blurry_or_out_of_focus: Image is blurry (sharpness score: 49.77); strong_shadows_on_face: Strong shadows or uneven lighting detected (difference: 35.3); head_is_tilted: Head is tilted 20.5° (max: 10.0°); face_too_small_in_frame: Face occupies only 32.2% of frame (min: 50.0%)

# 2D Landmarks (index x y)
0 293.4869 520.9435
1 298.5250 453.4154
2 296.4165 483.5646
3 287.7593 404.4863
4 300.4225 434.8053
5 302.2856 416.0145
6 306.6369 376.1057
7 177.7960 378.7790
8 310.5935 340.7252
9 312.9728 318.9806
10 319.1618 255.3467
11 292.6929 530.5841
12 291.6774 540.6176
13 290.8497 547.1517
14 290.7846 552.2088
15 290.1659 559.1920
16 289.0458 569.3225
17 287.6535 581.3315
18 284.5355 606.2058
19 297.4616 466.0711
20 280.7659 470.2313
21 119.3638 335.3314
22 226.2190 394.9826
23 208.4795 395.4806
24 191.6560 394.3376
25 169.6025 386.0693
26 241.5957 391.3610
27 209.7362 345.0237
28 228.1045 348.1018
29 191.5493 346.8937
30 178.4654 353.9159
31 152.9303 398.9167
32 204.3885 638.1139
33 172.1329 374.8073
34 99.2070 404.6958
35 134.2835 389.2218
36 205.2069 459.7286
37 269.9462 517.6285
38 271.8320 540.9416
39 243.9579 528.2106
40 227.6546 541.5843
41 253.6402 544.9962
42 239.5670 551.5636
43 199.4311 579.0274
44 283.2596 452.9030
45 282.1730 435.3648
46 154.2997 337.9645
47 245.9347 418.1297
48 238.4510 459.7940
49 237.7656 452.4453
50 150.5982 461.1268
51 285.0284 417.7441
52 199.2568 314.4557
53 173.7493 322.0877
54 142.5209 300.6661
55 273.7796 333.4315
56 243.5883 356.0043
57 187.7131 562.2178
58 87.0225 581.4409
59 251.9164 471.1917
60 267.0394 477.2999
61 209.9045 563.7357
62 218.8710 562.5342
63 165.1839 313.4342
64 237.0413 471.3357
65 231.9927 317.2042
66 230.2986 304.2556
67 219.7440 257.8739
68 154.1207 306.4257
69 227.0308 279.4663
70 144.1062 334.4889
71 131.8018 335.7128
72 270.5623 529.8873
73 249.3816 537.6073
74 233.7427 546.5436
75 256.3438 475.9157
76 214.6669 563.5521
77 222.3208 563.1873
78 220.9504 561.5700
79 263.0316 458.8668
80 243.2074 552.6937
81 257.1764 548.6347
82 273.5169 546.8025
83 258.9012 604.2872
84 264.0927 579.2225
85 266.9948 566.9553
86 269.6263 556.9458
87 271.9382 551.4401
88 240.3298 556.1334
89 237.3036 558.1434
90 232.3641 563.1808
91 227.2747 570.3411
92 213.5112 522.3275
93 81.9740 494.4280
94 296.7930 474.2885
95 231.0459 559.5296
96 227.2780 560.2536
97 272.4897 484.9867
98 242.4559 485.1351
99 269.9128 481.3604
100 225.4810 428.8477
101 195.2834 439.6664
102 233.8964 463.2630
103 174.5395 273.9517
104 184.5305 286.6956
105 194.3089 303.0205
106 214.0888 588.6927
107 271.0125 311.3166
108 269.0161 281.4603
109 266.0161 253.0614
110 177.2461 391.6923
111 131.3340 412.2244
112 251.9778 386.7233
113 158.0718 362.9448
114 260.6753 405.8329
115 251.2980 448.4467
116 109.0638 427.2801
117 142.1239 421.7387
118 164.8766 425.9328
119 200.1193 423.0868
120 226.2449 416.5040
121 246.5411 408.3670
122 288.6350 380.1861
123 106.1551 462.8009
124 143.5447 362.4055
125 288.5885 465.2316
126 245.4898 432.1285
127 92.1193 415.5381
128 261.9035 398.3360
129 231.7380 467.9227
130 165.2978 375.6782
131 250.9294 440.1450
132 80.6087 537.0531
133 252.7807 381.2660
134 268.0249 426.5370
135 123.4192 607.4427
136 118.7527 636.9988
137 85.5610 477.7211
138 103.9640 585.5122
139 115.7074 368.4397
140 195.6490 661.1675
141 289.9887 473.3308
142 227.9481 446.6684
143 118.0867 395.6838
144 194.8614 383.6626
145 209.8441 385.5765
146 216.6423 567.3965
147 104.4372 499.3430
148 228.9500 694.1201
149 168.7057 670.9218
150 144.6606 657.1592
151 316.1940 286.2831
152 273.3736 701.0534
153 224.3171 385.6352
154 238.3892 384.1413
155 247.6594 382.9597
156 130.7706 363.2053
157 239.1034 371.1621
158 224.5271 366.7609
159 210.4269 364.6869
160 195.2628 365.7998
161 184.7018 369.2377
162 103.3941 371.2963
163 184.7779 381.2224
164 295.4852 496.0501
165 231.2218 509.4955
166 251.9568 466.0960
167 269.0534 498.2727
168 308.3574 360.6406
169 145.5420 629.1204
170 168.7389 645.4160
171 231.1091 673.3661
172 100.5976 614.5205
173 248.8320 376.9706
174 273.3640 403.6822
175 275.8031 680.3436
176 196.0174 683.1236
177 84.7349 517.5902
178 254.9818 552.4324
179 251.5277 556.5347
180 247.5698 564.2201
181 243.4402 575.1851
182 233.7029 597.3561
183 227.3989 558.2453
184 221.5071 556.2594
185 215.6192 553.3662
186 197.8863 540.8207
187 130.4676 502.8322
188 275.1941 391.6982
189 269.1473 366.8428
190 257.7395 370.1746
191 231.7405 556.7284
192 119.8770 551.8406
193 284.8576 363.2973
194 218.2226 617.7328
195 303.7761 402.0867
196 287.7726 392.7605
197 305.1935 389.3193
198 257.2263 429.6935
199 278.7967 655.3786
200 281.9170 628.7296
201 248.6717 625.9428
202 177.5025 587.1365
203 215.4839 483.3311
204 194.8494 605.6103
205 174.7726 480.5530
206 197.0949 500.8569
207 154.6760 512.6840
208 237.8265 649.9925
209 244.4207 442.6183
210 157.0189 603.5388
211 179.5023 622.5157
212 166.3292 564.2624
213 104.1788 531.8569
214 140.5881 569.2227
215 88.9494 554.0263
216 179.5551 527.5184
217 259.8019 417.7613
218 257.0977 455.2877
219 244.0203 464.8826
220 266.0793 440.3417
221 257.2502 349.4574
222 230.3990 336.1195
223 205.9373 332.4037
224 184.4861 335.9630
225 168.4297 345.8646
226 151.8846 382.2866
227 89.7732 440.2225
228 161.6804 404.6920
229 179.4986 408.4360
230 203.2906 408.5578
231 226.5004 405.3007
232 244.9684 399.9895
233 258.1312 394.1155
234 86.8380 455.5301
235 244.1168 472.5479
236 272.0456 414.5996
237 270.5513 452.2177
238 280.2633 464.6103
239 270.5118 457.7927
240 248.7662 480.1413
241 283.2791 464.6785
242 284.2560 472.5903
243 259.4887 381.1232
244 269.1939 384.3074
245 274.5305 384.6612
246 177.8419 372.1570
247 168.2436 363.1111
248 319.0250 407.2568
249 432.0955 401.6989
250 313.4479 472.8052
251 496.4437 369.5762
252 381.5287 408.6817
253 398.6145 412.1479
254 415.2413 414.0505
255 438.8120 410.2841
256 367.6075 402.7631
257 406.7182 363.9452
258 388.3853 363.7688
259 424.1140 368.8046
260 435.5527 377.8652
261 452.0966 425.6330
262 355.6700 651.2484
263 438.3569 399.0957
264 503.0439 441.2142
265 471.9189 419.8800
266 389.6467 474.9602
267 317.1203 520.7019
268 311.3512 543.6299
269 341.1135 534.6811
270 355.0084 550.0296
271 328.7411 549.8929
272 341.5138 558.2736
273 374.9412 592.1296
274 313.8550 455.3967
275 318.0174 438.2503
276 462.1279 367.2985
277 357.2315 427.8993
278 356.9011 469.1819
279 358.8775 462.2455
280 442.7490 485.8538
281 318.9424 420.6969
282 423.5583 337.3517
283 446.4798 348.7923
284 480.8572 331.4952
285 347.9219 341.2704
286 372.2273 368.6601
287 389.8885 577.2086
288 480.4145 617.3078
289 341.6979 478.1510
290 325.8265 481.7499
291 368.7380 574.2306
292 359.9271 571.6641
293 456.2354 342.0114
294 356.2884 480.5862
295 391.7987 333.5575
296 395.8941 321.2048
297 415.7152 275.6504
298 468.5844 335.8822
299 404.5445 296.6400
300 472.5054 365.5097
301 484.3715 368.3725
302 314.6444 532.7315
303 334.4734 543.2428
304 348.1033 554.0153
305 336.6496 481.8790
306 363.9661 573.1135
307 356.6749 571.9806
308 357.8073 570.4759
309 332.8064 464.5110
310 337.6023 558.6582
311 324.3126 552.8792
312 308.1955 549.0141
313 310.0606 608.2574
314 311.4896 582.6952
315 311.7275 570.0659
316 310.9677 559.6672
317 309.8464 554.0880
318 340.1090 562.6015
319 342.7947 565.1324
320 346.6795 570.9561
321 350.1811 578.9160
322 371.5705 534.0665
323 501.9897 532.7074
324 348.5265 567.2646
325 352.1603 568.4724
326 319.4858 488.5166
327 348.8038 493.0775
328 322.5025 485.2161
329 375.1731 441.6533
330 402.9263 457.2620
331 360.6335 473.0838
332 455.8352 299.7947
333 443.7617 311.5287
334 430.7688 326.8687
335 358.2327 599.7057
336 355.3415 320.2382
337 363.3501 290.3560
338 371.7279 262.4757
339 430.1041 414.1068
340 470.4381 442.2871
341 358.8120 396.7167
342 454.0309 390.3446
343 345.3864 413.4021
344 346.1836 456.2675
345 488.9341 461.2389
346 458.1101 449.2243
347 435.0661 449.2782
348 401.1643 440.4478
349 376.9055 429.5863
350 358.7470 418.2757
351 323.4414 383.5173
352 485.1314 495.8907
353 468.1721 392.6611
354 306.4082 466.6848
355 354.9265 441.3648
356 507.2773 453.4956
357 345.6680 405.9703
358 361.9735 478.0283
359 444.9964 401.3256
360 348.0859 448.1245
361 495.1277 574.7534
362 359.2653 391.3030
363 333.7234 431.9860
364 440.7459 635.8905
365 438.6132 666.3870
366 502.1215 515.2838
367 464.0069 617.9825
368 494.0051 402.9429
369 358.5833 675.7712
370 303.9260 474.4896
371 369.4823 458.3810
372 486.7672 429.0780
373 414.4693 403.1116
374 399.2528 402.2647
375 361.3575 577.1189
376 480.0347 532.2812
377 318.0520 702.2342
378 382.2485 690.4698
379 409.0305 681.2624
380 385.1028 399.9905
381 372.2948 396.4093
382 363.8458 393.6603
383 480.4433 395.4769
384 373.5899 383.9127
385 387.9544 382.1779
386 401.9733 382.3669
387 416.6776 385.9136
388 426.9313 391.1654
389 504.9603 407.9283
390 424.8690 402.7231
391 356.2073 518.6103
392 342.5376 473.2624
393 321.0204 501.9130
394 414.5654 653.0036
395 388.3484 664.9640
396 321.2484 681.5466
397 460.7253 647.6879
398 363.6899 387.9698
399 333.1413 408.9126
400 352.8834 697.4161
401 495.3965 554.4484
402 326.5985 557.3251
403 329.1018 561.7673
404 331.2443 570.0365
405 332.9440 581.6647
406 336.8395 605.3697
407 352.2518 566.1998
408 358.5804 565.2081
409 364.6960 563.1288
410 383.7296 554.3833
411 454.7507 530.6725
412 334.0015 397.2539
413 345.7631 374.5689
414 356.3104 379.6689
415 348.3973 564.2616
416 455.4403 581.1390
417 330.7619 367.9942
418 347.1028 628.4922
419 321.5677 395.8371
420 343.7252 436.9053
421 315.3468 631.4859
422 393.3789 604.8470
423 375.3895 495.9809
424 372.6242 620.3267
425 416.0075 500.7731
426 390.7292 516.4951
427 429.6501 535.8078
428 320.0310 657.2952
429 354.0995 451.6328
430 409.2249 625.2985
431 383.3759 640.1786
432 409.1604 583.8793
433 473.8665 564.4568
434 432.3561 594.4684
435 484.4915 589.8299
436 403.1686 545.4400
437 343.6680 424.8799
438 339.2638 461.9655
439 350.5761 473.2969
440 332.9710 445.7864
441 360.7273 359.8525
442 389.3682 351.8744
443 413.5671 352.5567
444 433.4897 359.6794
445 447.3606 372.1164
446 456.4420 409.9746
447 505.0946 477.9030
448 442.6372 429.3684
449 424.1799 429.9001
450 400.9101 425.7729
451 378.8636 418.6461
452 362.2457 410.5832
453 350.7862 402.6332
454 504.4955 493.5769
455 349.1629 480.7149
456 332.0251 419.6972
457 326.3183 456.8382
458 314.7049 467.3655
459 325.3231 462.2989
460 343.3473 487.4046
461 311.7791 467.1323
462 309.5017 474.7152
463 352.6523 389.9983
464 342.0841 391.3904
465 336.3793 390.5697
466 433.2200 395.4262
467 444.2659 388.7980
