# Image: /home/yaroslav/Projects/Diia.AIContest-AdAstrum/fixtures/FLUXSynID-processed/00ede72d6139/00ede72d6139_f_live_0_a_d1.jpg
# Mode: stream
# Status: fail
# Errors: image_blurry_or_out_of_focus: Image is blurry (sharpness score: 33.41); strong_shadows_on_face: Strong shadows or uneven lighting detected (difference: 34.2); face_not_looking_straight_at_camera: Head is turned 179.8째 (max: 15.0째); head_is_tilted: Head is tilted 25.8째 (max: 10.0째)

# 2D Landmarks (index x y)
0 296.3492 638.8393
1 290.0355 555.2569
2 294.5141 581.8516
3 272.3415 485.9662
4 289.2342 532.0551
5 289.5697 504.0138
6 291.8833 439.7360
7 148.9722 443.9206
8 291.2568 395.1349
9 290.3377 368.4593
10 290.1409 276.6512
11 296.8628 650.1526
12 297.6447 658.4841
13 298.2003 661.6723
14 299.4570 676.2362
15 299.4662 685.1979
16 299.5391 696.5306
17 299.8736 710.0701
18 300.6260 736.1971
19 291.5054 567.9225
20 273.7748 568.6894
21 76.9384 383.7694
22 208.8715 459.5046
23 187.5039 461.9395
24 167.0391 462.1903
25 140.3586 453.0300
26 226.8081 453.2207
27 179.3205 411.2532
28 201.2910 411.3096
29 159.1636 415.1008
30 145.8454 422.5306
31 121.9340 469.6916
32 214.1848 774.6173
33 141.5541 440.5551
34 62.8933 471.5764
35 98.7772 459.0706
36 186.6633 549.5177
37 267.1188 636.4664
38 271.9756 659.1837
39 238.2815 644.2458
40 219.7758 654.4408
41 251.1806 661.4253
42 234.7757 664.5409
43 194.4008 693.2000
44 272.1165 555.1930
45 268.3981 533.5496
46 112.3272 404.2733
47 231.6206 493.2959
48 225.7035 555.2488
49 224.4411 544.2376
50 122.7829 550.9565
51 270.2456 507.3022
52 160.1339 376.8434
53 131.7389 386.8970
54 95.9579 344.4327
55 250.4277 390.8730
56 221.1416 416.3040
57 176.6761 670.4415
58 78.9333 683.9193
59 242.5518 567.3256
60 260.2847 573.6989
61 199.9368 671.0891
62 210.7155 669.7158
63 120.0318 374.8952
64 225.8005 566.0926
65 199.3923 377.0486
66 194.2342 360.6765
67 175.4689 290.9973
68 108.1412 358.7682
69 186.2411 323.6215
70 100.3246 397.8114
71 88.4122 391.8343
72 269.0434 650.0891
73 245.4635 654.7744
74 227.2447 659.8161
75 248.2017 571.5000
76 205.3191 670.5959
77 215.5073 676.5681
78 213.8251 668.6967
79 252.3074 557.4796
80 239.4412 663.0647
81 255.9432 662.1841
82 275.3061 661.8656
83 268.3961 735.2749
84 269.5905 708.3822
85 271.1023 694.7516
86 272.8608 683.3214
87 274.9731 675.9004
88 236.9046 673.8480
89 233.3650 676.6882
90 228.4435 682.2345
91 223.9123 690.2612
92 201.4846 629.4092
93 62.9536 574.4297
94 293.1513 573.8629
95 226.2468 672.8843
96 221.1425 673.6698
97 267.6520 583.5566
98 233.8811 580.4080
99 264.1103 578.9031
100 209.3319 506.9664
101 173.4035 522.8109
102 221.5167 555.1627
103 127.0095 312.4587
104 138.9405 334.7565
105 152.0831 361.6511
106 213.0066 709.9205
107 242.3562 364.0940
108 234.8430 321.0293
109 227.7237 280.5951
110 150.0203 459.4459
111 97.9185 486.9578
112 237.7445 446.8008
113 122.4653 430.6151
114 246.1669 477.9066
115 237.8001 545.0999
116 75.1438 505.1815
117 111.6804 499.3842
118 138.0893 504.7563
119 179.0448 499.6104
120 209.8266 489.4460
121 232.3417 478.0644
122 272.3076 446.3217
123 75.2240 549.8238
124 104.9915 430.0388
125 280.6524 567.3970
126 231.9717 513.3835
127 61.5255 476.8332
128 248.3264 465.2623
129 220.2596 557.9685
130 134.2244 442.4614
131 237.2115 531.9751
132 66.1683 628.1166
133 237.4966 439.3560
134 253.0093 517.3386
135 118.0874 727.3500
136 121.4565 758.7088
137 57.5523 563.2607
138 92.4803 698.9576
139 75.9599 428.6105
140 208.4798 801.7644
141 284.9020 573.1897
142 213.2374 530.8146
143 81.0294 465.9799
144 169.6357 448.0707
145 187.9099 449.0894
146 210.0101 680.6428
147 76.9578 595.0614
148 251.4173 838.0498
149 181.7453 806.9057
150 153.1236 786.8675
151 290.0197 321.0552
152 302.8654 843.0525
153 205.4501 447.5727
154 222.0437 443.8072
155 232.4206 441.3781
156 90.4368 428.8454
157 219.1321 431.0553
158 200.9118 429.2493
159 183.3828 429.2447
160 165.8805 432.0123
161 154.3028 435.8905
162 65.9959 425.0345
163 157.5546 446.0301
164 295.4271 600.7095
165 222.3163 614.2562
166 241.7240 563.2521
167 264.5708 604.2945
168 292.3592 417.6998
169 147.5356 756.0671
170 176.6614 779.0272
171 249.7478 817.2492
172 98.6727 727.4551
173 231.6416 435.3186
174 257.9150 480.3260
175 301.2002 821.7173
176 213.0415 824.8330
177 61.8538 612.8078
178 254.3356 674.6762
179 250.5821 680.1118
180 247.0221 688.7722
181 243.9440 700.9644
182 236.8713 724.6420
183 220.2248 666.7846
184 212.9454 665.2092
185 206.1103 662.0524
186 184.3668 648.0422
187 104.2573 602.3375
188 259.8899 460.6454
189 252.6904 424.5456
190 240.6590 428.2128
191 225.7898 663.9618
192 100.9393 660.7470
193 267.6222 422.2108
194 225.4615 748.5608
195 290.3862 481.6728
196 271.7472 467.0193
197 291.1207 461.1273
198 243.8157 514.8835
199 300.6693 793.7220
200 300.6596 762.0941
201 261.5544 760.7662
202 173.5114 704.4823
203 202.5449 577.6743
204 197.1235 730.1606
205 151.4200 577.3552
206 181.0839 601.5538
207 132.7790 615.7744
208 253.3087 790.4024
209 232.0691 528.8242
210 155.0309 725.5715
211 184.1257 751.7766
212 155.1840 675.2943
213 81.4582 634.9892
214 127.8631 682.7629
215 71.8728 658.7072
216 162.6756 632.0158
217 245.7060 496.6941
218 245.1242 554.0643
219 232.4835 561.9756
220 251.8450 537.9146
221 236.0023 408.1089
222 201.4144 398.2763
223 171.9978 397.6258
224 147.6609 402.9765
225 131.1801 413.5364
226 118.6876 450.7587
227 57.3282 516.4805
228 133.1713 476.9391
229 154.3250 481.3173
230 182.6436 479.7723
231 209.9859 473.6402
232 231.1148 465.3372
233 244.9396 457.2890
234 62.8549 525.6147
235 233.8859 568.5432
236 256.9091 498.0587
237 258.1262 552.9550
238 271.4536 564.6539
239 259.6051 557.4188
240 240.2432 575.5931
241 274.5825 566.0483
242 278.2172 571.9210
243 244.8969 439.8808
244 255.5917 444.9723
245 260.2056 447.7322
246 147.1211 438.6372
247 135.2106 430.7301
248 308.9796 485.1631
249 446.7473 438.9919
250 313.5094 567.6858
251 534.1531 374.6887
252 386.0772 456.2591
253 407.9206 457.5986
254 429.1233 457.0679
255 457.5746 447.7703
256 367.7711 450.9287
257 410.1695 407.6845
258 388.7393 408.5723
259 431.2357 410.6054
260 446.1896 417.4484
261 478.3543 463.3967
262 391.4033 774.1032
263 454.5608 435.6083
264 552.2192 464.4547
265 503.9880 452.5514
266 408.1095 544.4714
267 325.5334 634.0195
268 323.7450 657.4562
269 357.1742 639.5024
270 379.0011 648.2209
271 346.6860 657.6842
272 365.5728 659.6913
273 411.4115 688.0590
274 308.8285 554.3830
275 310.3037 532.4222
276 480.5744 398.7253
277 360.0403 490.3738
278 363.0234 551.1536
279 364.6566 540.3829
280 476.8271 543.6703
281 309.7249 506.4604
282 424.9768 373.5151
283 456.4141 382.2344
284 505.3707 335.1451
285 333.0285 389.9404
286 369.8390 414.1627
287 428.2027 663.8314
288 554.1578 682.0896
289 347.7552 563.8030
290 330.0611 571.5390
291 404.9632 663.9387
292 394.7185 663.0842
293 469.0237 369.9435
294 365.4999 561.8343
295 384.0533 374.4652
296 387.6734 357.9379
297 410.8837 284.5873
298 486.6592 351.3844
299 397.2932 319.1435
300 495.2840 391.7010
301 514.7366 384.2813
302 324.8905 647.8868
303 351.0722 650.5157
304 371.8506 654.1585
305 342.8608 568.3137
306 399.6420 663.7826
307 388.7258 670.7831
308 391.9290 662.5572
309 333.8998 554.9508
310 361.7851 658.5735
311 343.0624 658.9332
312 321.7804 660.0545
313 333.5918 734.3962
314 330.5940 707.0485
315 328.6792 693.1904
316 326.4094 681.8514
317 324.4434 674.5812
318 365.9234 669.7676
319 369.4286 672.3536
320 374.4849 678.0782
321 379.4770 685.9960
322 396.1248 623.6820
323 569.2688 569.9106
324 378.3740 667.9830
325 383.2295 668.3233
326 323.2605 581.9819
327 359.6957 576.5848
328 326.5006 576.8833
329 384.2121 502.9929
330 421.6246 517.1825
331 369.7518 550.8365
332 466.1804 304.1996
333 449.4553 328.5665
334 432.8050 357.7982
335 391.7341 706.4536
336 338.6225 362.8930
337 346.5111 318.3236
338 354.5479 276.8410
339 447.2852 453.9259
340 504.6899 479.8801
341 356.3109 445.0948
342 473.9212 425.0964
343 343.5446 475.9330
344 347.3201 542.0432
345 532.3348 497.9134
346 488.6799 492.0394
347 459.3212 498.0790
348 416.2175 494.4415
349 384.3529 485.6231
350 360.5037 475.4836
351 312.6502 445.6417
352 533.1403 542.2950
353 493.8701 423.8537
354 302.5793 566.9359
355 358.8039 510.2071
356 564.3034 470.0708
357 342.9134 463.4145
358 373.3974 553.6862
359 463.0478 437.2571
360 348.7957 528.9258
361 567.3856 624.6677
362 356.9781 438.0052
363 329.0457 515.3556
364 498.7432 725.7545
365 502.1836 759.1825
366 562.1782 557.4573
367 527.9106 696.3943
368 534.2862 421.0109
369 398.4038 802.5341
370 301.7449 572.7846
371 379.8563 526.7913
372 525.6951 459.1588
373 425.1691 443.3637
374 406.3846 445.0687
375 394.7639 674.8096
376 534.4197 588.5954
377 354.8321 839.0268
378 431.8937 808.5665
379 465.1154 788.0221
380 388.6672 444.2487
381 372.1946 441.4683
382 361.9866 439.5890
383 511.9342 422.0694
384 373.8191 428.9449
385 391.2084 426.5248
386 408.1556 425.7018
387 426.4120 427.6333
388 439.4876 431.1349
389 553.1759 416.8575
390 437.8067 441.1634
391 372.7472 609.5811
392 347.4707 559.8311
393 326.9286 602.0681
394 465.9417 755.4272
395 433.9236 779.4557
396 353.7081 817.7812
397 530.4955 727.0619
398 361.9982 433.8945
399 327.1754 478.8082
400 396.4219 826.4187
401 560.4842 608.0042
402 346.9061 672.0095
403 350.3100 677.1796
404 353.9611 686.0602
405 357.6150 698.4390
406 366.4672 722.7447
407 383.0083 660.8549
408 389.4754 658.7756
409 395.9190 655.0428
410 416.7852 641.5114
411 501.3591 595.7068
412 327.5151 459.4679
413 338.1395 423.5149
414 351.8447 426.6512
415 378.2448 658.5742
416 511.4410 655.6979
417 319.5091 421.7169
418 379.4919 747.3386
419 311.1591 466.1920
420 343.1422 512.2763
421 340.8432 760.2554
422 433.2176 700.6266
423 393.2959 572.9037
424 409.4120 727.6493
425 446.3115 571.4711
426 416.7705 596.1300
427 469.7334 609.7004
428 348.8962 790.3188
429 358.3553 525.5143
430 454.6103 723.2578
431 423.9688 750.6880
432 450.6088 669.9649
433 532.6245 629.5219
434 481.5818 678.4811
435 551.1995 655.1502
436 438.3749 625.9521
437 342.4170 494.3690
438 340.5549 551.2998
439 356.4963 558.2145
440 329.9453 535.9253
441 353.0413 406.4876
442 386.2486 395.5639
443 415.6828 393.6342
444 441.3697 397.9514
445 460.9942 408.2047
446 481.0145 444.7346
447 559.8931 510.0565
448 465.7586 470.5288
449 442.9029 475.5566
450 413.2050 474.9429
451 384.8506 470.1245
452 363.0673 462.8793
453 348.3290 455.4737
454 566.9648 519.8828
455 356.8405 564.6716
456 326.5924 496.4831
457 324.3568 551.4055
458 313.6842 563.6714
459 324.9756 555.7858
460 351.8133 572.2367
461 309.5671 565.4203
462 308.8031 571.2386
463 348.6102 438.6397
464 336.5392 443.8883
465 329.6428 446.6491
466 447.5745 433.7420
467 459.6611 425.6243
