# Image: /home/yaroslav/Projects/Diia.AIContest-AdAstrum/fixtures/FLUXSynID-processed/013ac0993ed2/013ac0993ed2_f_live_0_e_d1.jpg
# Mode: stream
# Status: fail
# Errors: image_blurry_or_out_of_focus: Image is blurry (sharpness score: 29.80); strong_shadows_on_face: Strong shadows or uneven lighting detected (difference: 35.7); face_not_looking_straight_at_camera: Head is turned 167.6째 (max: 15.0째); head_is_tilted: Head is tilted 14.3째 (max: 10.0째); face_too_small_in_frame: Face occupies only 45.0% of frame (min: 50.0%)

# 2D Landmarks (index x y)
0 269.5164 629.3512
1 285.2194 562.1395
2 280.6664 580.8426
3 285.0565 495.5629
4 289.5016 543.0788
5 295.5060 517.4286
6 310.4392 454.3077
7 185.7875 417.2121
8 319.8536 412.7991
9 325.3962 388.1398
10 348.4407 285.6887
11 267.3509 638.5863
12 266.2004 644.0084
13 266.1749 645.1432
14 265.6563 646.3244
15 264.2315 652.6903
16 262.4733 660.8394
17 260.6050 669.7585
18 257.4716 684.9795
19 283.0498 571.1574
20 268.5425 565.6825
21 137.0595 328.4289
22 233.1802 447.2788
23 214.9096 444.6423
24 198.1110 439.6632
25 178.4406 423.4956
26 249.2930 445.8342
27 218.5533 400.1243
28 237.1670 404.9375
29 201.0797 398.5175
30 188.5965 400.6390
31 161.0360 432.8236
32 187.2168 699.9276
33 180.7783 411.0467
34 111.7638 409.2343
35 143.3973 415.5646
36 203.9823 524.9533
37 250.1352 622.0112
38 249.5557 639.6941
39 228.7820 622.1471
40 213.4900 625.5897
41 234.6340 636.9366
42 221.8396 634.8087
43 185.4355 643.7346
44 271.1119 558.2570
45 272.7504 539.8083
46 163.2834 375.4774
47 249.4014 483.8650
48 233.2920 543.8102
49 234.8379 533.1045
50 151.4547 510.9183
51 279.1857 515.9423
52 209.2548 369.4596
53 183.0812 368.2023
54 160.8172 299.4076
55 284.0351 402.2161
56 252.9403 413.2314
57 175.5135 624.9872
58 95.5655 586.5493
59 243.7604 556.6660
60 256.8252 565.7218
61 195.2266 630.3467
62 202.3464 630.3261
63 175.6832 352.4894
64 231.3306 551.7492
65 242.6075 379.6396
66 242.4728 362.2533
67 241.9120 272.6255
68 168.8929 324.6122
69 244.5210 315.6025
70 154.0425 363.5571
71 145.3174 346.3903
72 249.0223 633.0025
73 231.9761 631.7262
74 217.7403 630.8277
75 247.6992 561.0759
76 198.9946 630.7392
77 205.9223 634.1467
78 204.0357 629.3777
79 253.8026 552.5126
80 225.3309 633.7102
81 238.0996 637.2492
82 251.7009 641.2637
83 235.5967 680.6481
84 240.9658 664.4872
85 243.9415 655.0065
86 246.6459 647.5752
87 249.1553 642.2848
88 221.2410 634.7293
89 218.8433 635.8949
90 214.7826 639.2990
91 210.5621 644.1528
92 203.6704 598.7991
93 96.0188 490.0589
94 282.2415 574.4178
95 213.0074 632.5100
96 209.8413 632.8008
97 260.3177 575.9845
98 235.3323 564.6935
99 258.6866 571.0596
100 228.9143 491.0915
101 197.1776 498.0553
102 230.3985 540.5761
103 194.4252 280.0313
104 200.9647 313.2146
105 206.2035 351.3433
106 198.3452 656.5087
107 283.3241 375.7685
108 288.1262 323.5445
109 291.4450 275.0289
110 184.7481 432.5648
111 138.7767 442.4883
112 260.0448 443.1934
113 167.6247 399.0630
114 264.2034 474.2814
115 244.9404 539.2923
116 117.4399 450.4820
117 148.0427 459.9586
118 169.7494 473.1082
119 204.6266 477.2553
120 231.2629 474.2849
121 251.6245 469.2173
122 292.5881 455.4253
123 112.4704 492.1832
124 152.6586 392.8706
125 274.8611 568.4328
126 247.1744 503.7185
127 108.6324 404.9481
128 267.5145 462.2362
129 229.2349 541.1359
130 175.3893 412.2049
131 247.3032 526.6941
132 92.4811 536.7560
133 261.6576 435.6954
134 263.0852 519.1940
135 122.1428 642.2868
136 120.3141 660.3152
137 95.9304 489.9476
138 106.0564 612.1246
139 128.6064 374.3840
140 180.3087 715.3946
141 276.0037 572.1412
142 228.8231 514.3259
143 127.4485 414.9726
144 201.6876 428.0626
145 216.6749 433.7824
146 201.2648 636.8817
147 108.8828 530.7326
148 207.4576 744.4856
149 160.7887 710.5326
150 141.5067 689.9157
151 337.3858 334.8835
152 242.3799 755.3720
153 232.0989 436.1263
154 247.1998 436.2446
155 256.7960 436.5140
156 140.5030 385.2455
157 249.2004 417.4547
158 234.7432 408.1862
159 218.9500 403.3719
160 202.4077 402.9809
161 191.7839 405.9298
162 120.9476 361.4912
163 192.0009 422.3127
164 277.2908 595.9961
165 221.6323 591.0669
166 243.9233 553.7258
167 254.3724 592.9249
168 315.5494 432.2991
169 140.2794 670.9044
170 159.3615 693.2267
171 207.9131 734.3492
172 105.4321 628.1062
173 258.2444 428.5040
174 274.2397 483.1319
175 244.5392 744.4540
176 181.9667 729.1132
177 93.7121 532.7384
178 234.1400 638.0456
179 231.1656 641.3405
180 227.7056 646.8824
181 223.9634 654.9217
182 214.8658 669.1703
183 210.1327 632.4077
184 205.7463 630.6245
185 201.5330 627.2494
186 186.6993 610.5669
187 129.6979 547.6981
188 278.9189 463.6322
189 278.0075 427.6445
190 266.2421 427.6483
191 214.1858 630.5789
192 118.6046 590.3588
193 292.7551 430.5435
194 200.1016 684.6660
195 300.6058 495.8326
196 288.1674 476.2748
197 305.3724 475.6778
198 256.0238 510.8239
199 248.2223 727.3886
200 253.0716 705.1133
201 224.8504 698.9905
202 166.1068 646.3541
203 211.2569 553.2391
204 181.0695 667.6715
205 171.1424 541.1484
206 190.4747 568.8305
207 149.4542 568.0131
208 213.8908 718.8672
209 244.0395 518.9568
210 148.9863 654.4175
211 167.8455 678.2352
212 156.7461 621.8800
213 107.3777 563.3028
214 135.3998 616.9299
215 95.3029 572.8611
216 170.7216 591.3642
217 261.0447 493.0638
218 248.7991 548.4899
219 237.0692 551.0065
220 258.0324 538.2131
221 266.7248 412.0197
222 239.4510 397.7066
223 215.0274 390.3164
224 193.9112 386.6526
225 178.0179 389.0684
226 161.4122 414.2166
227 101.1195 448.5253
228 169.1337 443.9209
229 185.8142 454.0420
230 209.4538 459.3338
231 232.8321 459.7217
232 251.6183 457.1501
233 265.0609 453.5909
234 102.2011 447.1111
235 236.8481 555.9141
236 270.0047 501.0060
237 260.1418 552.3987
238 268.0193 562.9820
239 260.0181 554.9320
240 240.9559 562.7278
241 270.2093 565.7617
242 271.2904 569.5716
243 267.3491 439.1150
244 276.6364 445.8737
245 280.9708 450.3176
246 185.6779 408.5969
247 178.3270 403.4816
248 314.8960 502.1280
249 441.7950 472.4361
250 298.6761 572.2143
251 525.9063 412.9740
252 384.9814 480.2175
253 403.0051 485.4627
254 420.5864 488.0182
255 445.6248 481.2415
256 370.7635 472.2657
257 418.4761 442.3524
258 399.0576 439.2550
259 435.4433 448.1201
260 446.1605 455.3003
261 457.2844 497.3347
262 315.5112 728.7359
263 448.9287 468.6154
264 513.4487 496.9519
265 480.9513 488.8876
266 376.7698 563.0574
267 290.4185 630.6647
268 283.5039 646.9601
269 309.9334 639.7972
270 322.4440 649.2263
271 298.4334 650.8151
272 311.1257 654.2003
273 340.2762 677.8076
274 299.6951 564.5096
275 306.2276 546.9961
276 481.2458 442.9801
277 353.4519 506.7800
278 340.2845 567.3828
279 343.7166 557.3171
280 431.3003 572.5258
281 311.0316 522.8773
282 441.0473 417.7892
283 466.0346 427.7829
284 516.4130 376.2624
285 357.2977 417.6143
286 381.2093 440.6149
287 357.3157 665.0302
288 451.8078 665.5295
289 325.2875 574.5863
290 309.4064 577.3639
291 336.7286 661.2583
292 330.5146 658.2512
293 480.0696 416.5458
294 338.6035 575.6505
295 405.2244 413.4501
296 412.8146 397.6332
297 451.9693 317.7266
298 498.1499 394.9426
299 431.1964 355.0356
300 494.9505 436.1347
301 510.5328 425.1153
302 286.7026 641.1884
303 302.9310 647.1705
304 316.3563 652.2801
305 319.8454 576.9272
306 333.1039 659.8558
307 325.4182 660.1069
308 329.3448 656.7151
309 318.0541 566.2641
310 308.6106 651.7584
311 295.4680 649.7832
312 281.2032 647.6404
313 279.3428 690.2678
314 280.9611 673.1412
315 282.0195 663.2910
316 282.5099 655.4066
317 282.4765 649.5722
318 311.3929 654.2603
319 313.0545 656.3515
320 315.2154 661.1177
321 316.9964 667.4209
322 343.5593 629.6541
323 493.5871 577.4004
324 319.9496 655.8454
325 322.4088 657.3433
326 301.4822 585.0913
327 329.4212 585.6317
328 305.2632 581.2737
329 369.0029 521.9934
330 395.0504 541.6114
331 344.4797 565.9831
332 493.2905 344.1878
333 473.3198 370.9594
334 451.7810 402.4529
335 323.3365 684.1883
336 369.2850 393.7795
337 387.3039 344.8082
338 405.1563 299.5446
339 435.9666 487.1086
340 473.2348 515.6219
341 362.2013 465.4688
342 466.4380 463.0346
343 344.2419 491.8926
344 331.8074 558.3205
345 489.1722 531.9406
346 456.9938 527.6140
347 431.3082 530.4705
348 397.5629 519.6837
349 374.4762 505.7107
350 358.1974 492.5687
351 326.4720 462.7532
352 475.4550 571.9126
353 482.8783 463.8653
354 291.7597 572.0229
355 346.3947 525.5863
356 518.8949 494.7663
357 346.7575 479.5251
358 345.6014 567.0384
359 453.3357 471.9371
360 335.3510 546.0974
361 476.3537 621.5272
362 364.2239 457.8794
363 324.3073 532.6191
364 400.9155 704.2986
365 395.8497 721.8338
366 492.3604 577.1553
367 429.2057 683.6295
368 513.3414 457.8761
369 315.5213 745.8664
370 288.9531 575.0138
371 358.5255 543.0251
372 495.8681 495.1495
373 422.4499 475.8769
374 406.2432 474.7186
375 328.4944 664.6088
376 461.9759 608.4083
377 278.6139 760.6375
378 336.2445 750.1593
379 363.1065 739.7017
380 390.7849 470.3532
381 377.0497 464.2389
382 368.2444 460.6828
383 497.2753 462.0479
384 383.3754 446.3927
385 400.3941 443.6898
386 416.7755 445.7432
387 432.1745 452.1457
388 440.7492 459.2759
389 526.4553 450.0020
390 433.9339 474.6051
391 330.4242 615.1532
392 326.5945 571.7534
393 299.5352 602.7624
394 371.5015 722.7310
395 344.2205 734.7989
396 282.0948 751.1244
397 424.1040 698.8902
398 370.3355 452.7925
399 330.8198 495.5090
400 308.7203 757.8100
401 475.6726 616.9223
402 298.1538 651.9714
403 299.5417 656.2300
404 300.3142 662.7154
405 300.3978 671.6482
406 303.1674 688.7486
407 322.7285 656.7979
408 327.1936 657.0353
409 332.3819 655.7234
410 353.5131 647.3425
411 435.0503 614.8328
412 335.4475 476.0080
413 352.3007 443.6634
414 363.0931 448.4865
415 320.0661 653.6385
416 426.4766 658.3488
417 337.2113 440.1143
418 310.0750 709.1784
419 320.8321 483.4297
420 334.9228 528.0490
421 281.5039 711.7220
422 357.2319 688.8317
423 356.9483 585.6552
424 334.4900 701.9381
425 399.7844 591.5380
426 369.2544 608.5037
427 407.7564 625.0262
428 283.0920 734.4005
429 342.1588 540.6945
430 370.1533 703.6744
431 342.4242 717.3510
432 376.5583 670.4912
433 449.0394 638.6018
434 398.8413 675.2455
435 456.6574 652.5591
436 377.2852 637.0111
437 338.4445 510.0535
438 324.3045 564.8445
439 333.7943 572.2600
440 320.2887 551.7472
441 368.9599 433.8430
442 400.1733 431.4949
443 426.2877 434.5649
444 447.4859 440.4171
445 461.3067 449.3416
446 465.4537 479.9142
447 505.8441 537.3133
448 445.0941 504.0698
449 425.2460 506.4542
450 401.2033 501.2540
451 379.4555 491.6595
452 363.6416 481.6394
453 353.0638 472.7347
454 506.5988 535.8301
455 331.7407 576.9781
456 326.3992 513.3563
457 312.3106 563.5353
458 300.4888 569.9116
459 311.2732 565.8587
460 325.1654 581.5131
461 297.1556 571.4774
462 294.4619 574.5332
463 357.4198 458.6754
464 345.8275 460.8902
465 339.6860 463.0400
466 445.3406 464.3400
467 454.4550 462.3863
