# Image: /home/yaroslav/Projects/Diia.AIContest-AdAstrum/fixtures/FLUXSynID-processed/013ac0993ed2/013ac0993ed2_f_live_0_a_d1.jpg
# Mode: stream
# Status: fail
# Errors: image_blurry_or_out_of_focus: Image is blurry (sharpness score: 34.90); face_not_looking_straight_at_camera: Head is turned 175.2째 (max: 15.0째); face_not_looking_straight_at_camera: Head is tilted up/down 27.0째 (max: 10.0째)

# 2D Landmarks (index x y)
0 344.8121 658.3759
1 373.1265 572.4343
2 345.5006 597.9780
3 337.3291 494.3150
4 375.6625 547.9808
5 367.8032 516.6962
6 339.0148 439.8855
7 137.8685 427.6520
8 331.0389 377.4234
9 333.3406 345.4253
10 322.1928 237.5456
11 342.9245 671.0158
12 338.6135 680.5066
13 333.0048 684.3204
14 333.4182 691.7902
15 335.3544 702.5467
16 335.6378 715.6678
17 332.7410 728.8950
18 320.9669 746.2236
19 365.2563 585.2876
20 332.8766 585.3485
21 0.5983 328.3098
22 211.1905 451.9190
23 187.3769 453.4204
24 162.6857 452.0135
25 124.5493 435.6754
26 231.3918 445.9874
27 184.2142 380.5701
28 210.9868 383.8988
29 156.4954 383.5739
30 135.9274 392.5890
31 102.7809 452.7070
32 223.2108 780.1641
33 126.2552 419.5541
34 -5.7602 435.4120
35 68.4247 433.6331
36 207.1419 554.2699
37 316.5714 654.9267
38 313.4988 680.7858
39 280.2384 663.8033
40 253.1104 673.4763
41 286.8252 682.8791
42 263.9094 684.9463
43 204.5955 709.5398
44 353.7776 571.9884
45 352.3408 548.5687
46 98.5865 368.2595
47 253.1291 492.5665
48 273.8275 568.5587
49 267.2561 555.0692
50 123.8190 551.0151
51 345.9752 519.1914
52 174.1559 342.5987
53 132.7977 350.2873
54 45.4303 286.1995
55 282.2253 368.4339
56 231.8969 394.4136
57 188.4011 686.8290
58 -13.0157 662.8944
59 288.8719 582.1861
60 308.1227 589.4340
61 215.0748 688.7338
62 225.0058 687.1521
63 115.4362 333.8422
64 266.1277 579.7525
65 223.5730 347.1512
66 221.2907 327.6269
67 180.9942 238.1282
68 82.9346 310.7125
69 206.2053 282.7550
70 76.8062 357.3938
71 40.5267 344.8945
72 315.7044 670.0773
73 285.5541 675.5307
74 259.8710 679.6625
75 292.7157 587.0771
76 220.8425 688.4168
77 234.4201 693.1202
78 226.3985 685.6035
79 313.7416 573.2772
80 263.8508 683.3011
81 286.1151 683.6812
82 309.9099 683.7099
83 289.3263 746.7172
84 302.1015 727.3843
85 306.7274 713.5650
86 308.7469 700.2457
87 308.7214 691.1562
88 259.3602 689.1755
89 257.1608 692.5690
90 252.2023 699.2492
91 246.2946 707.1888
92 232.1172 644.3754
93 -43.0596 540.0922
94 355.5691 590.7013
95 243.0299 688.1824
96 239.8315 690.0332
97 315.7323 599.9114
98 269.3544 595.0164
99 312.4153 594.9295
100 225.8211 506.4542
101 186.7322 522.8711
102 258.1115 566.2791
103 104.5471 255.2512
104 136.3096 288.6436
105 164.9700 323.2511
106 227.9051 724.6715
107 278.9656 336.6199
108 267.8824 286.5235
109 251.1860 233.4991
110 139.0632 446.3764
111 73.6078 470.3592
112 244.9436 439.6502
113 104.0597 402.1859
114 273.0054 477.0485
115 297.9827 558.3126
116 37.4320 485.6683
117 97.9661 489.2691
118 137.1739 499.5388
119 186.4834 495.6005
120 219.9259 485.4405
121 245.9242 474.2472
122 315.5011 445.4595
123 43.1065 538.3270
124 80.2504 398.5288
125 353.6073 584.4720
126 261.2069 516.7514
127 -43.5426 430.3573
128 266.9877 461.5847
129 248.6486 567.7274
130 114.8173 419.7072
131 290.4956 542.4557
132 -35.1321 599.6486
133 242.9946 430.6690
134 319.0991 528.0686
135 87.6976 728.0509
136 69.3117 752.1652
137 -9.0325 540.1583
138 46.0445 693.7194
139 14.4147 386.4793
140 213.1233 801.9229
141 346.7582 589.6535
142 236.1150 534.7006
143 39.2005 437.4057
144 166.7876 437.5372
145 188.8022 440.0925
146 226.9762 697.5212
147 43.7633 587.3267
148 252.0384 829.3856
149 163.4808 803.3671
150 120.9181 783.4580
151 329.7204 292.5616
152 299.3724 829.8691
153 207.9966 439.0713
154 225.7170 435.4055
155 237.3118 433.0058
156 53.9727 392.9391
157 224.1598 412.7066
158 203.8550 404.2112
159 183.4081 402.0847
160 160.6783 405.0679
161 145.2702 410.8102
162 -27.4630 373.6541
163 150.4316 433.0253
164 343.2208 617.5259
165 257.7602 630.1579
166 292.7710 578.1126
167 311.7729 621.5196
168 329.9180 408.3443
169 129.3382 758.8347
170 169.2222 781.3080
171 261.7329 815.9618
172 24.5426 714.3613
173 237.8244 423.8053
174 304.3799 483.9178
175 310.8962 815.8146
176 207.7695 819.3984
177 -3.8804 594.6530
178 283.7002 690.0876
179 281.1868 696.6754
180 277.6788 706.6199
181 273.0559 719.2401
182 255.8504 737.6702
183 241.0965 685.9370
184 235.7227 684.1478
185 229.2458 680.5215
186 207.5109 664.0799
187 93.8758 602.7246
188 294.8337 459.6247
189 268.1621 412.2136
190 249.9994 414.9148
191 243.8671 682.9133
192 76.3009 661.0391
193 296.9647 410.9659
194 237.1991 758.3581
195 357.7005 490.8276
196 326.3163 471.4241
197 348.5302 466.5375
198 288.1408 521.6465
199 316.9130 794.4704
200 318.6447 768.3290
201 279.0813 769.1547
202 177.0267 717.9389
203 226.1248 587.3772
204 203.0987 741.8994
205 167.0022 583.1482
206 203.1512 612.1654
207 138.1053 622.6256
208 270.2613 794.8486
209 266.7464 535.5012
210 148.2086 734.3659
211 184.4553 759.1423
212 159.4796 688.3742
213 45.3908 629.4051
214 117.9967 690.2775
215 10.4010 645.8715
216 179.2784 644.8256
217 282.5912 499.8990
218 307.6507 569.3762
219 282.6591 576.5871
220 325.5148 552.1788
221 252.9243 388.4156
222 216.6906 371.8980
223 181.8452 367.3549
224 148.9441 370.6312
225 121.9974 381.6502
226 95.2130 427.1085
227 -10.4379 487.3416
228 120.2919 463.9400
229 150.3264 472.2099
230 184.7954 472.4522
231 215.0802 467.0539
232 238.5774 459.3555
233 255.9359 451.7377
234 -45.5317 484.7433
235 278.0639 583.4168
236 313.3720 505.4309
237 332.4954 569.6774
238 337.8566 581.7368
239 326.8877 573.9808
240 280.9230 590.9925
241 345.1091 583.2912
242 338.8485 588.6953
243 253.8409 431.9558
244 270.0593 438.2423
245 283.3423 442.3963
246 135.5703 415.5084
247 119.5122 403.6396
248 372.1103 494.6697
249 436.3260 436.2229
250 371.0336 584.9278
251 450.3492 353.3688
252 385.6637 457.4433
253 404.5696 459.6988
254 421.1141 458.5693
255 435.8570 444.1974
256 370.8659 450.8012
257 416.3378 392.9155
258 394.7209 394.8242
259 434.3259 396.8587
260 443.2218 406.1567
261 444.0356 460.7267
262 372.9330 769.6989
263 439.6291 429.5120
264 446.2219 447.6568
265 450.2907 443.0962
266 412.8713 555.2105
267 366.3896 654.6116
268 355.5757 680.3538
269 382.9718 661.7264
270 389.7797 671.7911
271 367.4042 681.3679
272 375.0887 683.9440
273 395.1720 705.9480
274 387.1903 571.9510
275 391.4843 548.8741
276 462.7056 383.8342
277 376.4427 494.4767
278 402.8914 567.8706
279 399.6783 554.8928
280 450.8556 552.1710
281 383.3057 519.5545
282 441.2702 357.8529
283 457.2963 366.4003
284 452.2142 312.6676
285 370.3272 373.6465
286 375.7703 403.0930
287 408.6838 683.8988
288 399.3863 653.2101
289 387.8288 581.1078
290 373.9480 588.7763
291 393.0825 688.4270
292 384.1390 686.7656
293 461.6936 352.0169
294 397.1574 578.9530
295 414.1927 358.5033
296 418.9258 339.9962
297 416.4730 256.8756
298 458.5392 332.0832
299 418.0259 297.8241
300 465.2362 374.7479
301 459.5927 365.6188
302 362.3178 669.4581
303 375.7184 673.5320
304 383.5727 678.0940
305 381.4535 585.7484
306 388.9295 688.2877
307 385.7992 692.5856
308 380.7198 684.7551
309 391.0959 571.9968
310 367.1838 682.6117
311 358.7222 682.9143
312 347.7579 683.5191
313 345.1804 744.5483
314 355.7097 726.0137
315 357.2622 712.2541
316 355.0293 699.7059
317 350.8878 690.8278
318 371.8607 688.6046
319 375.8263 691.8761
320 380.9112 698.1481
321 383.7566 705.5610
322 403.4373 642.5306
323 409.9480 543.0177
324 375.5865 687.7355
325 381.0275 689.6725
326 367.6459 599.0666
327 386.4218 593.8537
328 370.9050 594.5098
329 392.1271 508.8348
330 419.0919 525.4253
331 397.3656 565.8903
332 442.3604 279.9402
333 445.3863 308.7171
334 446.4429 340.0199
335 382.5126 719.7219
336 379.8870 343.9578
337 380.3071 294.6467
338 378.2004 244.1027
339 431.6474 453.6436
340 454.2274 477.5741
341 361.7054 443.8661
342 450.3185 414.4731
343 367.6445 478.8236
344 402.0431 558.0938
345 460.9063 492.4162
346 453.8441 495.0607
347 440.9605 504.0945
348 411.6626 499.5216
349 388.0290 488.6927
350 371.4329 476.9588
351 354.1037 446.6124
352 464.1541 540.6188
353 456.7278 411.2221
354 373.7823 584.6174
355 380.6771 517.8974
356 423.7919 445.4269
357 360.2647 463.7822
358 391.5507 567.4401
359 441.0751 430.2151
360 396.7550 542.4843
361 406.3327 596.4177
362 359.6903 434.6354
363 391.6848 528.3420
364 410.7280 712.9492
365 389.7645 734.7525
366 446.4025 542.9344
367 421.4068 681.0890
368 453.0203 404.0025
369 370.0523 789.1964
370 362.8930 589.8473
371 392.1399 535.8321
372 453.0187 447.3590
373 422.9903 445.2652
374 406.9280 447.4377
375 389.0724 696.6990
376 456.5224 585.3447
377 336.1605 821.4620
378 369.1292 786.5251
379 378.8864 765.0209
380 389.6945 445.6693
381 374.4508 440.8951
382 364.6311 437.6660
383 458.6198 407.1404
384 375.3506 418.3725
385 391.6348 411.9601
386 410.2486 410.3059
387 426.8029 413.9815
388 434.9993 420.4396
389 440.8221 395.0884
390 431.7452 440.9303
391 393.6914 628.3458
392 391.8949 577.0253
393 368.1825 620.5139
394 396.5690 742.3145
395 383.0996 765.3855
396 347.9940 808.4479
397 394.4087 699.9430
398 364.9449 427.9970
399 370.6860 484.8784
400 357.2558 806.0138
401 439.4272 591.7309
402 363.5975 689.4608
403 367.9714 695.7672
404 371.8730 705.4302
405 373.0007 717.1381
406 366.9132 733.8696
407 380.8639 685.3750
408 387.8354 683.4887
409 393.4486 679.9428
410 409.3776 662.1422
411 450.8459 600.2083
412 360.5108 461.1345
413 353.4523 415.8224
414 359.5824 420.0166
415 373.9734 682.2335
416 435.9776 652.6833
417 348.5967 413.1753
418 368.1029 750.6996
419 363.9783 472.1642
420 383.3057 522.1291
421 346.7986 764.8875
422 402.9478 709.7307
423 403.1831 587.0104
424 385.9161 732.9558
425 434.7053 582.6847
426 416.1686 610.8721
427 439.2602 619.4187
428 351.1981 788.9384
429 386.4088 535.9222
430 405.8544 721.5881
431 387.8587 746.2134
432 418.5275 682.3132
433 445.7264 623.4787
434 425.8558 680.6204
435 430.8749 637.5548
436 422.1893 642.1974
437 374.9547 500.9325
438 397.8940 568.2527
439 398.9635 575.5861
440 399.1766 551.9398
441 371.3141 394.2776
442 402.3026 381.7835
443 427.7289 380.5366
444 445.6967 385.2346
445 453.1622 396.1494
446 444.7786 436.7091
447 447.9410 495.1076
448 440.8630 471.1022
449 428.3458 478.1250
450 407.5677 477.6010
451 385.3366 471.4293
452 368.7404 462.9189
453 358.2574 454.7867
454 412.9450 493.6538
455 393.3075 582.2814
456 380.0335 505.8217
457 394.6690 568.8459
458 377.9461 580.9403
459 388.7452 572.9532
460 385.1921 589.9319
461 377.7763 583.2874
462 367.8854 588.4188
463 355.3002 435.6330
464 349.9043 441.0281
465 351.5332 444.6463
466 438.2565 425.3492
467 445.5377 415.9418
