# Image: /home/yaroslav/Projects/Diia.AIContest-AdAstrum/fixtures/FLUXSynID-processed/011dc05a4a81/011dc05a4a81_f_live_0_e_d1.jpg
# Mode: stream
# Status: fail
# Errors: image_blurry_or_out_of_focus: Image is blurry (sharpness score: 99.23); strong_shadows_on_face: Strong shadows or uneven lighting detected (difference: 36.7); face_not_looking_straight_at_camera: Head is turned 169.4째 (max: 15.0째); head_is_tilted: Head is tilted 15.9째 (max: 10.0째); face_too_small_in_frame: Face occupies only 38.3% of frame (min: 50.0%)

# 2D Landmarks (index x y)
0 279.3514 617.1273
1 290.3044 551.9995
2 287.2236 572.4243
3 286.3317 486.6065
4 293.7416 532.2911
5 298.4481 506.9364
6 310.2981 447.0978
7 181.5321 419.0130
8 318.2525 405.2864
9 322.9662 380.8234
10 340.2846 289.1776
11 277.6227 626.6780
12 276.4559 633.5619
13 276.1445 636.0412
14 275.6809 640.3305
15 274.4020 647.8211
16 272.6883 657.4157
17 270.8153 667.8972
18 267.7119 685.0660
19 288.5591 562.1012
20 272.0802 557.8409
21 132.4891 342.4953
22 230.1530 445.6873
23 211.9269 443.8558
24 194.9729 439.9748
25 174.1480 425.6263
26 246.3406 443.7831
27 214.8756 397.2569
28 233.8209 401.7774
29 196.7672 396.5836
30 183.7759 400.1746
31 157.4053 436.1928
32 194.7556 701.6467
33 176.2453 413.3034
34 108.9223 420.6242
35 139.8790 420.9440
36 203.3313 521.3448
37 257.4793 610.1209
38 257.4378 629.8990
39 233.7132 612.1023
40 217.7979 617.4904
41 240.9579 628.1385
42 227.5748 627.8120
43 190.5447 641.5257
44 275.0189 548.7569
45 275.9025 529.5017
46 158.7954 376.5378
47 248.1315 480.1615
48 233.0905 536.7732
49 233.8805 526.4758
50 150.4337 510.5580
51 281.3924 506.0400
52 204.7827 365.0448
53 178.3443 366.4113
54 155.0187 311.5462
55 281.4025 394.7167
56 249.7199 410.2070
57 179.8108 621.7211
58 96.6571 597.8426
59 244.7084 549.6949
60 259.1804 558.2653
61 199.4673 626.3262
62 207.6804 626.3148
63 170.6984 352.3667
64 231.1594 545.3249
65 238.7600 373.1506
66 238.1717 356.8220
67 234.3985 279.7771
68 163.3507 330.9961
69 238.4851 316.7277
70 149.7444 366.7335
71 141.0842 355.1740
72 256.8157 621.7911
73 237.7203 621.9901
74 222.7575 623.0909
75 249.0200 553.9897
76 203.7452 626.7435
77 210.7628 630.8898
78 209.7599 625.5692
79 255.6036 544.8239
80 231.3082 627.2168
81 244.4718 629.4789
82 259.5106 632.6062
83 243.7154 680.6918
84 248.6130 662.6670
85 251.7647 651.8547
86 254.7769 642.6557
87 257.4885 636.7111
88 227.6664 630.4883
89 224.6652 632.1638
90 219.9755 636.3080
91 215.4212 641.9485
92 206.0395 592.5068
93 94.7348 503.6756
94 288.0968 566.1246
95 219.1033 628.7457
96 215.3373 629.1665
97 264.0103 568.1765
98 235.9841 558.2937
99 261.7137 563.4771
100 227.1816 488.1125
101 195.8311 495.7949
102 229.5010 534.5804
103 187.4829 289.6867
104 194.5849 316.9616
105 201.1522 348.5575
106 203.9477 655.2525
107 279.9586 368.8196
108 282.5392 323.5061
109 283.6466 280.4465
110 180.9894 433.9201
111 135.9102 446.9950
112 257.1657 440.5518
113 163.0571 401.3921
114 263.2167 469.8177
115 245.6380 531.4204
116 115.0530 456.9586
117 145.5848 462.2680
118 167.6412 473.1722
119 202.6322 475.8581
120 229.2193 472.1599
121 249.8776 466.3608
122 291.9625 448.9222
123 110.7587 496.8519
124 148.6888 396.6542
125 279.6234 559.5602
126 246.0377 498.7794
127 105.8412 420.3630
128 265.8910 458.4925
129 227.9867 535.8857
130 170.6795 414.5984
131 247.1380 519.1635
132 92.1497 549.2451
133 258.5072 433.2005
134 264.2348 510.4704
135 126.1315 647.1431
136 124.4303 667.9271
137 94.3127 499.2823
138 108.6041 618.3916
139 125.2378 385.0841
140 187.9965 718.9306
141 280.9779 564.0178
142 227.3199 510.1234
143 124.4375 422.3011
144 197.9591 428.2050
145 213.3123 432.8781
146 205.8230 633.8729
147 108.0790 535.0009
148 216.7800 749.2921
149 167.0761 716.2775
150 146.9540 696.2823
151 331.9316 333.5236
152 254.1348 759.5795
153 228.8817 434.7427
154 243.8576 434.5472
155 253.5339 434.3624
156 137.0031 391.2532
157 245.3917 416.6700
158 230.7596 408.4004
159 215.0493 404.0967
160 198.4386 404.2539
161 187.6186 407.7115
162 117.3419 376.6162
163 187.9533 423.4156
164 284.8277 586.3373
165 223.7343 583.9253
166 244.8753 546.5403
167 259.3475 583.6839
168 314.4202 425.6651
169 145.6076 675.0064
170 165.8375 696.9294
171 217.5544 737.1190
172 108.2801 637.5494
173 254.8210 426.6348
174 274.1856 476.3980
175 256.3849 746.7637
176 189.4933 734.3473
177 93.0173 541.3568
178 241.3094 633.1183
179 237.9214 637.1019
180 233.9124 643.7823
181 229.8985 653.1397
182 221.1638 668.7815
183 215.5585 626.9774
184 210.3999 624.8860
185 205.6594 621.4073
186 189.8704 605.4420
187 129.8142 548.7980
188 278.1512 458.1180
189 275.3844 423.6456
190 263.3805 424.5698
191 220.0024 625.2524
192 120.3905 593.3758
193 290.9096 424.8637
194 207.3467 685.0241
195 302.5542 486.2990
196 288.5616 468.5478
197 306.2696 467.2836
198 255.7751 503.9650
199 259.8423 728.1665
200 264.0675 705.2109
201 233.7876 699.3462
202 171.7501 645.3724
203 211.0526 548.7032
204 187.3168 667.5291
205 171.4583 538.7484
206 191.7471 564.6683
207 151.0745 566.7391
208 223.3710 719.9818
209 242.9587 513.1210
210 154.2979 655.8203
211 174.2530 679.8668
212 161.1812 620.0928
213 107.5439 567.8111
214 138.9764 617.9408
215 96.0838 580.8299
216 173.4445 587.5420
217 260.4426 487.3325
218 250.2184 540.7510
219 237.5024 543.8671
220 260.0254 529.3113
221 263.6931 407.0600
222 236.0711 392.6575
223 210.9607 386.0465
224 189.3268 384.5030
225 173.1213 389.1367
226 157.1840 417.9897
227 98.8900 458.9267
228 165.7324 445.8877
229 183.1321 454.4763
230 206.8480 458.4902
231 230.3532 458.0875
232 249.3289 454.8452
233 262.8396 450.5968
234 100.1471 461.8422
235 237.3019 549.1246
236 270.6447 493.1167
237 262.8082 543.7399
238 271.5392 554.7813
239 262.6262 546.8367
240 241.8704 555.9130
241 274.2790 557.1610
242 275.4934 561.5568
243 264.6732 435.9795
244 274.4564 442.1339
245 279.4186 445.7514
246 181.3021 410.6774
247 173.4220 404.7784
248 317.6287 492.4479
249 441.5530 467.6882
250 306.1825 564.0728
251 516.5681 413.5625
252 386.8768 474.8530
253 404.6749 479.5802
254 421.9936 481.8875
255 446.2168 476.4269
256 372.2857 467.3140
257 417.6600 435.8653
258 398.5460 433.0525
259 434.7662 441.7806
260 445.6319 449.6643
261 458.3937 491.8996
262 330.7954 726.9922
263 448.3878 464.5281
264 511.1442 494.8892
265 480.4871 484.0775
266 385.2411 554.4542
267 302.5473 617.9611
268 295.9158 636.5283
269 324.9128 627.9951
270 338.4125 638.3766
271 312.6817 640.6115
272 325.7759 644.7512
273 356.3818 671.0104
274 305.7718 554.3057
275 311.4888 535.8542
276 477.4212 436.8137
277 357.3919 500.2254
278 350.4011 557.9847
279 353.4125 548.1003
280 439.0540 563.1038
281 314.9332 512.1995
282 438.3001 410.0251
283 462.4628 420.7448
284 506.1207 376.6215
285 356.5829 409.3430
286 380.9088 435.1203
287 373.3023 656.1029
288 461.7047 665.9708
289 335.3002 565.9464
290 318.5977 569.0076
291 353.4594 653.1748
292 345.7460 650.2882
293 474.6915 410.4953
294 349.6992 566.7592
295 403.8578 405.0673
296 410.3670 390.0077
297 442.7483 318.5853
298 490.3838 392.1778
299 425.2188 351.8698
300 489.6931 430.8639
301 503.1412 422.7078
302 299.2834 629.1314
303 317.7943 635.8386
304 331.9473 641.9317
305 329.9078 568.5268
306 349.3205 651.9107
307 341.1515 653.5383
308 343.8751 648.8961
309 326.2149 557.3536
310 322.5517 642.8905
311 308.9576 640.6722
312 293.3090 638.3328
313 291.9835 689.4164
314 293.7767 670.6056
315 294.6953 659.3686
316 294.8193 649.7339
317 294.3806 643.1974
318 325.2316 647.3232
319 327.4359 649.9407
320 330.3855 655.5584
321 332.7777 662.5567
322 357.8537 619.4259
323 496.4863 578.1529
324 334.0243 648.7271
325 337.3896 650.4118
326 310.7009 576.5210
327 340.9005 577.1713
328 314.4335 572.9062
329 374.5770 515.0306
330 401.4768 533.2588
331 354.9919 557.2876
332 483.2422 344.6634
333 466.0598 368.1321
334 447.7293 395.8019
335 338.9954 679.4363
336 367.3780 385.8945
337 381.8414 342.1019
338 396.5047 301.4368
339 436.9866 481.4447
340 475.0342 509.4134
341 363.3717 460.6551
342 464.8948 458.1301
343 346.7694 485.2890
344 340.1186 548.5238
345 491.3906 526.2059
346 460.3998 519.9149
347 435.9247 522.0910
348 402.2347 512.3166
349 378.4250 499.5524
350 360.9401 486.9394
351 326.9249 455.4836
352 481.3557 564.8851
353 480.4027 458.6643
354 297.9916 562.9133
355 352.5108 518.2559
356 514.9957 495.9428
357 348.5784 473.9286
358 356.2866 558.9983
359 453.2592 467.7841
360 343.0886 536.5429
361 482.9146 622.0421
362 364.7923 453.4064
363 329.7415 522.3732
364 415.6212 701.1774
365 410.4080 721.9722
366 496.9919 573.7911
367 442.3372 680.6467
368 507.9989 455.8887
369 331.0508 745.9170
370 295.5384 566.6722
371 366.3120 535.4367
372 494.9444 490.8616
373 422.9961 470.0793
374 407.1059 468.9110
375 344.8894 658.1532
376 470.7821 601.8021
377 292.6531 763.8242
378 352.0546 751.5116
379 378.7848 740.2468
380 391.8905 465.1737
381 378.0550 459.6270
382 369.1337 456.1622
383 493.8961 457.6428
384 382.9166 442.7946
385 399.3284 440.5214
386 415.1999 442.2334
387 430.5166 448.2281
388 439.5026 455.2166
389 519.2822 450.9814
390 433.9867 469.2654
391 343.8155 605.3314
392 336.1656 562.8988
393 309.7986 592.6105
394 387.1016 720.3232
395 360.1108 733.7007
396 296.1888 751.9821
397 436.5468 699.2893
398 370.5899 448.6475
399 333.4780 487.3904
400 324.1343 760.0543
401 483.7399 613.7653
402 311.2228 645.2647
403 313.0726 650.1121
404 314.5408 657.9092
405 315.0786 668.1612
406 317.8105 686.2636
407 337.7092 648.0795
408 343.2373 647.8955
409 348.9465 646.2736
410 368.9007 637.1534
411 445.3528 606.4802
412 336.7272 469.0574
413 352.2519 438.3717
414 363.0957 443.5829
415 334.1735 645.0317
416 439.1356 652.1988
417 336.9203 433.6614
418 325.0637 706.6509
419 322.4690 474.8215
420 340.7225 519.4489
421 294.7360 710.5718
422 372.4278 681.9249
423 368.1219 577.0787
424 350.1107 697.4062
425 409.4162 581.9393
426 381.0095 598.9115
427 419.1095 615.4573
428 296.9550 733.6492
429 349.8876 532.5127
430 385.2645 698.4875
431 358.1796 714.1840
432 391.1207 661.6616
433 460.0267 632.8479
434 412.9995 668.3564
435 467.2794 649.8524
436 390.6459 626.6172
437 342.6467 502.3936
438 332.5900 555.5629
439 343.9747 562.9896
440 326.8926 541.4623
441 368.8682 427.3019
442 399.6771 423.8954
443 425.3100 426.9481
444 446.0217 433.3268
445 459.6238 443.3744
446 465.0698 475.4452
447 506.8322 534.4298
448 447.2896 497.7362
449 428.0369 499.3948
450 404.3514 494.8077
451 382.3509 486.1181
452 365.7031 476.5093
453 354.4763 467.7533
454 505.9048 536.9253
455 342.4578 568.0834
456 330.2295 504.0340
457 319.3592 553.8343
458 307.5242 561.2936
459 318.7707 556.9028
460 336.0544 572.9617
461 303.9990 562.5459
462 301.6664 566.3711
463 357.9829 453.7910
464 346.5625 455.8400
465 340.4720 457.3563
466 444.5396 460.2391
467 453.8516 457.5941
