# Image: /home/yaroslav/Projects/Diia.AIContest-AdAstrum/fixtures/FLUXSynID-processed/00863bfc8329/00863bfc8329_f_live_0_e_d1.jpg
# Mode: stream
# Status: fail
# Errors: image_blurry_or_out_of_focus: Image is blurry (sharpness score: 52.73); strong_shadows_on_face: Strong shadows or uneven lighting detected (difference: 49.9); face_not_looking_straight_at_camera: Head is turned 166.6째 (max: 15.0째); head_is_tilted: Head is tilted 30.2째 (max: 10.0째); face_too_small_in_frame: Face occupies only 47.0% of frame (min: 50.0%)

# 2D Landmarks (index x y)
0 352.1565 634.6316
1 343.3194 576.0967
2 343.2768 593.1551
3 310.5619 508.9081
4 339.1555 555.1111
5 332.0768 526.4383
6 313.2349 456.8868
7 175.9356 473.4344
8 302.3723 411.2867
9 297.2027 385.3545
10 272.6038 281.5106
11 353.9250 643.8321
12 354.5183 649.4981
13 353.9378 650.1458
14 358.2509 665.7537
15 360.2192 673.5255
16 362.3621 683.0773
17 364.4109 693.7291
18 367.0156 711.7327
19 344.3200 585.9516
20 324.1989 586.4353
21 84.7535 412.8522
22 234.6253 479.6049
23 216.5133 484.7530
24 198.0749 487.8520
25 169.8142 482.5432
26 248.8021 472.2386
27 199.4500 440.2339
28 219.1877 436.8922
29 181.6067 446.9521
30 170.1317 455.6747
31 157.0999 499.1359
32 301.9019 754.5907
33 167.1291 470.3476
34 94.5104 501.8732
35 132.3581 492.1915
36 235.9956 568.3975
37 324.9552 636.1833
38 330.0497 653.2619
39 297.6285 644.2180
40 279.7075 651.7723
41 309.2159 656.1348
42 292.6561 658.5081
43 262.7990 685.5945
44 327.2151 578.6386
45 321.2626 558.5127
46 137.2014 444.5869
47 264.9947 510.4885
48 276.8886 576.4616
49 272.9192 564.7258
50 176.8412 575.3093
51 315.6468 531.7866
52 180.7860 416.8170
53 154.3105 428.0133
54 98.0436 374.3393
55 264.9780 415.8408
56 237.3430 438.8795
57 242.3256 666.9779
58 149.6328 684.2560
59 291.9190 585.1905
60 309.3499 588.6868
61 257.8461 663.4813
62 266.5227 662.1644
63 140.4865 416.9671
64 275.9280 583.7740
65 217.0898 411.5544
66 210.0932 395.5865
67 167.4373 313.0699
68 119.9413 394.5264
69 190.6299 351.7500
70 122.6384 437.7097
71 104.0903 426.0170
72 327.7093 646.9146
73 304.6433 651.9076
74 286.5069 655.4385
75 296.9417 587.3897
76 262.1008 662.7927
77 275.2959 670.2205
78 269.1298 661.5275
79 303.9752 580.1264
80 294.8158 655.9340
81 311.8516 655.0177
82 331.5509 653.3902
83 339.1805 716.7721
84 337.6644 697.2717
85 336.3796 685.7611
86 335.4151 676.1473
87 335.3417 669.2964
88 296.0518 668.8143
89 293.8127 671.4252
90 290.9660 676.9244
91 289.1551 683.8416
92 261.7829 634.7432
93 108.1362 588.9456
94 343.7325 589.0119
95 283.8642 666.8038
96 279.4430 667.7799
97 318.0514 596.5296
98 283.3998 593.5791
99 313.9633 592.9202
100 247.2663 524.9617
101 218.5597 543.7921
102 270.0056 573.1453
103 123.9458 340.7384
104 147.2457 369.1393
105 170.4588 401.7093
106 284.3610 700.2066
107 253.7608 390.9748
108 234.8007 340.7460
109 215.3836 294.6301
110 180.9068 487.6749
111 139.1735 517.6416
112 257.2824 465.5622
113 149.9118 465.5767
114 276.2799 495.6878
115 289.4631 569.2175
116 120.6150 535.7717
117 156.0740 527.9755
118 182.7060 530.0681
119 218.4994 520.2738
120 243.4089 507.3496
121 260.7849 494.8355
122 296.7393 465.6849
123 130.5457 576.4839
124 133.0029 466.6984
125 334.4989 587.0474
126 270.9532 530.9226
127 84.9600 499.9238
128 273.0235 482.0547
129 266.7709 573.3847
130 161.9111 473.9959
131 284.9542 554.7887
132 124.5325 636.4977
133 254.6001 458.3815
134 299.9567 541.4931
135 206.6533 723.0667
136 212.6227 745.1569
137 111.1181 586.5845
138 174.4399 701.7747
139 97.7290 460.6685
140 303.4626 774.3782
141 335.8500 589.6268
142 255.9107 547.9712
143 115.7488 499.3331
144 197.3491 474.9493
145 213.9970 473.1142
146 271.5128 674.0608
147 140.4751 616.9010
148 342.7905 791.9338
149 280.1237 778.1641
150 250.0552 765.2575
151 284.7337 331.4165
152 380.4187 786.8081
153 229.1542 469.0359
154 242.8482 463.4342
155 251.1163 460.4980
156 116.9724 464.9875
157 235.0174 446.3340
158 217.6837 443.2247
159 201.2158 445.3347
160 185.4782 452.3551
161 176.3776 460.4048
162 80.6470 452.1951
163 185.0539 474.6962
164 345.8766 606.0306
165 279.2942 621.9151
166 292.0327 583.2683
167 318.3913 611.9339
168 306.7711 432.5462
169 240.9250 743.8261
170 271.5127 759.5180
171 340.0722 781.2766
172 180.4456 720.2586
173 248.2807 453.3763
174 292.2315 501.0055
175 379.4140 774.9706
176 310.3454 788.0785
177 125.7752 630.0454
178 314.4728 669.8216
179 312.8571 674.9962
180 312.0996 682.8629
181 312.1753 693.3340
182 309.4540 711.6459
183 276.3870 660.0924
184 270.7370 659.1975
185 264.9569 657.2114
186 247.2533 649.8661
187 168.2489 622.5321
188 286.6723 479.4595
189 267.3824 443.6281
190 255.6358 448.2261
191 280.0118 657.0536
192 175.5564 671.1348
193 283.7827 440.3447
194 304.8372 732.3655
195 325.6017 502.6715
196 303.7617 488.4848
197 319.7235 480.6800
198 285.5001 535.1925
199 376.2880 756.0383
200 371.2276 732.0711
201 338.5932 738.3521
202 251.3197 698.4228
203 254.2582 591.8334
204 276.9794 718.7135
205 209.1040 597.7604
206 239.6513 614.5662
207 197.7594 632.0511
208 338.3921 762.7701
209 274.9248 547.1731
210 241.0178 718.9788
211 271.6343 737.8002
212 228.7528 675.4911
213 152.1181 650.5096
214 206.5443 686.4040
215 145.2137 669.0010
216 226.9359 640.1125
217 281.8890 515.7028
218 297.5024 578.0146
219 283.9459 582.7484
220 304.4872 563.7014
221 250.8347 432.4473
222 219.8215 429.2889
223 193.0932 432.7421
224 171.1255 439.7994
225 156.0911 450.3574
226 149.5943 482.5977
227 100.3217 544.2729
228 170.1082 504.7439
229 191.6664 506.3644
230 216.8250 501.2063
231 239.2204 492.2719
232 255.5457 482.6676
233 266.3854 474.2553
234 95.7673 544.0226
235 284.1846 586.3667
236 297.2825 520.4004
237 312.6526 577.9376
238 323.6312 584.7859
239 312.2988 580.4533
240 289.5597 590.5798
241 328.0478 586.4820
242 329.2918 589.0792
243 261.7975 459.1168
244 273.5733 462.0673
245 280.7087 464.9507
246 171.2461 466.0879
247 161.5165 464.2303
248 341.2503 502.2562
249 434.5155 416.8385
250 359.3413 578.8173
251 472.6013 330.3359
252 385.8951 447.0678
253 404.0495 444.2779
254 421.1883 439.5909
255 441.7291 422.9963
256 370.3406 446.0614
257 401.9021 395.7187
258 382.5403 401.3076
259 420.1798 394.4315
260 432.9649 397.7592
261 458.0395 433.5681
262 438.3431 722.9840
263 439.8345 410.3326
264 499.9342 413.5791
265 473.5707 417.6021
266 423.4663 527.8475
267 376.6146 625.0812
268 377.3618 642.9317
269 402.2927 621.6447
270 418.8563 621.6285
271 395.4489 637.4022
272 409.5044 633.2875
273 443.6735 646.1329
274 358.2476 571.8229
275 356.1583 550.9703
276 455.4185 373.7793
277 373.7239 487.3343
278 395.3962 550.8947
279 393.0963 539.0166
280 474.5276 510.2941
281 348.4981 524.6947
282 411.0096 365.3032
283 436.6958 364.9206
284 451.2384 299.8476
285 337.5660 399.5658
286 367.0776 410.8939
287 453.6698 621.0073
288 516.1297 601.1928
289 384.9364 565.1206
290 371.3047 575.3732
291 438.7342 624.5899
292 430.3658 626.9468
293 442.8110 349.6204
294 397.6027 557.5268
295 378.2562 375.5242
296 378.3779 358.1129
297 375.9927 269.8922
298 446.6071 323.9305
299 375.3004 312.3614
300 462.8084 362.4824
301 468.1599 347.2453
302 378.0774 636.1366
303 398.8022 631.4828
304 414.2961 627.7537
305 381.2618 569.2875
306 434.7766 625.6357
307 427.6939 637.3133
308 427.3567 627.5125
309 375.3062 564.5415
310 405.2627 632.0719
311 391.4314 637.8265
312 374.7689 644.0224
313 393.6144 704.5909
314 389.3815 685.6411
315 386.2396 674.6678
316 382.9520 665.7393
317 379.5029 659.5934
318 410.3948 643.9180
319 413.8498 645.2615
320 418.8075 649.0660
321 423.0153 654.5294
322 428.1357 598.7254
323 512.2253 499.1700
324 418.4539 637.6942
325 423.1131 636.8066
326 366.8923 586.0243
327 394.0485 569.8417
328 369.0334 581.0239
329 394.8181 493.3768
330 427.7558 498.6174
331 397.7565 545.6491
332 420.5301 278.6397
333 416.7436 311.1236
334 413.5399 347.6471
335 432.2713 667.2729
336 338.7135 372.1049
337 333.2024 319.9937
338 328.6102 271.4222
339 435.1788 432.3159
340 479.3692 443.6489
341 360.3322 443.5338
342 451.9291 398.7508
343 358.9064 478.0520
344 383.9119 548.8941
345 499.1382 452.9571
346 471.5052 459.5873
347 451.3843 471.9636
348 417.0791 477.4548
349 389.9853 475.8571
350 369.9832 471.6415
351 331.0961 458.2073
352 507.7284 493.5988
353 464.8144 393.6429
354 353.3404 582.7708
355 378.3319 508.1661
356 498.6373 410.2015
357 354.4843 464.6239
358 398.7233 545.0749
359 444.8626 411.6731
360 380.4227 534.3589
361 517.2595 548.5392
362 359.1842 435.7339
363 364.4789 527.5540
364 497.4472 656.8956
365 495.5403 679.8298
366 519.1820 496.2340
367 513.2035 625.0698
368 483.4747 377.1903
369 443.2126 741.4613
370 350.8670 586.4273
371 397.4924 517.6075
372 487.5386 418.0105
373 417.7700 427.4027
374 402.3577 432.5805
375 432.3776 639.1805
376 513.9163 534.1305
377 415.3773 774.7812
378 458.7459 735.9693
379 475.8883 712.3199
380 386.8982 435.1527
381 372.1982 435.6736
382 363.2521 436.3094
383 474.8676 386.4524
384 371.6882 416.6682
385 385.7659 406.5653
386 401.5643 401.2743
387 418.4283 400.9585
388 429.2402 404.6076
389 487.3118 364.9526
390 427.8701 421.9429
391 408.9612 593.8747
392 385.1103 563.1432
393 372.6484 600.2661
394 478.9546 688.8929
395 461.4648 715.1269
396 416.4762 763.2707
397 508.2992 645.4095
398 362.8773 428.3945
399 350.7520 488.4280
400 440.0955 757.2245
401 523.0064 541.2681
402 396.8346 651.8530
403 400.8211 655.7226
404 405.0505 662.3877
405 408.9877 671.8407
406 416.6064 687.6089
407 422.3732 628.6982
408 427.3207 625.5171
409 431.6944 621.4079
410 444.7990 607.0314
411 497.4018 549.9421
412 344.3513 467.1461
413 343.0397 427.2294
414 354.4132 426.9577
415 417.0240 627.6606
416 505.8515 597.3283
417 329.1923 430.5309
418 427.5347 704.3180
419 336.7660 481.3308
420 370.1973 516.9950
421 402.3642 723.6858
422 457.4723 652.5357
423 416.7437 556.8276
424 444.3531 680.9158
425 457.9323 543.3552
426 438.5038 571.3824
427 478.7016 570.0678
428 412.2170 745.6042
429 382.3888 524.3545
430 472.2355 666.4608
431 455.0817 695.7392
432 468.0391 622.6953
433 515.6583 569.5129
434 488.5184 623.3098
435 522.2824 584.0375
436 457.9882 589.7170
437 363.8804 498.3579
438 380.5078 559.9181
439 392.0566 559.4439
440 370.9474 549.2628
441 353.9272 409.8172
442 380.6883 393.7041
443 405.7085 385.8389
444 427.1619 383.2601
445 442.7343 386.9552
446 457.2106 415.0917
447 511.7441 454.0351
448 450.5107 443.8536
449 433.6495 454.1066
450 410.1429 459.6404
451 386.9046 460.5797
452 368.6904 458.4000
453 355.9559 455.0523
454 504.9948 454.2302
455 392.0401 563.1199
456 356.0265 507.6427
457 369.4649 565.4197
458 360.6055 576.5215
459 369.1355 567.9280
460 388.4255 569.4181
461 358.4077 579.7562
462 356.2606 583.1300
463 353.6189 439.3032
464 344.8279 446.9106
465 341.2313 452.1142
466 435.3872 407.7922
467 442.5077 402.1370
