# Image: /home/yaroslav/Projects/Diia.AIContest-AdAstrum/fixtures/FLUXSynID-processed/013cfc72cfbc/013cfc72cfbc_m_live_0_e_d1.jpg
# Mode: stream
# Status: fail
# Errors: face_too_small_in_frame: Face occupies only 38.0% of frame (min: 50.0%)

# 2D Landmarks (index x y)
0 328.2763 609.9578
1 317.3532 546.6542
2 320.6082 566.5938
3 291.7795 490.7747
4 314.0668 527.9378
5 309.8127 504.1872
6 300.3583 448.4238
7 171.5203 469.1685
8 293.7796 411.4140
9 289.9183 388.0199
10 274.5124 296.2467
11 329.8556 618.8776
12 331.0700 625.0445
13 331.5972 626.9928
14 332.9170 633.4022
15 334.1715 640.4092
16 335.7522 649.4409
17 337.6446 659.7977
18 340.8297 678.5634
19 318.8819 556.3617
20 302.7767 558.0175
21 90.0587 418.7887
22 226.1109 475.5554
23 207.8530 480.2199
24 190.0449 482.3567
25 165.4697 478.0495
26 240.9662 468.0795
27 196.4420 441.2288
28 214.9846 438.0813
29 179.6501 446.8687
30 168.6216 453.9290
31 150.8979 493.0032
32 276.3657 721.2849
33 164.7834 466.9231
34 93.8269 498.5335
35 127.7795 486.7625
36 224.1204 551.0694
37 305.4023 610.6120
38 311.4725 627.7642
39 283.5094 619.5835
40 269.5479 629.6260
41 295.1722 631.4651
42 281.9378 635.4459
43 251.6329 662.1664
44 302.1679 548.7102
45 296.8021 531.2844
46 134.0385 442.7179
47 253.6184 499.3424
48 260.0793 552.1083
49 257.4390 543.0042
50 167.4273 560.7142
51 293.8784 509.1135
52 175.6666 416.5640
53 150.6078 427.1558
54 102.9382 382.3044
55 257.5536 415.1080
56 232.4747 439.0000
57 234.3781 647.5103
58 139.8566 668.4152
59 275.1343 559.7860
60 291.3272 562.7494
61 254.4706 643.4493
62 262.3447 640.8902
63 137.5200 417.2093
64 261.0009 560.2446
65 210.8698 411.4262
66 204.1983 396.7103
67 169.9744 324.7374
68 120.4993 398.1801
69 188.3099 357.9345
70 120.7110 436.9549
71 105.3459 428.1469
72 308.4537 621.0634
73 290.3117 627.0602
74 275.9332 632.8226
75 280.6084 562.1002
76 258.6349 642.3249
77 267.1929 644.3042
78 264.1793 639.8388
79 283.3252 551.7170
80 285.1087 633.7150
81 298.7155 631.4363
82 314.2292 629.3395
83 316.1183 682.2981
84 314.5445 662.1460
85 313.7898 651.0744
86 313.5038 641.8685
87 314.1008 635.8467
88 283.1390 639.1840
89 281.0001 641.5158
90 278.0689 646.5430
91 275.7025 653.3432
92 250.2178 612.3870
93 105.8771 582.3897
94 319.5791 560.4168
95 274.3325 640.2895
96 270.8657 641.4916
97 298.6871 570.0991
98 269.5195 570.4236
99 295.1953 566.5384
100 236.1078 513.4769
101 207.7169 531.1826
102 255.7877 551.7666
103 127.7780 350.5516
104 146.4579 374.2434
105 165.9876 402.7341
106 268.9432 671.3659
107 247.0271 392.3555
108 231.9366 347.9003
109 217.2920 307.8621
110 174.6449 482.1946
111 132.2473 510.1170
112 250.0166 461.4348
113 146.6545 461.9006
114 264.4848 484.9832
115 269.9509 543.2142
116 114.2864 527.2668
117 147.3808 519.4827
118 172.7605 520.9005
119 207.8595 511.3986
120 232.8949 499.0621
121 250.9389 486.8085
122 284.0346 456.3776
123 122.9835 564.6895
124 129.5296 463.0471
125 309.8617 557.0558
126 258.3025 515.9497
127 88.7365 500.7631
128 263.4070 474.2253
129 254.5767 553.7690
130 159.0373 470.2570
131 267.2753 532.1273
132 118.8285 625.4941
133 248.8726 454.8603
134 279.8706 518.8506
135 187.9760 698.3080
136 192.9868 720.5949
137 105.8678 575.9300
138 159.6888 679.6813
139 98.6335 460.3590
140 275.7466 740.9989
141 312.4917 560.7956
142 244.0843 532.4079
143 111.8561 493.8218
144 190.0347 470.7756
145 206.1688 469.7056
146 263.5249 648.6533
147 132.1644 601.1823
148 314.5140 759.7100
149 253.9127 747.7973
150 226.2753 737.2899
151 281.8309 339.9484
152 354.2951 756.0250
153 221.5455 466.1442
154 235.5503 460.7404
155 244.5010 457.3104
156 114.7771 462.4024
157 231.4710 446.5420
158 215.2478 445.6468
159 199.6346 447.7239
160 184.3770 453.1820
161 175.0638 459.3045
162 85.6842 455.7870
163 179.0807 470.1309
164 323.1901 580.4177
165 265.5621 598.1314
166 274.1074 556.9175
167 298.9406 585.9558
168 296.9823 429.3208
169 218.1722 716.0702
170 246.0336 728.9964
171 310.9686 746.7491
172 165.6165 699.8747
173 243.2596 450.7910
174 277.0044 486.4014
175 351.7925 742.2265
176 282.5563 755.7833
177 118.1069 615.5018
178 297.3006 637.4147
179 295.3281 642.0624
180 293.9784 649.2837
181 293.3541 659.2783
182 290.1597 678.4603
183 270.1869 638.5561
184 264.6641 638.2858
185 258.9737 636.7831
186 238.1539 629.3581
187 158.7750 604.2414
188 274.4215 469.4166
189 260.9935 440.7489
190 250.3871 445.7665
191 273.5602 635.7612
192 163.9263 649.8256
193 275.3179 436.7074
194 282.4780 699.9950
195 306.5773 485.0295
196 287.6953 474.4239
197 303.5896 467.1648
198 269.6792 516.6933
199 348.4579 722.8769
200 344.3684 699.3751
201 313.0514 704.0593
202 234.7718 674.7230
203 242.0172 571.7260
204 257.3756 690.3044
205 197.6610 578.2855
206 227.1706 593.5600
207 186.6347 611.4272
208 310.4291 727.8483
209 260.8601 529.0170
210 221.0452 692.8250
211 248.7752 708.3804
212 215.5630 654.9016
213 142.2439 631.9600
214 192.1197 663.5848
215 134.2149 650.5584
216 215.9302 620.5688
217 268.0099 500.8662
218 277.0611 549.8339
219 266.4664 556.9663
220 282.3134 536.4492
221 244.9938 431.1766
222 214.2892 429.0891
223 188.7866 432.3366
224 167.8112 438.5435
225 153.3960 448.0748
226 145.2706 477.9625
227 97.1581 537.0884
228 162.6543 498.2104
229 182.2598 499.3314
230 206.8883 494.8643
231 229.7748 486.4603
232 246.9962 476.8987
233 258.2056 468.4291
234 97.2401 541.5473
235 267.9957 561.6129
236 279.5193 501.9329
237 289.4023 548.1899
238 301.0579 555.3793
239 290.2279 551.1907
240 274.2905 566.2130
241 304.1647 556.5763
242 306.9265 560.3382
243 255.5154 454.9009
244 266.1943 456.9732
245 271.6593 458.4169
246 169.4250 463.4305
247 159.1786 461.1031
248 322.6449 485.5534
249 430.3853 424.6200
250 334.8354 552.8484
251 493.8867 349.8912
252 380.7306 449.1607
253 399.9678 447.3394
254 417.6708 443.3652
255 439.1089 431.0058
256 363.7281 447.0368
257 397.1339 406.2510
258 378.2138 409.5233
259 415.0672 405.8736
260 427.9104 409.0233
261 458.5846 440.4012
262 416.3978 698.0597
263 435.8815 420.3181
264 516.1929 426.2437
265 478.6668 426.5840
266 408.4537 520.1696
267 350.2253 603.2925
268 350.6086 621.4086
269 374.3956 604.8058
270 391.3645 609.6034
271 367.5615 619.7034
272 381.6609 619.1210
273 419.9170 634.5705
274 332.3555 543.6535
275 331.4027 525.4711
276 457.5127 386.2799
277 362.5319 480.9031
278 373.6010 533.3899
279 373.1840 523.8445
280 465.8646 510.2648
281 326.6846 503.5231
282 408.0926 374.9676
283 436.1033 376.9040
284 468.6856 319.6453
285 329.5338 401.9185
286 361.9217 416.4586
287 431.2040 615.0398
288 528.8148 602.5544
289 361.7690 545.5235
290 347.3604 553.6720
291 410.7366 617.8341
292 402.5389 617.8829
293 445.7605 362.9784
294 375.4931 541.4670
295 372.6774 382.2262
296 374.1979 366.0859
297 383.4032 288.2101
298 456.5578 339.9401
299 376.7911 324.9275
300 468.9382 376.5844
301 481.7594 363.5652
302 351.0241 614.2064
303 370.5153 614.0268
304 386.4600 614.7079
305 357.5371 549.6119
306 406.3822 618.0605
307 399.0518 622.6984
308 400.4612 617.5078
309 351.2174 540.4442
310 378.1327 618.3902
311 364.2957 620.6782
312 348.8101 623.6425
313 365.6747 674.2736
314 360.3212 654.6625
315 357.2439 643.9527
316 354.2292 635.3391
317 351.5834 629.7850
318 382.0625 622.9497
319 384.9492 624.4287
320 389.4232 628.3918
321 394.0995 634.0439
322 403.8947 587.0512
323 532.6262 509.6731
324 390.9354 621.1378
325 394.4991 621.2235
326 342.7935 562.9267
327 370.8381 553.8689
328 344.8141 558.4742
329 384.3773 488.4692
330 417.5925 495.7097
331 377.6871 531.6514
332 433.0999 298.1942
333 422.8956 325.9520
334 413.0122 358.6464
335 406.7039 648.5781
336 331.8988 376.8493
337 331.7826 330.4820
338 332.5421 288.2340
339 432.0122 438.0601
340 482.4400 450.3718
341 352.6573 443.8481
342 451.8365 409.2997
343 347.2445 470.9528
344 361.2030 528.0824
345 505.5566 460.5599
346 471.1308 464.2746
347 447.4368 474.2559
348 410.7200 476.9546
349 382.4979 473.6830
350 360.8644 468.1638
351 318.5147 450.4242
352 509.6477 499.0084
353 468.8399 404.5226
354 327.7663 554.1337
355 363.8215 498.2503
356 522.3434 426.6728
357 344.4903 460.4650
358 379.7539 533.0740
359 442.5823 421.5204
360 360.0462 516.6978
361 534.5554 554.8722
362 351.5424 437.1363
363 343.3735 508.1019
364 492.7985 647.1947
365 495.7807 669.6975
366 530.0498 503.8205
367 513.3367 620.1356
368 498.9645 391.8395
369 423.5957 716.4201
370 326.3741 558.5257
371 382.9035 509.2264
372 496.7091 427.9293
373 413.4572 432.4266
374 397.8394 436.8817
375 404.0891 625.6418
376 513.0466 536.6794
377 393.1063 746.7076
378 446.7982 715.5479
379 469.7633 696.5968
380 381.8334 438.5555
381 366.4064 438.2018
382 356.5906 438.0572
383 483.2967 399.0102
384 365.6638 423.3391
385 381.0632 416.9902
386 396.5810 413.7386
387 412.8339 413.9165
388 423.6763 416.5052
389 510.5551 383.4407
390 423.5748 428.1467
391 384.2251 578.7037
392 361.8409 542.4582
393 348.0341 577.9559
394 470.0586 674.0575
395 447.7933 695.4453
396 392.0549 733.3576
397 514.8508 641.0124
398 355.5140 431.4528
399 335.6412 476.5677
400 422.2735 732.6146
401 531.4797 545.2994
402 368.1595 625.9463
403 371.5203 629.5963
404 375.4741 635.9766
405 379.4591 645.2394
406 389.0866 662.3187
407 394.1597 618.2652
408 399.2850 616.1818
409 404.1682 612.9948
410 421.1754 599.0654
411 488.5959 548.5310
412 332.3452 459.5976
413 335.1631 427.7604
414 346.9459 428.9783
415 390.0150 616.6665
416 499.0297 593.4011
417 320.0699 428.8429
418 403.4387 680.0014
419 321.1327 468.6859
420 352.8163 502.7577
421 375.8533 693.7107
422 440.2092 640.6835
423 397.9893 545.7958
424 423.9049 662.8211
425 442.8743 537.0522
426 419.7431 561.4807
427 464.6027 564.6743
428 386.2315 715.2695
429 365.5166 511.6258
430 459.4535 653.0739
431 438.2855 676.9307
432 451.5822 615.6569
433 513.7515 569.2173
434 476.9382 616.0079
435 527.9955 584.0419
436 439.5615 583.2757
437 349.2176 487.2142
438 356.6066 536.7121
439 369.1421 540.0315
440 347.0682 525.6670
441 347.0677 413.1554
442 375.4813 400.5474
443 401.0817 394.9743
444 423.4569 393.9791
445 440.4316 398.3155
446 458.7095 424.0810
447 525.7431 464.0575
448 449.1344 449.1748
449 431.0467 456.9364
450 405.9699 460.9056
451 380.9642 460.6794
452 361.1653 457.3862
453 347.3698 453.1013
454 527.5820 468.1264
455 369.1131 545.0347
456 338.2016 492.1250
457 344.3110 538.9552
458 335.5480 549.7168
459 344.5057 542.1708
460 364.7074 551.5394
461 332.9649 551.8338
462 331.6767 556.3217
463 345.2314 439.4849
464 335.8190 444.9688
465 331.1935 448.2520
466 430.3829 418.5516
467 439.2682 412.8274
