# Image: /home/yaroslav/Projects/Diia.AIContest-AdAstrum/fixtures/FLUXSynID-processed/011d70276dce/011d70276dce_m_live_0_e_d1.jpg
# Mode: stream
# Status: fail
# Errors: image_blurry_or_out_of_focus: Image is blurry (sharpness score: 81.40); strong_shadows_on_face: Strong shadows or uneven lighting detected (difference: 43.1); face_not_looking_straight_at_camera: Head is turned 176.9째 (max: 15.0째); head_is_tilted: Head is tilted 22.9째 (max: 10.0째)

# 2D Landmarks (index x y)
0 322.9610 588.2530
1 318.2868 527.7549
2 319.1810 542.3697
3 297.5262 451.5273
4 316.7323 506.2060
5 314.3496 474.8216
6 308.5767 397.0693
7 185.5849 388.4551
8 305.7108 353.2214
9 304.1183 327.5292
10 296.4711 219.4252
11 323.6400 597.4285
12 324.0085 602.4683
13 324.0171 602.5683
14 325.1401 608.7558
15 325.8542 616.4957
16 326.5754 626.0795
17 327.4960 636.3606
18 328.8073 653.4733
19 318.8414 536.9006
20 299.9171 532.8112
21 110.7109 315.3666
22 238.5544 402.2226
23 221.5287 404.9151
24 204.2242 406.1000
25 179.5535 397.0132
26 251.9349 397.1843
27 209.1181 364.3442
28 227.5021 362.7709
29 192.8391 368.5696
30 182.1780 374.4593
31 165.5531 412.2583
32 263.6520 687.2216
33 177.9612 384.5780
34 108.8748 403.1140
35 142.7014 402.1440
36 228.0322 496.3640
37 299.1363 585.2311
38 303.7004 602.0807
39 275.9203 588.8716
40 262.0492 593.9848
41 286.5000 601.7093
42 273.4870 601.9122
43 242.9356 619.8008
44 302.4532 527.6471
45 298.7316 506.5534
46 152.3572 362.3092
47 260.0160 441.3569
48 257.4976 513.9853
49 256.3130 500.9339
50 176.7023 492.8421
51 298.0964 477.3769
52 194.1096 343.0579
53 169.3324 350.1252
54 125.6091 281.4895
55 272.0194 351.3385
56 244.0252 365.7387
57 227.0437 601.7282
58 139.9071 588.2945
59 270.6717 525.0054
60 286.4033 531.5429
61 245.2613 602.2510
62 253.0197 601.7358
63 157.7504 337.4690
64 256.7605 520.6443
65 228.1131 341.7229
66 222.8347 325.3197
67 194.3348 234.2983
68 142.0842 308.1117
69 210.0114 277.5292
70 140.3252 352.7354
71 125.5951 334.7430
72 301.4081 596.1368
73 282.1756 597.5348
74 268.1358 598.5862
75 275.1613 527.8973
76 249.2495 602.1380
77 258.2182 606.9553
78 254.8459 600.7106
79 281.6722 523.2078
80 276.3396 599.5281
81 289.7713 600.7061
82 305.9153 602.1700
83 304.5741 654.5427
84 304.7000 636.1346
85 304.8979 624.8866
86 305.1699 615.4723
87 306.0689 608.6925
88 274.7230 605.2745
89 272.3844 607.5768
90 269.4401 612.5804
91 266.7610 618.7851
92 244.8897 571.6651
93 114.5369 487.8758
94 318.9634 538.7710
95 265.5632 603.7863
96 262.0643 604.7392
97 294.0913 541.5020
98 263.7732 531.5589
99 290.2464 536.8817
100 243.4260 453.2563
101 216.2743 468.2925
102 253.6614 508.4151
103 151.7901 253.8142
104 169.0172 288.5358
105 185.8915 326.7948
106 259.4517 633.4140
107 263.8018 325.9706
108 252.2515 272.9314
109 240.9377 223.8294
110 188.9292 403.5518
111 146.6467 428.1076
112 259.9105 392.2894
113 162.2506 380.4536
114 271.2252 428.5457
115 269.2932 509.8660
116 128.1556 442.1852
117 161.1633 441.7613
118 185.4087 448.5831
119 218.9589 443.5566
120 242.5489 433.6882
121 258.9820 423.8136
122 292.1440 402.7112
123 134.5100 484.4875
124 146.0351 379.5283
125 309.1199 536.3518
126 261.9744 464.2685
127 103.4924 397.6885
128 271.2421 413.3393
129 252.4867 507.4360
130 173.2315 387.9407
131 268.0747 493.6839
132 123.3784 537.1358
133 257.9868 384.6504
134 282.7064 483.7356
135 182.2766 639.9080
136 185.6446 660.7903
137 116.0403 488.3617
138 158.1555 612.3785
139 116.2369 364.9076
140 261.1086 707.7162
141 311.0202 538.1320
142 247.4274 479.0376
143 127.0315 405.8460
144 205.0543 392.6324
145 220.5780 392.8696
146 254.4074 610.2457
147 140.2176 525.2997
148 296.4259 732.5238
149 240.0065 706.9471
150 214.8139 688.0888
151 300.2002 271.5945
152 334.7256 733.4981
153 234.7376 390.6230
154 247.6745 387.1879
155 255.1612 385.7392
156 132.2129 375.0120
157 241.6696 370.9147
158 226.0669 366.2499
159 210.4799 366.4477
160 195.4072 371.2624
161 186.6568 377.3997
162 103.6820 351.3458
163 193.8210 390.7741
164 320.3430 556.2842
165 259.2594 561.0447
166 270.5527 523.4334
167 294.3841 557.7833
168 306.8605 372.8218
169 208.5478 666.8302
170 233.8240 687.7489
171 294.4140 720.6075
172 161.7223 629.7964
173 252.7466 379.1034
174 283.1900 438.4787
175 333.9760 720.5191
176 266.3548 722.8123
177 124.7066 533.1931
178 288.8821 607.2151
179 286.8683 611.9570
180 285.3241 619.4981
181 283.9203 629.2935
182 279.6312 645.9514
183 261.1412 601.4908
184 256.0535 600.2902
185 250.8288 597.4889
186 232.5046 585.5134
187 164.7572 536.7915
188 282.0399 414.5194
189 271.6402 374.4383
190 260.0722 376.1926
191 264.5855 598.6573
192 164.5926 584.5523
193 285.7266 375.7958
194 271.3837 665.7859
195 312.3234 447.9558
196 294.4765 428.0736
197 310.5492 422.9993
198 272.9412 472.4722
199 332.4782 699.9507
200 330.5273 674.4749
201 300.5651 675.7980
202 226.6275 628.5570
203 240.0546 523.8907
204 247.5768 649.9584
205 201.9882 520.9651
206 226.2059 544.6154
207 188.6725 553.0204
208 295.8704 700.7989
209 262.6441 482.2675
210 212.4916 644.3976
211 237.9996 667.0195
212 210.3816 604.4554
213 146.6489 559.6213
214 188.3193 607.0820
215 137.0301 574.4066
216 213.5804 569.7475
217 272.8692 451.1013
218 275.6266 520.2051
219 263.0412 521.5341
220 282.9759 508.0549
221 257.8014 362.7002
222 229.1851 357.2684
223 204.2673 358.0114
224 183.6365 361.9204
225 169.6186 368.9364
226 160.2869 395.2263
227 109.9815 445.2531
228 177.1369 419.9272
229 196.1640 424.8049
230 219.7213 422.6897
231 241.0117 416.5649
232 256.6107 409.6006
233 267.1910 403.3406
234 108.8475 442.1896
235 263.4485 524.8812
236 284.5318 460.4065
237 288.9659 523.7663
238 299.3288 531.6765
239 289.0684 525.4468
240 268.7499 529.8175
241 303.0997 534.4870
242 304.5971 536.3693
243 264.3197 387.1291
244 274.9648 392.9331
245 280.2074 398.0318
246 181.7145 381.6541
247 173.6194 380.0637
248 327.6271 449.7160
249 428.9004 375.1450
250 336.7633 530.3022
251 492.3377 292.8843
252 378.8527 394.6429
253 396.2413 395.3588
254 413.4252 394.2476
255 435.8566 382.6640
256 364.4383 391.1220
257 403.3698 353.7300
258 384.8348 354.0413
259 419.8739 356.3640
260 430.8853 361.0528
261 451.9638 395.3472
262 397.8013 678.3378
263 435.7096 370.4675
264 505.6249 378.6374
265 472.7981 382.1083
266 403.1111 485.6719
267 345.9853 582.1904
268 344.0480 599.3780
269 369.5072 582.7338
270 384.1128 585.8547
271 361.0354 596.7068
272 373.9854 594.9790
273 407.2419 608.8708
274 333.9814 525.5679
275 334.5160 504.2994
276 458.8899 344.4970
277 363.5047 435.2896
278 375.6503 506.7124
279 374.9656 493.6790
280 453.3398 475.7636
281 330.8405 475.4051
282 415.6327 330.3316
283 440.7728 334.5921
284 473.4486 261.3543
285 339.2045 347.4854
286 368.6453 358.8040
287 419.7104 589.0675
288 500.3225 564.7447
289 364.0276 519.3143
290 349.6973 527.5753
291 401.9053 591.7527
292 394.1329 591.9216
293 450.3380 320.6726
294 377.1250 513.2286
295 381.7286 332.9634
296 384.7907 315.9096
297 399.5637 222.5573
298 461.3822 289.6230
299 390.3966 267.1649
300 469.2898 333.5557
301 481.0945 313.9025
302 345.5648 593.2140
303 364.7149 592.0454
304 378.9572 591.0865
305 360.0132 522.6444
306 397.8779 592.0576
307 390.1897 597.9866
308 392.0252 591.4926
309 353.3887 518.7442
310 370.6031 592.9256
311 357.6318 596.0816
312 341.9609 599.7725
313 352.8575 651.4112
314 349.8633 633.1677
315 347.9839 622.1106
316 346.0576 612.8002
317 344.1347 606.2968
318 374.0198 598.5005
319 376.6709 600.5838
320 380.4676 605.1414
321 383.9926 611.0218
322 397.3217 561.7586
323 510.8289 462.5801
324 382.3869 595.8278
325 386.0817 596.2973
326 343.5241 538.2314
327 371.7705 524.9373
328 346.5423 533.1566
329 381.7008 445.0158
330 410.8516 456.5354
331 378.5069 500.8260
332 443.9816 236.7451
333 432.2497 273.2409
334 421.2049 313.1257
335 393.4701 624.5300
336 344.1629 321.2719
337 348.1298 267.4536
338 352.2252 217.4571
339 427.8879 390.0186
340 472.8081 408.2836
341 355.7191 387.1967
342 451.0115 363.8977
343 350.6016 423.8447
344 363.7202 504.0975
345 492.6427 419.7345
346 460.6236 423.6836
347 438.2251 433.2632
348 404.5391 432.5383
349 379.6620 425.6254
350 361.8768 417.9018
351 325.8728 400.6615
352 492.6038 462.1086
353 466.9954 360.4729
354 328.5267 534.9904
355 364.7568 458.1641
356 509.5475 372.8187
357 348.2215 408.9423
358 379.5231 499.7165
359 440.8105 373.0230
360 362.5615 488.1061
361 508.9690 512.3839
362 356.4315 379.3552
363 346.9296 479.8213
364 468.3555 620.9978
365 467.5817 642.0289
366 510.3272 463.3758
367 487.3192 590.7694
368 493.6511 342.1225
369 403.4183 698.0018
370 326.7388 537.0930
371 381.2124 470.8638
372 488.4956 383.7097
373 410.6801 381.5304
374 395.4049 383.5134
375 394.5179 600.8856
376 492.7943 502.8714
377 372.4130 727.4682
378 423.0431 694.6156
379 444.0537 672.6416
380 380.9782 382.9370
381 367.3772 380.7450
382 359.5441 380.1385
383 479.7482 354.0456
384 371.1945 363.7476
385 386.3971 357.3659
386 401.9189 356.0359
387 417.2283 359.1517
388 426.5210 364.2123
389 503.5542 327.4600
390 421.3219 378.4485
391 381.1207 553.1416
392 364.0844 517.6070
393 346.3848 554.3707
394 447.3276 650.8597
395 426.3195 674.7217
396 372.9186 715.3056
397 485.5471 608.4024
398 360.9899 373.0931
399 340.2316 435.1246
400 400.3423 713.8035
401 508.0590 508.5553
402 360.5836 602.3288
403 363.4553 606.9220
404 366.3097 614.0248
405 369.1528 623.6294
406 375.9847 639.5411
407 386.0311 592.9701
408 390.8342 591.3137
409 395.7011 587.8083
410 411.7566 573.6501
411 471.0498 517.4424
412 337.8093 411.1985
413 341.9722 370.5036
414 353.5032 370.9968
415 381.8617 590.6744
416 477.6350 564.2491
417 328.3677 373.3636
418 386.8408 658.0074
419 327.2690 426.1028
420 354.8878 467.5715
421 360.1535 671.8455
422 424.1370 615.5928
423 394.5618 514.3030
424 407.3934 639.2890
425 432.5218 506.5974
426 411.7023 532.9925
427 450.1598 536.4037
428 368.6850 696.0261
429 366.2961 476.0941
430 440.1720 629.2107
431 419.2100 654.9871
432 436.4520 589.5581
433 491.2533 537.5389
434 458.0103 589.4421
435 502.0185 550.7282
436 427.9566 555.9349
437 352.0525 446.3359
438 358.9822 515.0027
439 371.2524 514.9397
440 350.2465 503.9941
441 354.4132 357.3353
442 382.5608 348.7640
443 407.3477 347.0453
444 428.0076 348.4235
445 442.6359 353.6297
446 454.7806 378.0590
447 510.3218 420.1774
448 441.8166 404.3396
449 424.0365 411.3990
450 400.5948 412.3033
451 378.5715 408.7065
452 361.9944 403.7175
453 350.4605 398.7393
454 510.0448 416.9099
455 371.1690 518.2800
456 341.8478 456.8491
457 346.6848 520.1040
458 337.4137 529.0666
459 346.6450 521.7567
460 366.6504 523.8467
461 334.2407 532.4199
462 332.8061 534.4794
463 350.5245 382.3890
464 341.1153 389.3433
465 337.0341 394.8146
466 431.8054 367.9986
467 439.5719 365.3127
