# Image: /home/yaroslav/Projects/Diia.AIContest-AdAstrum/fixtures/FLUXSynID-processed/0035acaa26a0/0035acaa26a0_f_live_0_e_d1.jpg
# Mode: stream
# Status: fail
# Errors: image_blurry_or_out_of_focus: Image is blurry (sharpness score: 68.02); strong_shadows_on_face: Strong shadows or uneven lighting detected (difference: 41.6); face_not_looking_straight_at_camera: Head is turned 172.7째 (max: 15.0째); head_is_tilted: Head is tilted 15.0째 (max: 10.0째); face_too_small_in_frame: Face occupies only 42.7% of frame (min: 50.0%)

# 2D Landmarks (index x y)
0 274.2255 656.2317
1 275.9078 603.8388
2 277.4093 618.6810
3 270.2414 534.4846
4 277.4885 584.2456
5 281.2439 556.8043
6 292.4621 488.4290
7 169.1509 457.7907
8 298.6801 438.3863
9 301.0815 411.1724
10 314.1627 303.8144
11 273.6472 664.3017
12 273.8987 669.1875
13 274.7464 670.1909
14 274.0857 673.4504
15 273.3803 679.1937
16 272.6817 686.6769
17 272.4215 694.5665
18 272.6445 708.4417
19 275.8983 612.4651
20 263.0347 607.3219
21 114.3424 366.4812
22 219.5619 485.5927
23 200.8011 483.9640
24 183.6730 479.7375
25 163.2494 464.1055
26 235.5947 483.4181
27 198.8949 433.6456
28 218.9328 437.7028
29 180.7699 433.7947
30 168.6868 437.8164
31 146.8479 474.5537
32 209.9231 728.8055
33 163.9270 451.4089
34 98.9799 451.4292
35 128.4552 457.2563
36 198.1384 564.9179
37 254.5311 651.4725
38 257.4606 666.6016
39 234.9124 653.4950
40 222.4387 657.5372
41 243.6137 665.5728
42 232.4585 665.0238
43 201.7329 676.2915
44 262.1149 601.3094
45 261.3861 582.1108
46 141.3413 413.9084
47 238.6897 521.6742
48 228.7368 586.7469
49 229.7904 575.1220
50 144.1258 553.2830
51 265.7009 556.7330
52 182.9156 402.5455
53 158.3719 404.0414
54 132.1142 335.3040
55 260.3800 429.8182
56 236.1589 446.3155
57 189.0097 660.2373
58 110.8117 626.7660
59 240.4721 598.9186
60 253.8051 606.1194
61 209.2322 663.3087
62 216.6410 662.9332
63 149.5681 388.3981
64 228.8218 593.4253
65 215.9855 409.5379
66 213.4553 391.9075
67 204.8493 301.0685
68 140.8570 361.0936
69 210.8135 345.4783
70 131.3451 401.9308
71 122.3134 384.9595
72 255.2150 660.8797
73 239.5419 661.4451
74 227.4516 661.8773
75 244.8266 602.1695
76 213.0894 663.3960
77 219.4284 666.2325
78 218.4831 662.0808
79 246.9428 596.4703
80 236.4681 663.5780
81 247.7305 665.3181
82 260.4692 667.8147
83 252.0397 706.3663
84 253.9336 691.4887
85 255.0357 682.7624
86 256.3796 676.0630
87 258.2774 671.0821
88 233.1454 665.9725
89 230.7951 667.1382
90 227.4631 670.4321
91 224.2565 675.0926
92 208.3927 635.2295
93 98.7778 530.8348
94 276.7450 614.5553
95 226.1474 664.4614
96 223.0178 664.7590
97 258.1290 615.0004
98 234.2399 604.3175
99 256.0150 610.8609
100 219.4257 529.8317
101 188.0357 538.1566
102 227.0995 581.8123
103 160.3310 312.9124
104 168.8794 346.7210
105 177.5463 384.2520
106 214.6551 687.0310
107 255.7695 402.3030
108 255.3448 350.0710
109 254.4029 298.7889
110 170.0379 473.1411
111 125.8202 485.6065
112 246.0991 480.1701
113 149.1939 438.9380
114 251.5160 511.2898
115 237.2885 583.0431
116 106.6397 494.3958
117 135.9793 502.8633
118 158.5376 514.6327
119 193.9019 516.7299
120 220.1731 512.4340
121 239.5419 506.2864
122 275.6772 490.9317
123 105.8584 536.3811
124 134.1763 433.0112
125 267.7474 610.4071
126 238.8308 542.5759
127 99.0453 444.9070
128 254.0881 498.2760
129 226.8640 581.4237
130 158.7808 452.3373
131 239.2916 569.0170
132 101.4972 577.6197
133 247.5277 472.1435
134 251.8432 560.7219
135 140.4022 680.4855
136 143.2670 697.2246
137 93.4190 533.5408
138 119.8739 653.0405
139 110.1792 414.9391
140 206.2668 743.3600
141 270.4984 613.0390
142 222.3674 553.5755
143 113.2212 457.2854
144 185.4044 468.5069
145 200.9230 473.4854
146 215.4162 669.0353
147 107.6624 574.5039
148 236.0169 767.5790
149 189.2382 740.3974
150 168.2333 723.1461
151 307.4430 356.9317
152 269.4878 774.8865
153 217.0335 474.8545
154 232.6171 474.0979
155 242.6101 473.6764
156 121.8250 425.3984
157 233.0461 452.6169
158 217.4485 442.8693
159 200.4622 438.7574
160 183.7112 439.9966
161 173.6056 444.3968
162 103.7978 400.8928
163 175.4444 462.9867
164 276.8609 629.7855
165 223.9954 628.0264
166 239.5149 596.8802
167 254.5510 628.2777
168 296.6486 461.9490
169 163.1936 705.5834
170 184.2130 724.5397
171 233.7321 758.7861
172 124.9946 667.2906
173 243.2013 464.6710
174 260.5717 521.1464
175 268.6991 764.9620
176 210.8790 755.6839
177 97.0394 575.9612
178 244.3265 668.2641
179 241.8661 671.3675
180 239.4751 676.5501
181 237.3490 684.0539
182 231.4255 697.6319
183 222.7518 664.2978
184 217.8162 663.0415
185 213.1533 660.2455
186 195.2725 646.6572
187 128.4094 590.3143
188 263.9914 499.8326
189 260.8436 460.6302
190 250.5558 462.0410
191 226.9198 662.0202
192 126.6579 631.7009
193 274.3414 461.9615
194 219.4751 713.4874
195 284.9670 533.6261
196 272.3796 513.8176
197 288.5441 511.9817
198 246.5379 550.6687
199 269.2016 749.0458
200 270.8689 727.8996
201 244.2068 724.9395
202 183.1646 680.5390
203 210.4678 592.8496
204 200.1336 698.9846
205 167.2564 582.2908
206 191.5598 608.0309
207 150.8538 608.8736
208 236.6120 744.4473
209 237.5985 559.1641
210 168.1418 689.4613
211 189.2699 709.9495
212 169.6180 658.8511
213 111.7682 606.2648
214 147.6381 655.7168
215 104.3167 615.4547
216 176.3462 629.5576
217 250.0552 531.5188
218 241.6182 592.8296
219 232.7876 594.1586
220 248.1652 581.7938
221 247.0929 443.2383
222 217.7337 429.6624
223 192.3221 424.2907
224 171.4345 423.0460
225 157.0684 427.4251
226 145.5468 455.0986
227 93.5941 491.8702
228 155.6842 485.2496
229 173.1193 494.6226
230 197.2678 498.5765
231 220.5765 497.7314
232 238.8107 494.1491
233 251.4701 489.6928
234 99.1187 487.3766
235 234.0189 597.9071
236 257.3525 540.5858
237 251.6038 596.5521
238 261.0686 605.3121
239 252.4324 598.6734
240 238.8609 603.1349
241 263.0464 608.1573
242 265.8572 610.8089
243 253.1201 475.0880
244 261.8789 480.6851
245 265.7742 485.0137
246 168.1971 448.1036
247 159.8943 442.5540
248 300.1488 537.9912
249 434.4782 488.1017
250 293.0337 611.0185
251 527.2893 412.1834
252 376.5256 503.3851
253 395.9373 506.1689
254 414.7257 506.1967
255 440.4572 495.9727
256 360.4540 497.5410
257 407.2165 456.4788
258 386.2200 455.7659
259 425.7686 461.0705
260 438.1531 468.0785
261 456.4366 510.4141
262 335.0760 745.9260
263 441.9316 483.0476
264 524.2617 500.6338
265 481.9164 498.1293
266 377.3370 586.0733
267 295.3055 656.3401
268 291.8309 670.6909
269 316.8088 663.4174
270 331.1879 670.6581
271 307.6028 673.4012
272 320.8496 675.4916
273 353.2643 695.0621
274 290.6157 604.8154
275 294.5349 585.8076
276 472.5312 451.0786
277 345.7782 534.0213
278 334.8755 599.2329
279 337.6778 587.8336
280 438.8816 588.4958
281 297.3705 560.3358
282 425.9973 428.7760
283 453.4971 436.7367
284 509.2968 376.2534
285 339.1305 438.4125
286 367.5068 460.4658
287 369.0999 682.3474
288 484.6617 674.1666
289 320.8815 608.4680
290 305.4113 612.1979
291 347.3758 679.6253
292 340.5724 677.4430
293 467.5390 423.4048
294 335.2349 606.0676
295 388.3875 428.0167
296 393.8610 410.9800
297 428.4232 324.4592
298 487.9074 399.0093
299 408.8407 366.2085
300 487.8655 441.8906
301 507.5793 428.0759
302 293.5074 665.5796
303 311.2418 670.1726
304 325.5619 673.7244
305 316.1597 610.5394
306 343.4210 678.6889
307 335.3807 679.8582
308 339.4330 676.2948
309 311.3957 604.2058
310 318.5165 673.1113
311 305.1781 672.2177
312 290.3848 671.4150
313 293.8469 711.8059
314 291.8367 696.2148
315 291.6031 687.4340
316 291.3445 680.4629
317 290.8657 675.2247
318 320.7071 676.3679
319 322.4957 678.0381
320 324.9567 682.1535
321 327.4677 687.7166
322 350.2291 652.3691
323 519.2488 581.1675
324 329.6879 676.7004
325 332.1336 677.6409
326 298.5872 619.7705
327 328.3766 615.3868
328 301.8153 616.1258
329 364.4239 546.6346
330 394.8230 562.4518
331 340.4091 595.1589
332 478.0289 346.4303
333 456.8485 377.5109
334 435.6229 411.8525
335 337.1136 702.7664
336 347.8049 412.1091
337 360.7511 361.2645
338 375.6879 311.4345
339 430.9213 503.1796
340 477.3159 526.7513
341 350.2083 492.0107
342 460.3768 474.3003
343 333.7747 520.7764
344 324.1035 593.3555
345 498.6568 540.6675
346 460.3580 540.8004
347 432.4413 546.6245
348 394.8779 540.1439
349 368.7154 529.5348
350 349.9774 518.8555
351 309.8978 494.7017
352 489.5541 582.2428
353 479.0291 472.3181
354 284.7255 612.4672
355 339.4505 554.1539
356 534.8474 494.9230
357 335.9454 507.5344
358 343.0969 594.9834
359 447.6840 485.4106
360 326.8964 579.2125
361 506.1459 627.5471
362 351.2868 483.9128
363 312.8152 567.8502
364 426.9051 718.1613
365 427.0961 735.0823
366 513.0553 584.1055
367 457.4144 696.2251
368 517.4112 461.0509
369 338.0479 761.7100
370 283.4293 614.5744
371 355.0956 569.0383
372 500.7206 502.2021
373 414.3883 494.4874
374 397.5175 495.5544
375 339.1442 683.8169
376 480.9891 619.9543
377 304.6472 777.2821
378 362.8950 764.8636
379 391.5434 753.9030
380 381.0317 493.1285
381 365.7053 488.9425
382 355.8065 486.4900
383 496.3075 468.0591
384 370.7187 468.0068
385 388.8786 461.8795
386 406.2706 462.0593
387 422.7217 467.1272
388 432.1309 473.8856
389 535.1761 449.3429
390 426.2225 491.5685
391 334.0978 641.1438
392 321.4000 606.5634
393 300.0037 633.6234
394 395.4759 737.0273
395 367.2636 749.9056
396 304.9075 768.7415
397 457.2146 710.3036
398 357.1558 477.6836
399 317.7441 527.7605
400 334.3279 773.1108
401 500.9465 625.7053
402 306.9268 675.8561
403 308.5490 679.5547
404 309.8322 685.2728
405 310.9022 693.3033
406 317.1898 708.8116
407 332.8593 677.0319
408 337.3450 677.1115
409 342.4797 675.5165
410 363.1958 666.9635
411 450.7619 629.4791
412 321.7182 506.4432
413 337.6811 469.1338
414 349.3661 472.9366
415 330.1841 674.0661
416 448.5604 672.0326
417 320.6071 467.0980
418 327.2484 727.9099
419 305.0640 517.6536
420 325.8815 559.7679
421 298.5725 732.3830
422 372.8877 705.0717
423 358.0757 610.3392
424 351.2288 719.0994
425 406.3032 610.9974
426 374.8421 630.2146
427 420.2122 641.9350
428 302.8613 753.5629
429 335.7035 570.5155
430 389.6072 718.7647
431 362.0616 733.3644
432 390.8955 686.6446
433 471.7604 650.7802
434 417.9740 690.1757
435 484.6178 663.0770
436 387.6020 655.3083
437 328.4693 540.5823
438 317.1159 601.9148
439 328.6759 605.5083
440 310.2666 589.2104
441 354.0465 455.0330
442 385.9636 448.0545
443 413.3326 448.3415
444 436.0848 452.5727
445 452.1664 460.5516
446 462.5527 491.5255
447 521.6043 542.4986
448 443.7382 518.6443
449 422.6385 523.5648
450 396.3126 521.5295
451 372.3924 515.0272
452 354.5686 507.3825
453 342.1185 499.9385
454 527.8240 537.5253
455 327.9892 609.0915
456 314.0594 547.2166
457 303.7651 602.8130
458 294.0115 609.4386
459 304.0049 604.9228
460 322.7026 613.0985
461 290.4394 611.3960
462 289.0896 613.6303
463 344.1437 485.3607
464 332.8969 488.6138
465 326.1135 491.6713
466 437.4978 478.8165
467 447.5136 475.1276
