# Image: /home/yaroslav/Projects/Diia.AIContest-AdAstrum/fixtures/FLUXSynID-processed/0035acaa26a0/0035acaa26a0_f_doc.jpg
# Mode: stream
# Status: fail
# Errors: face_not_looking_straight_at_camera: Head is turned 178.4째 (max: 15.0째); head_is_tilted: Head is tilted 12.2째 (max: 10.0째); face_too_small_in_frame: Face occupies only 40.4% of frame (min: 50.0%)

# 2D Landmarks (index x y)
0 296.2143 603.5104
1 295.5691 547.2344
2 296.6834 564.9679
3 282.1971 481.6191
4 295.8480 527.3300
5 296.7878 500.7879
6 300.1419 437.2134
7 167.1748 427.0748
8 301.5414 393.9153
9 302.1434 368.2458
10 305.6762 266.2317
11 296.1455 611.9540
12 296.3288 617.6076
13 296.6812 619.2177
14 296.7467 623.1240
15 296.6449 629.0010
16 296.4221 636.8241
17 296.3243 645.6865
18 296.1217 662.6752
19 295.6823 556.8117
20 279.7226 554.3111
21 100.5470 351.7079
22 220.4237 446.9015
23 201.2672 447.5703
24 183.4118 445.6820
25 160.7515 434.5785
26 236.8611 442.7695
27 196.9902 402.3747
28 216.9232 403.6109
29 178.8397 404.4155
30 166.5047 409.4462
31 144.1120 446.6670
32 228.2222 693.0645
33 161.2973 422.3400
34 90.1871 435.3699
35 123.1440 433.7750
36 205.8222 524.8193
37 274.4382 600.5961
38 277.9332 616.9319
39 252.5398 605.8059
40 238.4689 612.9079
41 262.1104 617.9697
42 249.4494 619.6945
43 216.4281 637.8107
44 280.2374 546.2644
45 278.2251 527.0097
46 135.6150 390.0384
47 244.2277 478.1658
48 239.5000 538.4419
49 239.1548 527.6697
50 148.3656 521.3379
51 280.1209 502.4754
52 180.3823 373.2312
53 153.8181 378.0871
54 118.2031 317.6643
55 262.8937 389.9558
56 234.6554 409.1802
57 202.0260 622.4175
58 109.1141 611.2232
59 252.8499 549.4805
60 268.2852 555.1893
61 223.4795 622.5936
62 231.1694 621.2555
63 143.2285 364.5194
64 239.3643 546.0484
65 216.1121 375.9477
66 212.3738 359.0466
67 194.0416 273.9878
68 131.1053 339.7835
69 205.0767 314.4419
70 124.0349 380.4836
71 112.1239 366.4562
72 275.7238 610.6014
73 257.9945 613.6934
74 244.1270 616.8083
75 257.8179 552.4490
76 227.5935 622.2186
77 235.0573 623.8894
78 232.8716 620.3660
79 261.4680 544.8434
80 253.0315 618.1836
81 265.8753 617.9553
82 280.5347 618.5570
83 273.4694 662.6280
84 275.6288 644.5788
85 276.6711 634.8926
86 277.7964 627.5381
87 279.2801 622.5067
88 250.2480 621.2951
89 248.0009 622.7229
90 244.6651 626.5728
91 241.4010 632.1161
92 221.9255 592.3867
93 90.6263 518.3742
94 296.1292 560.0007
95 241.9708 621.2582
96 238.7898 621.8959
97 274.3452 563.6363
98 246.2133 557.0054
99 271.4146 559.6336
100 224.3545 488.8281
101 193.0479 500.6405
102 236.3073 535.4288
103 147.5964 291.1765
104 160.6378 321.5622
105 173.5723 356.4223
106 231.4218 647.3389
107 256.5539 363.8634
108 251.1680 313.6464
109 244.9652 266.5383
110 168.6114 441.6501
111 122.9886 460.0885
112 247.5335 438.1862
113 144.8318 412.7941
114 257.4759 465.9469
115 250.0167 532.6707
116 102.8983 472.4359
117 135.5689 474.2579
118 160.1342 482.0739
119 196.7492 479.8930
120 223.5534 472.6383
121 243.6328 464.0264
122 282.3098 441.7141
123 105.2760 512.9590
124 128.3853 409.7398
125 286.5387 555.6576
126 245.9603 497.4004
127 87.1028 433.2577
128 258.5214 454.0248
129 235.3817 536.2042
130 155.5908 424.4708
131 250.2476 519.5327
132 96.1241 564.1018
133 248.1159 430.5039
134 264.6644 508.9174
135 147.9978 654.8756
136 149.9536 674.5825
137 88.9908 516.3167
138 124.1077 630.5195
139 100.7097 397.7868
140 224.2386 710.1065
141 288.9684 559.0720
142 229.0873 510.7233
143 106.9017 436.6516
144 184.7413 434.0732
145 200.9868 436.7900
146 230.9187 627.4941
147 108.9931 550.8293
148 257.5948 732.9033
149 203.1108 711.9014
150 178.7963 697.2550
151 303.8108 315.5622
152 295.0612 736.4591
153 217.4004 436.4576
154 232.9169 434.0174
155 243.0569 432.4652
156 114.6814 404.9535
157 231.7584 415.0795
158 215.3152 408.7241
159 198.4578 406.8967
160 181.7629 409.7269
161 171.6579 414.8957
162 90.8703 387.9558
163 174.0682 430.5176
164 296.7473 576.5483
165 238.1385 582.1853
166 252.1138 547.0034
167 272.0979 577.3674
168 301.1484 414.4792
169 173.9430 677.5605
170 198.3092 694.1564
171 256.0230 721.7479
172 127.7166 648.2071
173 243.1680 424.1997
174 269.1493 472.0407
175 294.8053 724.1216
176 228.6558 724.1346
177 94.9835 558.0041
178 263.4429 621.5727
179 261.0315 625.0266
180 258.7908 630.7620
181 256.7482 639.2038
182 250.2763 655.9246
183 238.3387 621.0245
184 233.1483 620.2327
185 227.9273 617.9592
186 208.3062 606.4305
187 133.4786 561.4643
188 270.2445 452.5084
189 262.5686 418.2318
190 251.1057 421.1482
191 242.1413 618.5523
192 132.1371 605.2364
193 277.7387 417.2519
194 238.2638 675.0212
195 297.9378 479.0377
196 281.8362 462.6054
197 298.9990 458.8118
198 256.1211 502.2390
199 295.0054 706.2676
200 295.5758 683.4023
201 266.0825 683.2693
202 196.7443 645.5331
203 219.9705 550.2821
204 216.1117 662.7473
205 175.2213 545.9841
206 201.9849 568.1002
207 159.1034 575.7432
208 258.9954 705.0431
209 245.8589 512.6045
210 180.1032 658.0986
211 204.2697 676.7671
212 181.1963 624.3806
213 114.2963 582.6430
214 156.8160 625.6102
215 104.8514 596.0798
216 187.1603 592.3745
217 257.8572 484.3970
218 255.6028 541.6096
219 244.6087 545.1650
220 263.0970 529.1210
221 247.8018 404.4537
222 217.0594 395.2988
223 190.7400 392.9722
224 168.7324 394.2872
225 153.1666 400.3956
226 141.3229 429.0734
227 86.6599 475.3173
228 154.3300 455.3062
229 173.3122 461.3908
230 198.3465 462.2938
231 222.5457 458.7175
232 241.4486 452.8675
233 254.4967 446.7415
234 88.8036 475.6847
235 245.6484 549.4399
236 268.1956 489.8993
237 267.7953 543.2250
238 278.1802 551.9062
239 268.2560 545.9251
240 251.2726 554.6093
241 281.0044 554.0425
242 283.3944 557.4099
243 254.5112 432.4665
244 264.8206 436.6701
245 269.9631 439.5752
246 165.9262 418.8251
247 156.7546 414.9382
248 313.9186 482.4409
249 439.2666 432.8343
250 313.3193 555.2953
251 518.5148 360.8167
252 383.9174 450.2005
253 403.4575 451.6584
254 421.9178 450.5535
255 446.0108 440.7215
256 367.2389 445.2636
257 409.1071 406.7887
258 388.7800 407.0297
259 427.6426 409.8346
260 440.2426 415.4254
261 462.9790 453.6572
262 364.0488 696.9305
263 445.7580 428.4951
264 524.6089 445.1940
265 486.3224 441.8398
266 393.6782 529.1065
267 318.5869 601.4896
268 315.3871 617.6779
269 341.6973 607.6185
270 356.9943 615.2141
271 332.2551 619.4865
272 346.0499 621.5286
273 379.8343 641.5116
274 311.1808 547.0983
275 313.7681 527.7551
276 473.5476 397.4190
277 356.7444 480.6077
278 355.7886 541.1738
279 357.1942 530.4371
280 453.6484 528.2802
281 313.8863 503.2109
282 426.3165 378.2463
283 454.1348 384.5237
284 499.6994 325.7021
285 340.9013 391.4891
286 370.8008 411.7586
287 395.2067 626.7025
288 499.7532 621.5320
289 342.0687 551.5747
290 326.0103 556.6356
291 373.6256 625.6798
292 366.1849 623.9172
293 466.4628 371.4214
294 356.4439 548.8398
295 388.9726 379.3031
296 393.4803 362.5209
297 419.6301 278.5720
298 482.6011 347.1703
299 404.6283 318.2524
300 487.0409 388.5379
301 502.9522 375.1277
302 317.2992 611.5339
303 336.2009 615.3170
304 351.2699 618.9180
305 337.0868 554.3518
306 369.5234 624.9532
307 361.4172 626.4147
308 364.4892 622.9367
309 332.0431 546.4175
310 342.9255 619.8431
311 328.9999 619.2857
312 313.3931 619.2359
313 319.2066 663.8290
314 317.3793 645.4783
315 316.7214 635.8490
316 315.8359 628.4991
317 314.7332 623.3755
318 345.5498 623.2355
319 347.6764 624.7282
320 350.8051 628.8489
321 353.8385 634.6565
322 374.3123 595.7617
323 524.1563 528.9236
324 354.7219 623.5529
325 357.6905 624.2396
326 319.5534 564.7231
327 349.4927 559.4203
328 322.5686 560.8582
329 376.8910 492.1498
330 408.3566 505.4015
331 360.3407 538.3328
332 468.4334 297.7544
333 451.5329 327.3887
334 434.4214 361.5559
335 363.6867 650.5256
336 348.1382 365.6362
337 357.2054 315.7330
338 367.2375 269.0373
339 437.3966 447.3712
340 484.6534 468.1679
341 356.5498 440.3506
342 463.3806 419.8773
343 343.4597 467.8126
344 344.2294 534.9054
345 505.8801 481.6250
346 470.0121 481.5565
347 443.6298 488.1928
348 406.1248 484.4109
349 379.0071 475.9090
350 358.7613 466.4470
351 318.2206 442.4489
352 501.0370 522.1438
353 481.2873 417.4819
354 305.1152 556.1398
355 353.4711 499.7919
356 531.4664 443.3409
357 343.7384 455.8232
358 362.1882 539.1003
359 451.7654 431.0016
360 345.2906 521.7039
361 516.0037 574.8975
362 356.6401 432.6746
363 330.0771 510.3911
364 451.7177 663.1093
365 451.0751 683.2099
366 521.4335 526.8254
367 478.7457 640.0026
368 514.6538 406.9148
369 367.7124 714.3748
370 303.4670 559.4813
371 370.3990 513.8894
372 504.1970 445.6321
373 420.6048 438.8693
374 403.9860 440.8207
375 365.5133 630.3126
376 495.8052 560.2297
377 332.9519 735.3346
378 391.3918 717.6555
379 418.5956 704.2816
380 387.4736 439.6832
381 371.8550 436.6272
382 361.7119 434.7826
383 497.0254 413.4585
384 373.9263 418.0729
385 390.9740 412.4610
386 407.8463 411.5686
387 424.5537 415.1341
388 434.7692 420.6858
389 528.3653 397.6761
390 431.7789 435.8357
391 357.2464 584.8191
392 342.5773 549.1185
393 321.6220 578.5221
394 422.9391 684.5451
395 396.0956 699.9810
396 333.9564 724.1528
397 477.1678 657.8579
398 361.8510 426.6656
399 329.5648 473.4201
400 363.5719 728.3484
401 513.4875 568.5410
402 331.4563 623.0799
403 333.5826 626.6107
404 335.5018 632.4494
405 337.2288 641.1228
406 343.5404 658.4437
407 358.3124 623.2327
408 363.3255 622.7198
409 368.6247 620.7264
410 388.4453 610.3396
411 468.3065 569.3782
412 330.5489 453.8483
413 341.7315 419.7218
414 353.6147 423.1481
415 354.8939 620.6776
416 469.3427 613.8483
417 325.2131 418.1328
418 354.8317 678.1431
419 316.3217 463.4446
420 341.1497 504.1285
421 325.5757 685.0273
422 399.4934 650.6040
423 377.9078 553.9136
424 378.5606 667.0830
425 424.3267 551.7067
426 395.8795 572.6430
427 440.4497 582.3679
428 331.4844 707.1430
429 352.1144 514.9666
430 416.4194 664.3500
431 390.2046 681.9557
432 416.3376 629.9372
433 489.4888 592.1111
434 442.0450 632.8924
435 501.4463 606.4124
436 410.8114 597.5324
437 341.1341 486.2560
438 337.9264 543.5785
439 350.1773 547.5871
440 329.9579 530.7775
441 356.8345 406.5600
442 388.1009 398.6867
443 415.2824 397.4911
444 438.0744 400.1893
445 454.4771 407.0414
446 467.0465 436.2480
447 526.0582 485.6889
448 451.6623 461.6416
449 431.5237 466.8745
450 405.6603 466.6463
451 381.0317 461.8872
452 362.0679 455.3363
453 348.9141 448.5701
454 528.1974 485.9849
455 349.4807 551.9347
456 328.4075 491.3262
457 324.5388 544.4999
458 314.2697 552.8989
459 324.5720 547.3188
460 343.9547 556.8707
461 310.9698 554.7845
462 309.3217 558.1580
463 349.7555 434.3632
464 338.7261 438.0666
465 332.6963 440.8102
466 440.8333 424.8448
467 450.5419 421.3864
