# Image: /home/yaroslav/Projects/Diia.AIContest-AdAstrum/fixtures/FLUXSynID-processed/0035acaa26a0/0035acaa26a0_f_live_0_a_d1.jpg
# Mode: stream
# Status: fail
# Errors: image_blurry_or_out_of_focus: Image is blurry (sharpness score: 40.29)

# 2D Landmarks (index x y)
0 303.7937 625.0459
1 304.5978 554.7664
2 303.8772 579.5612
3 283.9925 484.7027
4 304.7209 531.9238
5 304.3225 503.7787
6 302.9318 438.2726
7 133.2222 435.5790
8 302.3650 392.3237
9 302.5430 364.5316
10 302.3859 263.2544
11 303.8042 635.6759
12 303.5122 644.3248
13 303.1104 648.2534
14 303.1124 654.2922
15 303.2232 662.3410
16 303.1432 673.2847
17 302.9980 685.5316
18 302.0825 709.7560
19 304.2777 567.0330
20 283.5258 567.0048
21 41.6684 363.6019
22 199.9888 456.5495
23 176.0988 457.9504
24 153.6546 456.3661
25 124.5280 444.3636
26 220.4187 450.8756
27 170.1138 402.9949
28 194.7329 404.5589
29 147.2861 405.7035
30 131.6193 412.3421
31 104.1085 459.8824
32 211.3961 750.5676
33 125.3432 430.1078
34 31.1053 455.5722
35 76.4988 446.3267
36 186.0852 543.5757
37 276.0820 622.6954
38 280.2602 644.8628
39 247.3192 632.6184
40 228.9343 644.9232
41 259.7212 648.6041
42 243.4418 653.5523
43 198.0525 681.8464
44 285.4498 554.4123
45 282.4346 532.6860
46 92.4798 390.4587
47 231.9489 488.9036
48 231.6506 552.9416
49 230.0640 541.6568
50 113.7259 543.6395
51 283.3611 506.4513
52 149.5115 367.4464
53 116.1895 374.6482
54 66.1476 323.5830
55 253.4649 387.3633
56 216.6939 411.1035
57 180.7416 663.2858
58 50.1412 663.8904
59 248.9827 565.1867
60 268.3176 571.1099
61 209.3207 663.1557
62 219.3557 660.5788
63 101.7227 360.8085
64 231.1918 563.5492
65 194.6234 370.6495
66 189.8511 352.7714
67 165.3199 272.5090
68 84.3920 341.1302
69 179.8319 310.4797
70 77.1355 382.0707
71 59.5164 373.6805
72 277.9038 635.7074
73 254.5405 642.5912
74 236.4750 649.7570
75 255.2011 569.0933
76 214.7344 662.3780
77 223.9439 663.2966
78 221.0680 659.0605
79 260.7941 556.1962
80 247.5213 652.5764
81 263.9982 649.8372
82 282.8470 648.4712
83 272.1192 709.7224
84 275.5780 684.7626
85 277.5034 671.7655
86 279.2961 661.1670
87 281.0625 654.5948
88 243.9207 657.1634
89 240.8828 659.7039
90 236.0722 665.1929
91 231.2945 672.8436
92 207.7151 621.7056
93 26.5937 556.2851
94 304.0757 572.3920
95 232.9054 658.8722
96 229.0728 660.1381
97 275.9728 580.3306
98 239.5685 577.3239
99 272.3893 576.0604
100 207.4425 502.3949
101 168.9044 517.2728
102 226.1848 552.1315
103 105.3247 292.1606
104 122.5062 318.6654
105 140.3781 350.1330
106 216.9896 693.0545
107 245.6079 359.1553
108 237.7745 310.3773
109 228.7271 264.3485
110 134.8560 452.3414
111 77.8699 476.6575
112 233.5923 444.9518
113 104.0640 418.3942
114 248.4554 473.8521
115 245.8221 543.3685
116 51.6640 493.1942
117 94.9744 491.2466
118 126.2514 498.5321
119 171.7724 494.4137
120 205.1890 484.9633
121 230.2455 473.9656
122 280.4205 444.0287
123 55.8470 539.1914
124 83.1981 416.1914
125 292.8061 566.1309
126 235.2454 509.3487
127 22.5492 458.5954
128 248.7774 461.5653
129 224.0624 554.6138
130 117.3869 432.2572
131 244.6833 529.8453
132 33.2361 609.4146
133 233.7317 436.7113
134 263.3417 515.6511
135 104.3877 708.7876
136 102.8289 736.5517
137 30.4429 548.2348
138 74.9123 680.4767
139 44.8957 411.3655
140 204.1105 775.0139
141 295.3268 571.5611
142 214.5152 526.3345
143 55.4338 451.9022
144 155.6035 443.1713
145 175.9189 445.7653
146 218.1539 668.1990
147 60.5247 583.3182
148 248.2294 806.9076
149 172.0676 780.9038
150 139.5452 763.2429
151 302.4647 312.1310
152 300.5847 810.5883
153 195.9583 444.9303
154 215.0118 441.6175
155 227.4456 439.3473
156 65.1303 413.4304
157 213.2318 421.9962
158 192.7885 416.3877
159 172.7318 414.7940
160 152.5803 417.6093
161 139.6882 422.7268
162 28.1534 405.8470
163 142.2491 439.3170
164 303.7750 593.4873
165 229.0495 607.4982
166 248.3718 561.3388
167 272.8352 596.6635
168 302.3490 415.3317
169 136.5693 735.9109
170 168.7111 755.9317
171 248.0154 788.2369
172 74.6632 706.1429
173 227.5849 430.4989
174 265.1611 477.2908
175 301.1987 791.3352
176 207.3746 795.9541
177 37.6912 596.5910
178 261.1265 655.0538
179 257.6993 659.9500
180 254.3839 668.1585
181 251.0017 679.7028
182 241.4924 702.5706
183 229.2374 657.9774
184 222.4402 657.1802
185 215.4691 654.6807
186 190.1496 641.2590
187 94.8684 592.1725
188 264.8328 457.3155
189 252.4960 421.5162
190 237.8338 425.1840
191 233.4716 655.0339
192 89.2568 646.6002
193 272.5288 419.1936
194 225.5452 726.7037
195 303.8253 481.0488
196 281.7737 465.1027
197 303.2968 459.9330
198 250.0190 511.7877
199 301.6613 765.8595
200 301.8998 735.7536
201 262.7358 735.4763
202 170.9018 691.8696
203 204.4520 572.5183
204 195.5728 712.7996
205 148.6348 569.6685
206 181.8239 594.5824
207 127.7667 606.7206
208 253.0550 763.8260
209 236.5795 525.5170
210 147.3039 709.5137
211 178.7900 731.7314
212 152.9344 665.9570
213 65.9090 621.2793
214 120.2703 669.6599
215 49.9617 640.9481
216 162.9646 625.3565
217 250.5356 492.8856
218 253.4784 552.6598
219 238.8491 559.8934
220 263.0477 536.8080
221 233.8684 404.5255
222 195.7141 392.7822
223 162.7215 390.1269
224 135.0920 392.9296
225 115.1672 401.7982
226 99.4686 439.1125
227 27.1687 501.2771
228 117.2744 468.8160
229 141.3282 474.7862
230 172.7934 474.8139
231 203.0034 469.6911
232 226.6726 462.0757
233 242.8318 454.3636
234 24.3131 507.6062
235 239.8700 566.2549
236 265.9189 495.7014
237 269.2716 552.1383
238 281.9635 563.2094
239 269.5404 556.2888
240 246.5779 572.9195
241 285.8763 564.7702
242 288.2548 570.1376
243 242.3434 437.9843
244 255.6479 442.3076
245 262.8857 444.6594
246 131.8470 426.6536
247 119.0689 419.8986
248 323.0136 484.9421
249 465.9539 438.6167
250 323.5357 567.3134
251 551.8722 368.7108
252 399.4320 458.3144
253 423.0332 459.8186
254 445.2724 458.5859
255 474.0468 447.5472
256 379.4458 452.4706
257 429.0454 406.1882
258 404.8125 407.2196
259 451.6678 408.9953
260 466.8769 415.9128
261 493.5006 463.0641
262 389.5700 750.7828
263 473.3871 433.7171
264 562.6601 460.3935
265 520.0471 450.4069
266 415.3089 544.2972
267 330.7793 622.3408
268 325.7810 644.4934
269 358.3234 631.6223
270 375.6183 643.4592
271 345.3774 647.6990
272 360.7944 652.3382
273 403.6887 681.0486
274 323.5669 554.5954
275 326.3747 532.8326
276 505.2432 394.7500
277 369.5120 489.7123
278 373.2155 553.2470
279 374.3542 541.8995
280 484.6161 545.3417
281 324.9952 506.7752
282 451.2123 371.4661
283 483.1275 379.0055
284 529.5194 328.5063
285 350.0329 388.9791
286 383.1769 413.3532
287 420.8694 662.2472
288 540.9223 667.6285
289 355.9455 565.3589
290 337.5437 571.1977
291 393.5981 661.4820
292 383.3030 658.9833
293 497.0061 365.3889
294 373.2795 563.5278
295 407.6189 373.6972
296 412.7198 355.9741
297 436.4435 275.8252
298 513.1519 345.6750
299 422.8330 313.6217
300 519.9012 386.7366
301 536.0282 378.5501
302 328.8703 635.1677
303 351.1521 641.4898
304 368.0862 648.3702
305 350.0462 569.2196
306 388.0406 660.6704
307 379.3798 661.9362
308 381.0260 657.7080
309 345.3981 556.4787
310 356.1454 651.3525
311 340.5293 649.0795
312 322.4486 648.1563
313 331.4358 709.5931
314 329.6349 684.3677
315 328.4175 671.3548
316 326.6627 660.8508
317 324.6696 654.2013
318 359.7684 656.1077
319 363.0542 658.5493
320 367.8442 664.2317
321 372.6173 671.8834
322 395.7509 621.0432
323 564.0175 561.1881
324 369.9653 657.7225
325 374.2094 658.8374
326 330.7505 580.3385
327 364.6902 577.1587
328 333.9363 576.1053
329 393.6121 503.3215
330 431.2955 518.4188
331 377.6202 552.1168
332 493.3029 296.7432
333 477.7077 322.8066
334 460.5027 354.2222
335 385.1725 692.3553
336 358.5198 361.0912
337 366.4951 312.0363
338 375.0112 266.0736
339 463.8636 454.9349
340 518.9329 480.0969
341 366.8261 446.5125
342 493.8141 422.3011
343 353.6814 474.6519
344 360.2731 543.8351
345 543.7967 497.1175
346 502.6462 493.9583
347 472.1802 500.5110
348 427.7527 495.7976
349 395.0784 486.1422
350 370.4554 475.1014
351 324.4649 444.5506
352 539.4112 542.3709
353 514.0155 420.4287
354 315.4620 566.3088
355 367.2170 509.8714
356 568.7919 463.7603
357 352.6046 462.6160
358 378.9248 554.5547
359 480.9921 435.8999
360 360.6915 530.2239
361 557.2138 613.7133
362 366.6575 438.4327
363 343.3047 515.8445
364 491.1921 710.4852
365 491.0934 738.6174
366 562.3328 552.6920
367 519.3420 683.2647
368 549.8031 416.2786
369 396.1427 775.4268
370 312.6715 571.7520
371 387.2857 526.8166
372 540.3539 456.3062
373 443.6372 445.5859
374 423.3834 447.8563
375 385.0767 666.8840
376 534.4543 586.4154
377 352.1920 807.0951
378 425.0400 781.6720
379 456.2210 764.3134
380 403.4553 446.8913
381 384.7651 443.3278
382 372.8399 441.0037
383 531.1827 417.9355
384 386.6006 424.4024
385 406.4927 419.2829
386 426.2627 417.8353
387 446.4865 420.8498
388 459.4349 426.0785
389 564.1517 411.2227
390 456.9303 442.0612
391 375.5930 606.8452
392 356.9845 561.6770
393 333.7190 596.3826
394 460.3784 736.8260
395 429.7548 756.6061
396 353.4687 788.5153
397 517.6370 709.3343
398 372.6391 432.4139
399 339.2699 477.8391
400 391.5669 796.3027
401 555.0332 600.5998
402 343.8544 654.5150
403 347.1468 659.2404
404 350.4236 667.4544
405 353.5774 679.1994
406 361.2241 702.4402
407 374.0318 656.4666
408 381.1348 655.5439
409 387.9354 653.0739
410 412.3257 640.3396
411 502.4711 594.1532
412 338.6078 458.1476
413 349.0492 422.9552
414 362.7314 426.8470
415 369.2667 653.7017
416 506.4894 648.8021
417 330.9083 420.1867
418 376.2016 726.7101
419 324.1590 465.4489
420 354.0435 512.2191
421 340.1429 735.4885
422 429.0787 691.8386
423 397.9905 572.6693
424 405.0997 712.7399
425 451.4930 570.7357
426 419.8505 594.7358
427 471.2730 607.8904
428 349.2980 763.9183
429 366.7694 525.7995
430 451.1322 710.0744
431 420.8083 732.2083
432 446.8846 666.1674
433 528.6277 624.0554
434 477.5713 670.8721
435 543.1553 644.5457
436 437.7525 625.4477
437 352.6227 493.4232
438 352.8726 553.1316
439 366.4487 560.1733
440 344.6921 537.1928
441 367.4885 406.3197
442 405.0273 395.4679
443 437.4763 393.3421
444 464.3550 396.7277
445 483.4833 405.8006
446 498.1948 442.8093
447 565.8666 506.0139
448 480.7627 471.3261
449 457.1953 476.8908
450 426.4297 476.5255
451 396.6590 471.0984
452 373.5024 463.3578
453 357.8826 455.4798
454 566.1610 512.7085
455 364.9978 566.3513
456 339.6409 496.1540
457 338.3403 552.4683
458 325.2583 563.4344
459 337.3803 556.7599
460 358.1683 573.0308
461 322.0307 565.0561
462 319.2290 570.3956
463 358.2983 439.4643
464 345.7485 443.4589
465 339.4701 445.6221
466 467.1903 430.1185
467 479.2628 423.7500
