# Image: /home/yaroslav/Projects/Diia.AIContest-AdAstrum/fixtures/FLUXSynID-processed/0055a347676b/0055a347676b_f_live_0_e_d1.jpg
# Mode: stream
# Status: fail
# Errors: image_blurry_or_out_of_focus: Image is blurry (sharpness score: 56.26); face_too_small_in_frame: Face occupies only 35.0% of frame (min: 50.0%)

# 2D Landmarks (index x y)
0 326.2024 580.7693
1 310.1750 518.9482
2 318.4842 541.9973
3 285.6658 462.7995
4 306.0094 498.8703
5 302.3749 474.9593
6 296.0496 420.6556
7 170.7462 451.2897
8 288.4340 376.8320
9 283.3417 352.3463
10 269.9877 277.1223
11 328.2662 590.2538
12 330.4855 598.4349
13 332.0798 602.6950
14 333.2243 606.6324
15 334.5601 614.0946
16 336.3501 624.1871
17 338.8442 635.3931
18 344.5126 656.4226
19 313.4328 530.1874
20 299.9119 534.4885
21 104.9406 409.1542
22 224.6572 456.8564
23 206.7137 461.9943
24 189.9231 464.6835
25 166.8257 460.3687
26 239.4540 448.6356
27 192.3237 412.3212
28 211.8656 409.8156
29 174.9723 419.1707
30 164.4814 428.9483
31 155.6277 476.6459
32 281.8908 704.4806
33 164.4341 448.1009
34 110.7320 486.7278
35 135.0713 469.2973
36 226.0569 532.3536
37 303.8315 583.2205
38 312.3640 602.7736
39 283.7543 596.6651
40 272.7849 610.3324
41 297.6926 609.1074
42 286.9443 616.0741
43 258.7243 647.7227
44 295.4633 522.0606
45 288.8726 503.5014
46 133.0585 415.0358
47 253.1350 478.2812
48 258.7296 531.8213
49 256.1479 522.5707
50 173.6705 544.6693
51 286.6722 481.0512
52 167.1374 382.1665
53 145.3427 395.4727
54 112.5557 370.4401
55 248.3993 380.1663
56 230.1768 412.8658
57 241.9677 633.9634
58 164.9582 656.9927
59 274.8136 539.6384
60 290.5091 541.3818
61 262.9380 629.5252
62 271.2947 625.6903
63 133.6922 386.8814
64 261.3192 541.5109
65 200.1887 375.8603
66 193.5967 362.0240
67 170.4929 308.8706
68 122.7771 378.1554
69 183.1268 334.0996
70 122.4438 411.4949
71 113.6584 411.2979
72 307.8275 594.4035
73 291.4676 604.2453
74 279.8171 613.4058
75 280.5455 542.1248
76 267.3475 627.9866
77 273.9753 627.6190
78 273.0939 624.0600
79 280.2628 528.9371
80 291.1101 614.7078
81 302.4662 610.0827
82 316.3106 606.0849
83 320.4592 661.0544
84 316.7372 639.0092
85 315.4291 626.9879
86 315.0185 616.8418
87 315.6631 610.3585
88 288.4596 618.6165
89 286.0961 621.5351
90 283.0624 627.5037
91 280.8150 635.2772
92 253.4144 594.1608
93 131.2198 572.0703
94 315.8801 535.3795
95 281.2817 621.9248
96 277.7782 623.8533
97 297.5209 547.8824
98 270.8280 552.1476
99 294.1963 544.8329
100 236.6194 494.1857
101 209.7087 513.1810
102 256.0101 532.6896
103 132.4480 336.4765
104 144.0089 351.7168
105 157.8968 370.0261
106 274.8501 654.7926
107 237.0569 357.3403
108 226.4009 324.3521
109 215.0617 290.9638
110 175.5106 464.8337
111 140.0595 495.0980
112 248.6513 441.0933
113 147.3067 439.8341
114 262.7626 462.1419
115 266.2121 520.3292
116 125.5951 513.5725
117 153.0492 504.3235
118 175.9035 504.7416
119 209.0759 493.5083
120 232.9136 479.9567
121 250.3192 466.2144
122 280.0739 429.7589
123 135.1210 551.0612
124 133.1080 440.9787
125 304.6831 531.2517
126 257.7580 494.7088
127 111.4213 492.2485
128 261.9967 451.9962
129 255.9993 535.5793
130 159.5992 451.1582
131 264.0935 509.2536
132 144.6634 614.6574
133 248.0972 433.8332
134 274.1760 492.8634
135 201.5371 685.1427
136 209.7062 708.6550
137 124.8052 563.5149
138 177.4097 666.2760
139 111.7879 447.0410
140 281.9900 726.0413
141 309.0806 536.1634
142 245.0859 512.9844
143 122.8545 477.9747
144 188.2832 453.2003
145 204.0661 451.7537
146 270.4690 632.9372
147 146.6860 586.9624
148 322.5400 746.4009
149 263.4261 735.1726
150 238.4754 725.1708
151 276.4374 314.8269
152 364.2192 742.1666
153 219.4352 447.8091
154 233.7158 441.8569
155 243.2703 437.5127
156 121.8182 442.2996
157 229.8639 424.4678
158 213.3158 422.7892
159 197.3443 424.6845
160 182.1274 430.8548
161 173.2149 438.0900
162 104.4767 447.5024
163 177.7759 452.6641
164 321.2612 554.1103
165 266.8294 578.8640
166 273.0703 536.0585
167 297.5275 562.0742
168 293.2200 399.5906
169 228.1131 702.8036
170 253.9285 714.7844
171 316.8369 730.9804
172 187.3286 687.9757
173 242.2624 429.4222
174 273.0086 460.9049
175 359.1505 726.0655
176 290.4677 742.8971
177 138.5319 602.4674
178 300.5235 614.0921
179 298.3861 619.1770
180 297.0610 627.3743
181 296.7652 638.3690
182 295.2986 659.5063
183 277.6504 621.9408
184 271.3952 622.1429
185 265.2561 620.9798
186 244.0794 613.4319
187 169.8031 588.6610
188 271.5460 444.4824
189 258.3415 415.6168
190 248.8219 422.3204
191 281.5346 618.7352
192 177.7448 635.4503
193 271.5080 408.6014
194 288.0762 682.2038
195 300.3084 456.0700
196 282.5336 447.0598
197 298.1805 438.7761
198 267.0094 493.1864
199 353.9915 704.4560
200 348.8947 678.7344
201 317.7256 684.3011
202 241.5538 660.2271
203 244.2861 554.0976
204 263.4234 674.7088
205 202.7265 560.3777
206 230.9088 575.8469
207 194.5820 594.9316
208 315.2055 709.7272
209 260.2858 507.9619
210 228.8968 678.8740
211 255.1983 693.1155
212 223.1074 640.7178
213 157.9981 617.8865
214 202.1227 649.4484
215 154.5542 637.3344
216 222.3589 604.4250
217 265.8458 477.4775
218 273.6345 527.0309
219 265.2734 536.5147
220 276.2895 510.9258
221 239.7624 401.9525
222 208.1526 397.4190
223 182.5089 401.1202
224 162.7005 409.3837
225 150.6591 421.9272
226 149.0539 459.5827
227 114.9101 525.1059
228 165.6890 481.7470
229 184.0493 482.1987
230 207.0893 476.7872
231 229.1821 467.4760
232 246.0798 456.9578
233 257.1073 447.3058
234 121.6613 532.4196
235 267.9978 542.1894
236 274.7435 475.9374
237 283.9055 523.1131
238 297.0061 530.9572
239 286.2050 527.1284
240 274.9472 547.0090
241 299.5465 531.4034
242 303.7624 536.3280
243 254.3884 433.1407
244 264.7453 434.1298
245 269.5581 434.2896
246 168.2776 443.4997
247 157.5951 439.0192
248 317.0983 456.3454
249 437.2844 395.6446
250 331.4541 527.9145
251 498.4890 327.5523
252 386.9256 422.6773
253 405.8797 420.1949
254 423.5417 415.9319
255 446.0437 402.2036
256 369.8702 421.2206
257 398.2605 369.5041
258 378.9838 375.1050
259 417.8891 368.4816
260 432.7810 372.8740
261 464.0337 413.0641
262 426.2843 677.5162
263 442.7574 389.9171
264 524.0998 402.5695
265 483.4230 397.8133
266 410.4822 494.5888
267 348.3240 573.8521
268 349.7358 595.0372
269 374.5300 577.8570
270 392.3283 585.5132
271 367.8100 594.6495
272 382.4381 596.3542
273 425.4024 614.6759
274 325.8335 515.7264
275 324.2037 496.1369
276 458.2530 348.0265
277 363.8227 455.3617
278 372.0613 508.4269
279 372.1949 498.7456
280 469.4073 484.2100
281 320.2747 474.2004
282 407.1753 333.3335
283 435.5179 336.0200
284 469.2364 295.7385
285 327.9557 364.2955
286 363.5338 385.2680
287 435.8874 594.9374
288 547.9686 582.8543
289 360.3187 521.8874
290 345.8991 529.9504
291 413.2183 599.0749
292 404.4519 598.5544
293 444.4376 323.2874
294 375.2423 518.1811
295 371.9191 341.1093
296 372.0302 325.8536
297 379.0998 264.5719
298 456.4927 308.9346
299 373.4684 294.4143
300 469.4304 340.0609
301 483.9827 334.7465
302 349.5447 585.5631
303 370.6338 587.7271
304 387.2372 591.1435
305 356.4273 526.4028
306 408.5325 599.2566
307 401.1935 601.7414
308 402.6335 597.7877
309 347.3542 514.7494
310 379.3327 596.5179
311 365.0325 597.1694
312 348.8543 599.2051
313 369.3011 651.5060
314 361.4629 629.8237
315 357.7486 618.2001
316 354.2512 608.8190
317 351.7166 602.9431
318 383.2622 599.2007
319 386.3692 600.9896
320 391.2893 605.5137
321 396.7860 611.8016
322 405.6484 562.9524
323 549.1680 489.0941
324 392.9840 599.2432
325 396.3225 599.6686
326 341.5462 538.8509
327 371.5932 531.6663
328 343.6150 534.6454
329 386.8250 463.2511
330 420.2216 469.7466
331 377.8363 507.6410
332 431.1899 273.5037
333 421.3187 294.0413
334 411.3659 318.1500
335 412.0030 627.6791
336 328.4493 339.0842
337 327.2047 303.1696
338 327.5116 266.7759
339 438.4945 410.0373
340 487.5243 423.9455
341 358.3093 418.0102
342 456.1498 375.9406
343 347.4277 444.6776
344 357.6665 501.3681
345 511.9734 434.9432
346 476.0530 437.8721
347 451.6646 447.9795
348 414.5310 451.0272
349 386.2254 448.1685
350 363.7751 442.7455
351 315.4205 422.4133
352 516.4850 473.7336
353 471.9545 371.2134
354 322.4417 527.6649
355 364.0331 472.8000
356 534.9279 406.4772
357 346.3142 434.5237
358 381.1089 509.9487
359 449.5327 390.6555
360 357.2060 489.9185
361 552.5421 534.5987
362 356.8066 410.9783
363 338.3891 479.5828
364 507.5690 626.7014
365 515.5875 651.4429
366 540.9473 480.1123
367 527.3220 598.6884
368 504.3390 366.4542
369 436.3728 697.6755
370 322.7208 533.3375
371 384.4738 484.4277
372 501.9437 400.4529
373 420.0447 404.5426
374 404.1981 409.4958
375 406.9956 605.2352
376 520.6568 512.0898
377 405.8488 731.5544
378 464.9492 698.6870
379 489.2411 679.1097
380 388.2572 411.9701
381 372.9916 412.3759
382 362.6745 412.3887
383 486.4335 367.3676
384 369.8281 395.5468
385 384.4605 387.3822
386 399.7591 382.6038
387 416.9331 381.8609
388 428.9977 384.6777
389 519.3405 362.5266
390 430.3520 399.8304
391 385.7085 554.5068
392 359.6263 518.0392
393 346.8514 551.8229
394 485.6127 654.3091
395 462.6143 676.3531
396 401.9065 715.5625
397 534.3606 622.0394
398 360.3172 404.9062
399 332.6103 448.5937
400 437.8601 716.3369
401 543.6117 522.0435
402 368.6436 600.1694
403 372.1127 603.8905
404 376.3182 611.0801
405 381.2360 621.2898
406 393.4650 640.4524
407 395.3804 597.8080
408 400.7996 595.5813
409 405.9674 592.0745
410 423.6608 576.8429
411 493.5815 523.4311
412 330.8151 432.3011
413 337.2940 399.4123
414 350.3134 401.2532
415 391.5140 596.2424
416 508.1343 570.1905
417 318.7978 399.0572
418 410.9676 658.9253
419 316.6083 440.0384
420 350.7129 475.9430
421 381.2642 672.3594
422 448.6704 619.6520
423 400.4038 522.2972
424 432.8319 642.1570
425 445.0022 511.0999
426 422.2123 536.9534
427 468.5733 539.8136
428 393.5368 695.1469
429 365.2026 486.3157
430 471.4998 632.2893
431 449.9220 656.4388
432 458.5118 593.9669
433 522.9958 545.4370
434 486.4663 593.7552
435 541.3482 561.6703
436 442.7555 559.9627
437 347.8564 460.5066
438 352.7053 510.4824
439 367.2423 515.3693
440 341.5427 497.4322
441 348.5736 379.7435
442 375.9188 363.0022
443 401.5395 355.6524
444 424.6840 354.9262
445 443.2639 361.1500
446 464.3607 394.3821
447 535.2252 440.2895
448 454.9559 421.7966
449 435.9483 430.0005
450 410.9421 434.3359
451 386.0804 434.6448
452 365.9076 431.9000
453 351.3254 427.5970
454 542.5610 447.9327
455 368.2248 521.5517
456 334.0892 463.7154
457 338.5913 511.7642
458 331.0970 523.9059
459 339.7730 515.9613
460 364.5473 528.8322
461 327.9545 525.6091
462 328.2007 531.3189
463 349.6975 413.2040
464 338.6749 418.8003
465 331.8322 421.4883
466 436.4036 387.3211
467 445.1908 379.1105
