# Image: /home/yaroslav/Projects/Diia.AIContest-AdAstrum/fixtures/FLUXSynID-processed/0055a347676b/0055a347676b_f_doc.jpg
# Mode: stream
# Status: fail
# Errors: face_not_looking_straight_at_camera: Head is turned 178.5째 (max: 15.0째); head_is_tilted: Head is tilted 14.3째 (max: 10.0째); face_too_small_in_frame: Face occupies only 36.3% of frame (min: 50.0%)

# 2D Landmarks (index x y)
0 306.0279 603.2612
1 304.4518 545.9822
2 304.3549 564.7994
3 288.0769 483.3860
4 304.0283 526.3980
5 303.1689 500.8207
6 301.2270 439.7905
7 172.1597 438.4597
8 300.2165 395.6633
9 299.9148 370.3813
10 297.6391 277.1361
11 306.3054 611.9747
12 306.4004 618.1524
13 306.4048 620.4055
14 306.9689 623.2343
15 307.2915 629.7273
16 307.5475 638.3219
17 307.6621 647.7051
18 307.4110 665.1677
19 304.4291 555.8578
20 289.7197 554.8633
21 103.3579 370.8174
22 224.2563 455.6140
23 206.1237 457.3094
24 189.1257 456.3901
25 166.4093 446.1992
26 239.5442 450.4441
27 201.0344 409.4363
28 219.8109 410.2796
29 183.5856 412.3911
30 171.5094 418.6398
31 151.9998 459.3651
32 244.0544 698.9816
33 166.1374 433.4495
34 97.9097 452.9469
35 131.2588 447.6284
36 217.0619 532.3906
37 285.9572 601.4358
38 289.3262 618.5519
39 265.5599 608.1321
40 252.1295 616.4164
41 274.5555 620.5491
42 262.4934 623.1957
43 231.3566 643.9387
44 290.3654 546.0170
45 287.8506 527.2177
46 141.6480 400.1818
47 250.2892 484.4102
48 252.0001 542.5017
49 250.5768 532.2265
50 162.0682 532.3941
51 287.9330 503.4466
52 184.5836 379.4497
53 159.1976 386.1744
54 120.3656 335.8019
55 263.3705 393.0109
56 236.4067 415.7559
57 217.4606 628.5562
58 123.1888 625.7289
59 264.7856 552.5083
60 279.0377 557.2174
61 237.6446 627.4860
62 244.7173 625.7995
63 148.1936 373.8225
64 251.8464 550.5262
65 218.7331 380.5083
66 214.8185 364.5061
67 193.4640 288.9520
68 134.6202 353.8807
69 205.9037 325.0381
70 129.8440 392.1693
71 116.5551 382.1604
72 287.3967 611.6840
73 270.8049 616.0357
74 257.5342 620.2293
75 269.3573 555.3467
76 241.5122 626.9175
77 248.6230 628.5142
78 246.0132 624.8222
79 273.0742 546.4306
80 265.3281 621.7969
81 277.5923 620.8780
82 291.3624 620.6281
83 285.9735 666.2621
84 288.0345 647.6271
85 288.7003 637.2524
86 289.4449 629.0802
87 290.5441 623.5845
88 262.8495 624.5919
89 260.8133 626.3886
90 257.8522 630.8021
91 254.9501 636.9645
92 236.0137 597.2805
93 99.8701 536.0089
94 304.3457 559.4915
95 254.8427 625.3375
96 252.0496 626.1556
97 284.6803 565.1279
98 258.3562 561.2228
99 281.9776 561.3537
100 232.0103 496.1628
101 203.0851 509.4874
102 247.9892 540.4656
103 148.8199 307.9659
104 162.7961 333.9698
105 177.3437 363.8602
106 245.5742 653.2152
107 256.9554 367.8368
108 249.6895 322.9409
109 241.5255 279.8934
110 174.6008 453.0340
111 133.0624 473.9755
112 249.4483 445.1269
113 150.8974 424.1304
114 262.2283 471.3960
115 261.8288 535.3883
116 114.3496 487.6511
117 146.2949 486.9943
118 170.3614 493.1747
119 204.7176 489.0876
120 229.6853 480.5990
121 248.2189 470.8661
122 284.7439 445.2962
123 119.4151 527.1659
124 135.2141 422.1077
125 296.2403 555.1938
126 253.7089 502.7651
127 91.9164 452.6074
128 261.8129 459.8921
129 246.4376 541.6535
130 160.9667 435.9239
131 260.9408 522.9679
132 107.9327 580.5463
133 249.3949 437.4797
134 273.7957 511.0933
135 166.1343 665.1039
136 166.9966 685.0636
137 101.7136 532.5226
138 142.0465 642.4023
139 106.5244 414.7339
140 240.5982 716.2104
141 298.0589 558.9079
142 238.3357 517.1012
143 115.5858 451.8694
144 189.7253 444.8389
145 205.2847 446.7123
146 244.8155 632.5402
147 125.0429 564.2031
148 272.2643 737.1692
149 219.5051 719.1432
150 195.6249 705.8841
151 298.8588 322.8496
152 307.6547 738.5732
153 220.7260 445.5074
154 235.1763 442.1707
155 244.6532 439.8809
156 121.6259 418.7803
157 233.3222 422.4941
158 217.7191 416.5387
159 201.8998 415.3505
160 185.9674 418.9396
161 176.2500 424.8389
162 94.5130 407.5264
163 179.1983 441.7707
164 304.9599 576.5737
165 251.4703 586.3278
166 264.2182 549.7635
167 282.9238 578.9623
168 300.5042 417.2490
169 191.3664 686.3402
170 215.2497 701.6089
171 271.2688 726.1512
172 143.7030 660.5340
173 244.5402 431.3482
174 274.5465 475.6744
175 308.0481 726.3772
176 244.5423 729.9227
177 109.8234 573.1265
178 275.5510 623.7138
179 273.4813 627.5841
180 271.5825 634.1480
181 269.9625 643.2189
182 263.8308 660.9674
183 251.7820 625.0571
184 247.0178 624.3448
185 242.0356 622.3203
186 223.3192 612.0376
187 149.9442 572.8730
188 273.7154 457.0510
189 263.3050 423.7638
190 252.1471 427.5937
191 254.8811 622.5812
192 149.7811 616.4795
193 278.4186 421.3577
194 253.1345 680.4733
195 302.5797 479.9213
196 286.1443 465.2223
197 301.9366 460.5204
198 264.4529 506.2043
199 308.1300 708.6021
200 307.7672 685.7703
201 279.8057 687.1486
202 212.9332 652.6980
203 232.1491 556.6864
204 231.5519 669.3275
205 189.2977 554.8885
206 215.7418 575.1854
207 175.2521 585.2051
208 273.7712 709.2564
209 255.1549 517.3543
210 197.1417 666.5090
211 220.6959 683.8981
212 197.9007 631.9326
213 131.4967 595.2749
214 174.3983 635.0847
215 121.4776 609.8605
216 202.5780 599.7318
217 264.4399 488.9727
218 267.5455 543.6368
219 257.2275 548.5816
220 273.8510 530.4615
221 248.9768 409.5057
222 220.1223 400.7687
223 195.1706 399.2869
224 174.0453 402.1402
225 158.8208 409.9118
226 148.0025 441.5940
227 96.9761 492.5036
228 162.3418 467.2557
229 181.0292 472.3245
230 204.7103 471.8580
231 227.2907 467.0922
232 244.8616 460.1023
233 256.8721 453.1640
234 95.3421 494.2486
235 258.0655 553.1781
236 275.3138 492.7901
237 278.9430 543.8488
238 288.5174 552.2462
239 279.3583 546.8363
240 263.2890 558.2602
241 291.2834 553.9825
242 293.1434 557.6734
243 255.7547 438.8916
244 266.1718 442.3804
245 271.8431 444.6848
246 170.6540 429.3909
247 162.0624 425.4828
248 317.0871 482.7210
249 427.3441 432.5053
250 318.5162 554.0936
251 489.8243 361.9987
252 376.9522 452.0716
253 395.2282 452.7313
254 411.8953 450.8038
255 432.9533 439.7551
256 361.3743 447.5836
257 398.4564 404.9364
258 379.6169 406.5363
259 415.8156 407.2118
260 427.6504 412.8752
261 447.6242 451.6891
262 370.7218 694.7848
263 432.7295 427.3920
264 497.7740 442.4363
265 466.9554 438.8487
266 388.8175 527.5445
267 325.9838 600.0811
268 323.5918 617.3336
269 346.6853 605.3993
270 360.4953 612.4736
271 338.3658 618.3811
272 350.4683 620.0086
273 381.9495 638.7719
274 318.3252 545.1917
275 320.1004 526.2925
276 456.5586 392.5618
277 353.1179 481.7461
278 354.7873 539.7159
279 355.4444 529.3797
280 442.4129 524.2324
281 318.5929 502.6417
282 414.5768 373.9242
283 439.3705 379.5347
284 472.9970 327.9530
285 337.0486 390.9964
286 363.2051 412.7508
287 394.7425 622.4747
288 476.7501 614.6062
289 342.6361 550.3671
290 328.9528 555.9895
291 375.4413 622.6841
292 368.2238 621.3921
293 449.6348 366.7410
294 355.0296 547.7181
295 381.0430 376.4109
296 384.5085 360.2480
297 400.9139 284.5477
298 461.1790 346.3042
299 391.1720 320.7553
300 467.5067 384.0306
301 478.9635 373.6513
302 325.2775 610.4706
303 342.0552 613.5271
304 355.4675 616.6600
305 338.2248 553.5284
306 371.5147 622.1989
307 364.8383 624.3740
308 366.5478 620.5513
309 334.7227 544.6204
310 347.2426 618.8064
311 335.0380 618.9159
312 321.4152 619.5229
313 328.9919 664.9576
314 327.3745 646.2880
315 326.3497 636.0338
316 325.0101 628.0089
317 323.4304 622.5463
318 350.5078 621.4734
319 352.7998 623.1769
320 356.0444 627.3982
321 359.1383 633.3506
322 374.6953 592.8722
323 495.6358 524.5920
324 358.2484 621.6806
325 361.2530 622.2756
326 323.8996 564.0298
327 349.1605 558.7402
328 326.2386 560.1958
329 371.8549 492.5098
330 401.3910 503.9818
331 358.2129 537.4400
332 444.8477 301.4256
333 433.3735 327.6514
334 421.0243 357.9797
335 368.4183 648.9409
336 342.9181 365.6101
337 347.8710 320.6905
338 353.5903 277.4997
339 425.6320 446.9325
340 466.5852 464.9139
341 351.2554 442.7663
342 447.6943 416.9948
343 340.9170 469.4037
344 345.3558 533.0970
345 484.5813 477.3956
346 454.8559 478.5046
347 432.2090 485.9406
348 398.4648 483.8860
349 373.1629 476.8576
350 354.2377 468.2476
351 317.8367 444.4037
352 481.6415 516.6989
353 462.8038 413.7909
354 312.6900 554.7458
355 350.7959 500.3019
356 501.4092 441.9666
357 340.2883 458.0104
358 359.4808 538.5197
359 437.7482 429.4832
360 345.2425 520.6529
361 489.2893 569.1661
362 350.7306 435.1889
363 332.6181 509.4630
364 441.8818 656.0070
365 439.7017 676.0286
366 496.2961 521.1282
367 462.8561 632.1095
368 488.9423 405.2224
369 373.8910 711.7482
370 310.5649 558.5654
371 366.5486 513.6804
372 481.8209 442.1569
373 410.9063 439.7402
374 395.6366 442.3604
375 368.8277 628.1244
376 477.3074 553.7033
377 342.5207 734.9926
378 392.4486 713.3810
379 414.3126 698.5610
380 380.0730 441.9053
381 365.3428 439.1451
382 355.7140 437.4159
383 475.5696 409.8331
384 366.1079 419.5594
385 381.4026 412.9861
386 397.1352 411.0432
387 412.9432 413.9374
388 422.6668 419.2976
389 498.6725 397.7383
390 420.8503 436.1054
391 358.4229 583.0924
392 343.3043 547.6008
393 327.0875 577.7096
394 419.1835 678.8510
395 397.2317 695.5665
396 344.4443 723.8039
397 459.4585 650.2829
398 355.3327 428.7835
399 329.6180 474.3009
400 369.4047 725.8388
401 489.7513 561.6589
402 338.2734 621.6020
403 340.6753 625.3191
404 342.9734 631.6414
405 345.0105 640.6998
406 350.8320 658.0879
407 361.1889 621.1336
408 365.9746 620.1257
409 370.7719 617.7388
410 388.1471 606.5470
411 455.0712 563.5836
412 329.0434 455.6246
413 337.0450 422.0034
414 347.7938 425.3661
415 357.7000 618.9437
416 456.0908 606.8909
417 322.4690 420.2344
418 361.5664 676.8302
419 317.7818 464.4451
420 340.7573 504.2147
421 335.7456 685.3270
422 399.2533 646.4247
423 374.9268 552.6051
424 381.9177 664.3851
425 417.4418 548.1244
426 392.7950 569.9239
427 432.3337 577.3286
428 342.2768 706.9929
429 350.0358 514.9178
430 414.1503 659.3444
431 392.3779 678.1511
432 413.0654 624.7326
433 472.0472 584.8923
434 434.5490 626.6785
435 480.3713 598.6507
436 407.3083 593.2361
437 339.8322 487.0555
438 340.1441 541.5576
439 350.0858 546.0179
440 333.6848 528.8331
441 351.0804 406.9610
442 379.6416 396.9179
443 404.5414 394.4410
444 425.2815 396.4135
445 439.9720 403.4587
446 450.6660 434.0324
447 499.8805 481.3583
448 438.2931 459.9928
449 420.5981 465.9536
450 397.3348 466.9345
451 374.5625 463.3451
452 356.7924 457.4106
453 344.5514 451.0628
454 498.7562 483.2316
455 349.1473 550.7245
456 329.9495 491.3779
457 329.4079 542.3549
458 319.9313 551.3810
459 328.8156 545.3927
460 344.2404 556.1089
461 317.4871 553.2447
462 315.4114 557.0834
463 344.7404 436.9279
464 334.7979 440.8304
465 329.7698 443.3560
466 428.2845 423.5335
467 436.7724 419.1445
