# Image: /home/yaroslav/Projects/Diia.AIContest-AdAstrum/fixtures/FLUXSynID-processed/0055a347676b/0055a347676b_f_live_0_p_d1.jpg
# Mode: stream
# Status: fail
# Errors: face_too_small_in_frame: Face occupies only 36.2% of frame (min: 50.0%)

# 2D Landmarks (index x y)
0 321.9703 568.3022
1 304.6444 504.3169
2 313.2781 527.8146
3 280.7618 449.6043
4 300.2978 484.6520
5 296.6906 461.3141
6 290.5383 408.0725
7 169.1967 438.1830
8 282.8839 364.3599
9 277.7170 339.8673
10 263.8826 263.3429
11 324.1673 577.6987
12 326.4516 585.3314
13 328.1217 589.0666
14 329.0049 591.5260
15 330.3408 598.5889
16 332.1643 608.1300
17 334.6700 618.9769
18 340.4292 639.5324
19 308.0269 515.4095
20 295.7886 519.5646
21 104.8033 395.2356
22 222.0256 444.3718
23 204.3684 449.4053
24 188.0206 451.8505
25 165.6753 447.3366
26 236.6386 436.1537
27 190.6636 399.7995
28 209.7588 397.4776
29 173.6658 406.5120
30 163.5163 416.1386
31 154.8039 463.3513
32 280.6477 687.1252
33 163.2035 434.8509
34 111.5988 472.8633
35 134.9987 455.8132
36 224.4452 518.7912
37 300.7496 570.5762
38 309.1106 589.4020
39 281.8027 583.0579
40 270.8369 595.8749
41 295.1146 595.1917
42 284.2832 601.4875
43 257.0750 631.6217
44 290.6612 507.3244
45 284.0850 489.2245
46 132.2411 401.8231
47 250.3717 465.2058
48 256.7596 517.2875
49 254.2115 508.4012
50 172.8742 531.3658
51 281.7273 467.3231
52 165.3214 369.4802
53 144.0090 382.4176
54 111.8641 356.4624
55 244.3003 367.9338
56 227.7112 400.5854
57 240.4800 618.0495
58 166.7897 641.6738
59 272.3771 524.9000
60 287.4258 526.7366
61 260.3647 613.3228
62 268.2011 609.6997
63 132.5228 373.5668
64 259.6216 526.9596
65 197.4997 363.5431
66 190.8564 349.5280
67 167.3262 295.0396
68 121.8474 364.4294
69 180.0627 320.8118
70 121.7227 398.1339
71 113.2202 397.4874
72 304.6783 581.5095
73 289.1974 590.4376
74 277.5328 598.8462
75 278.0471 527.3846
76 264.5083 611.8445
77 271.2210 611.4864
78 270.0075 608.2093
79 276.8402 513.9760
80 288.2130 600.0499
81 299.6088 595.9848
82 312.9213 592.3231
83 317.2664 644.2448
84 313.4193 622.4982
85 311.8982 610.9096
86 311.4056 601.3704
87 312.0093 595.1761
88 285.2535 603.0819
89 283.0616 605.7757
90 280.3272 611.3568
91 278.3485 618.8755
92 251.9632 579.5421
93 132.8346 557.6814
94 310.5159 520.7067
95 278.0582 606.2525
96 274.7368 607.9757
97 294.0734 533.4666
98 269.0230 537.5410
99 290.9261 530.2736
100 234.3544 481.0678
101 208.0116 500.0181
102 254.3536 518.3813
103 130.7965 322.6331
104 142.2434 338.1793
105 156.1134 357.0851
106 273.0020 638.4827
107 232.9321 344.9767
108 221.9788 311.0441
109 210.4863 277.1332
110 174.0195 451.8898
111 139.8264 481.6890
112 245.7420 428.6091
113 146.5528 426.6672
114 259.4041 449.1631
115 263.3029 505.8235
116 125.9663 499.9317
117 152.4641 491.1095
118 174.8331 491.6129
119 207.1462 480.5056
120 230.4862 467.0578
121 247.4313 453.3737
122 275.3835 417.1106
123 135.4709 537.3843
124 132.6719 427.7202
125 299.7890 516.4133
126 255.3057 481.3167
127 112.3824 478.2892
128 258.6975 439.1749
129 254.4655 521.3827
130 158.7406 438.0761
131 261.2691 495.1490
132 146.5171 599.8403
133 245.3288 421.1884
134 270.2227 478.9963
135 202.8568 668.8920
136 211.4357 691.6733
137 126.0110 549.3616
138 178.7421 650.7887
139 111.9396 433.2333
140 281.3176 707.5298
141 304.2055 521.4178
142 243.1305 499.4331
143 123.1430 464.3233
144 186.1303 440.4679
145 201.5626 439.2465
146 268.0179 616.6939
147 147.2199 572.9982
148 320.4829 726.5896
149 264.1453 716.3673
150 239.9806 707.1527
151 270.5558 301.5150
152 360.0493 722.5402
153 216.8348 435.3375
154 230.9597 429.3590
155 240.5246 424.9539
156 121.6216 428.8654
157 227.2172 410.9008
158 210.9021 408.7381
159 195.0440 410.5062
160 180.0684 416.8131
161 171.4809 424.3307
162 104.9016 433.6609
163 175.8727 439.7024
164 316.4443 540.6450
165 265.2584 564.4073
166 270.4858 521.2690
167 294.2344 548.3377
168 287.7371 386.9921
169 229.2422 685.6232
170 254.3442 696.8177
171 314.6683 712.2494
172 189.0884 671.9043
173 239.5222 416.3892
174 269.0064 447.7817
175 355.0091 707.2767
176 290.0382 723.4227
177 139.8958 588.0049
178 297.1462 598.7940
179 295.2213 603.5464
180 294.0650 611.2668
181 294.0667 621.8592
182 292.9675 642.8464
183 274.6991 606.5488
184 268.7827 606.7131
185 262.9579 605.5912
186 242.5089 598.2779
187 169.5066 574.8881
188 267.5062 431.6585
189 254.8023 403.1604
190 245.8193 409.8867
191 278.4653 603.5199
192 178.2986 620.7168
193 267.0795 396.0517
194 286.2181 665.4097
195 294.6951 442.9726
196 277.7368 434.2051
197 292.6673 426.0552
198 263.8431 479.5820
199 349.8909 686.6649
200 344.8277 661.6305
201 314.7752 667.2683
202 241.0851 644.1845
203 243.0285 539.9637
204 262.5014 658.1875
205 201.5191 546.7290
206 229.6924 561.7143
207 193.8992 580.8264
208 312.6160 692.0895
209 257.9480 494.2249
210 229.3223 662.3782
211 255.0328 676.0617
212 222.4978 625.1513
213 158.8279 603.4575
214 202.4655 634.0394
215 156.0562 622.4637
216 221.2675 589.8494
217 262.6054 464.2209
218 270.4322 512.1403
219 263.0129 521.8057
220 272.3793 496.4005
221 236.6389 389.8141
222 205.7882 385.3557
223 180.7708 388.7540
224 161.3787 396.6836
225 149.6837 408.9325
226 148.4711 446.3159
227 116.0325 511.1197
228 164.6206 468.5994
229 182.5572 469.1653
230 205.0312 463.9453
231 226.6699 454.7791
232 243.2244 444.2482
233 253.9449 434.6087
234 122.9517 518.2239
235 265.9501 527.5025
236 270.6153 462.5782
237 279.9017 508.1936
238 292.7304 516.0098
239 282.3691 512.1278
240 272.8397 532.3297
241 295.0247 516.5000
242 299.3382 521.4597
243 251.4163 420.6454
244 261.2749 421.5184
245 265.7642 421.5663
246 166.7975 429.9082
247 156.7628 426.0751
248 311.0534 443.2841
249 430.1591 383.2396
250 325.0676 513.3156
251 490.9952 314.1910
252 380.9196 410.5178
253 399.7385 408.0035
254 417.0777 403.5418
255 438.7725 389.8762
256 363.7798 409.0143
257 391.1073 357.4572
258 372.2163 363.1138
259 410.3193 356.4610
260 425.0950 360.8072
261 456.8609 400.4094
262 420.2159 661.0249
263 435.3828 377.4668
264 516.2767 389.4523
265 475.6659 385.0629
266 403.8576 481.5229
267 343.1646 561.4092
268 345.1675 581.7013
269 368.5073 564.5905
270 386.4735 571.2627
271 362.7697 580.9104
272 377.4597 581.7496
273 419.5836 598.8460
274 319.5928 501.1545
275 317.8248 482.0756
276 450.4136 335.5562
277 357.5820 442.5739
278 364.2663 494.6240
279 364.5298 485.2002
280 463.0031 471.3132
281 313.9600 460.6295
282 399.4153 320.9813
283 427.6212 323.5631
284 461.4129 282.1681
285 321.6092 352.0283
286 357.0313 373.2587
287 429.8152 579.3074
288 541.5509 568.8738
289 353.0781 507.7084
290 339.0995 515.7622
291 407.8616 582.7156
292 399.7198 582.2687
293 436.4377 310.5679
294 367.5015 504.3859
295 364.6096 328.9992
296 364.5108 313.4888
297 371.2231 250.8831
298 448.5320 295.7149
299 365.7281 281.2271
300 461.6192 327.4091
301 476.3459 321.6364
302 344.6976 572.8492
303 365.0825 574.1880
304 381.8235 576.6908
305 349.3016 512.2543
306 403.4964 582.8391
307 396.0867 585.4786
308 398.0375 581.5967
309 340.4346 500.1606
310 374.6677 581.7576
311 360.2826 583.0941
312 344.4489 585.4120
313 364.5917 634.8062
314 356.6239 613.4291
315 352.9586 602.1162
316 349.6075 593.3729
317 347.1317 587.7616
318 378.6860 583.5235
319 381.5125 585.1389
320 386.0984 589.3513
321 391.2727 595.4886
322 399.0416 548.8742
323 542.1419 475.6554
324 388.4311 583.3440
325 391.5480 583.6074
326 335.0759 524.7890
327 364.2122 517.8133
328 336.9014 520.5071
329 380.4758 450.4899
330 413.8519 456.9812
331 370.1888 494.0947
332 423.0156 259.9716
333 413.1680 280.8903
334 403.3802 305.5818
335 406.3686 611.7046
336 321.8158 326.6681
337 320.1899 289.9093
338 320.2464 253.0573
339 431.5681 397.7134
340 480.1450 411.1707
341 352.1095 405.8329
342 448.4239 363.5724
343 341.3336 431.9346
344 350.3201 487.3377
345 504.5582 422.0121
346 469.0600 425.1839
347 444.9691 435.3051
348 408.2066 438.3906
349 380.0853 435.5632
350 357.7551 430.1561
351 309.4981 409.8696
352 509.6374 460.8038
353 464.1423 358.6343
354 316.5207 512.9377
355 357.3974 459.8379
356 527.4617 393.1711
357 340.3419 421.9071
358 373.6658 496.4905
359 441.9488 378.4337
360 349.8461 476.3260
361 545.7941 521.0348
362 350.4580 398.7198
363 331.6353 466.0070
364 500.7445 611.9969
365 508.6877 636.2752
366 533.8437 466.9502
367 520.9117 584.5041
368 496.6704 353.3265
369 429.6339 680.4613
370 316.8702 518.7030
371 377.6753 471.3868
372 494.1266 387.5760
373 413.4903 392.3192
374 397.9517 397.3970
375 401.6037 588.9153
376 514.2320 498.8600
377 399.8267 712.5855
378 457.5616 681.7101
379 481.9612 663.0680
380 382.0821 399.8506
381 366.8090 400.2131
382 356.3848 400.2125
383 478.6497 354.6204
384 363.2313 382.3139
385 377.6546 373.7008
386 392.8507 368.8722
387 409.8315 368.3268
388 421.7447 371.5481
389 511.8831 349.2452
390 423.5473 387.4682
391 378.6126 540.7795
392 352.3845 503.7472
393 340.9387 538.3797
394 478.4060 638.8884
395 455.5053 660.0733
396 396.1154 697.5693
397 527.8951 607.4425
398 353.8095 392.2866
399 326.4877 435.7128
400 430.8613 698.3088
401 536.9556 508.6731
402 363.9962 584.8454
403 367.2384 588.3197
404 371.2059 595.0495
405 375.8728 604.9249
406 388.1277 624.0471
407 390.6624 582.1760
408 395.6034 579.9882
409 400.4521 576.6713
410 417.4498 562.0189
411 487.4619 510.1788
412 324.7994 419.6199
413 331.1540 387.0696
414 344.0204 389.1071
415 387.0537 580.7708
416 501.9172 556.3602
417 312.7818 386.5210
418 405.4091 642.6938
419 310.6453 427.3056
420 344.0751 462.7027
421 376.4951 655.6100
422 442.2629 604.4443
423 393.1865 508.8163
424 426.6925 626.4719
425 438.7819 497.8857
426 415.5937 523.3198
427 462.4804 526.2482
428 388.3215 677.9717
429 358.2079 473.0926
430 464.5568 617.1523
431 443.3052 640.6174
432 452.1064 579.0905
433 516.6718 531.8655
434 479.9284 579.3588
435 534.9386 547.9424
436 436.5816 545.8340
437 341.5267 447.5793
438 345.5784 496.0545
439 359.6839 501.2691
440 334.6055 483.2946
441 342.1956 367.7912
442 369.0009 351.1812
443 394.1494 343.7175
444 416.9777 342.8492
445 435.4447 348.8901
446 456.7735 381.8644
447 527.7253 427.2068
448 447.9983 409.2517
449 429.3673 417.4393
450 404.6577 421.8740
451 380.0120 422.2485
452 359.9465 419.4626
453 345.3730 415.1161
454 535.3278 434.5423
455 360.7059 507.5401
456 327.7709 450.5704
457 331.8688 497.1698
458 324.7688 509.2133
459 333.1046 501.2878
460 357.1966 514.8373
461 321.7452 510.8994
462 322.0421 516.7233
463 343.5372 401.0523
464 332.6991 406.3576
465 325.9146 408.9550
466 429.0473 374.4918
467 437.4598 366.9362
