# Image: /home/yaroslav/Projects/Diia.AIContest-AdAstrum/fixtures/FLUXSynID-processed/005afc2e648b/005afc2e648b_f_live_0_p_d1.jpg
# Mode: stream
# Status: fail
# Errors: strong_shadows_on_face: Strong shadows or uneven lighting detected (difference: 69.3); face_not_looking_straight_at_camera: Head is turned 164.7째 (max: 15.0째); head_is_tilted: Head is tilted 11.4째 (max: 10.0째); face_too_small_in_frame: Face occupies only 36.3% of frame (min: 50.0%)

# 2D Landmarks (index x y)
0 350.3416 633.9142
1 336.5565 577.7481
2 340.1290 594.7855
3 304.3257 519.1229
4 331.6657 558.7563
5 324.8718 533.2534
6 308.0233 470.9227
7 173.1660 501.1099
8 295.6298 423.7015
9 289.1230 397.9921
10 263.7848 305.8658
11 352.5658 642.6707
12 354.2322 649.0864
13 354.7713 651.3881
14 355.7152 653.6548
15 357.7761 660.9476
16 360.2783 670.1845
17 362.7462 679.6751
18 366.2514 694.0954
19 338.6403 586.9204
20 321.2481 589.4685
21 82.3683 445.8787
22 231.1434 504.1860
23 212.8521 510.4390
24 194.7690 513.8811
25 168.4466 509.6430
26 245.6611 495.2369
27 194.7483 465.6732
28 214.3560 461.3862
29 177.5208 473.1896
30 166.8418 482.1953
31 156.1626 525.4607
32 307.6699 738.6068
33 165.4832 498.1167
34 97.3429 528.4560
35 131.2552 517.9434
36 239.5647 583.0444
37 327.7986 636.8321
38 335.7044 653.6127
39 307.0538 648.4335
40 294.8266 659.3859
41 319.9005 658.9343
42 307.6860 663.8758
43 279.4127 690.7956
44 321.2157 581.4134
45 314.2917 563.7263
46 130.8335 469.7574
47 263.2701 527.0514
48 276.8369 586.5503
49 272.8960 576.4888
50 183.7029 595.5236
51 308.6682 539.8229
52 169.5311 439.2546
53 145.4813 452.2204
54 91.1859 408.5308
55 254.8002 431.3292
56 233.0168 462.1292
57 261.4145 678.7088
58 165.1608 687.8417
59 292.6251 593.1182
60 309.3870 594.2244
61 281.6554 673.7637
62 288.9417 670.1925
63 130.8421 442.1382
64 278.1361 594.2253
65 204.6678 431.0121
66 196.6747 415.9714
67 155.7753 345.2369
68 110.9527 424.4924
69 178.0000 378.9759
70 116.1916 463.7944
71 99.1603 455.6109
72 331.9008 646.8704
73 314.6386 655.1654
74 301.4966 662.0001
75 298.2507 594.7781
76 285.7259 672.1963
77 293.5859 672.7666
78 290.2006 668.5681
79 301.1145 585.4444
80 310.6543 661.7082
81 323.4727 658.4688
82 338.4953 655.0568
83 343.5466 700.6646
84 341.1359 684.5963
85 339.2542 674.0449
86 338.0413 664.6793
87 337.8545 658.1482
88 308.2300 665.1634
89 306.3821 667.9620
90 303.9866 673.7227
91 302.2298 680.6294
92 273.6151 643.4323
93 119.3843 606.0891
94 339.1506 589.8837
95 299.8901 667.2638
96 296.8578 669.3120
97 317.4714 600.5241
98 287.4253 602.9522
99 313.6396 597.5601
100 246.8425 543.0479
101 220.4352 563.3176
102 271.8112 585.0195
103 113.7556 374.8176
104 135.3098 398.5306
105 157.9695 425.2747
106 297.1414 696.5946
107 242.1205 407.8180
108 223.8565 365.4898
109 204.4155 323.7126
110 178.7065 514.2894
111 139.6669 543.8992
112 254.4479 487.5993
113 146.5525 491.4223
114 273.1831 511.5138
115 286.5682 577.3857
116 123.4674 560.9428
117 156.6057 554.1225
118 182.9568 554.9222
119 217.6500 542.4245
120 241.3721 527.7861
121 258.3931 513.6681
122 291.6947 480.5204
123 138.2552 598.6012
124 129.1444 492.1510
125 329.4276 588.4978
126 270.4135 545.0374
127 90.8497 526.7644
128 270.1368 499.6746
129 270.2341 585.9435
130 160.2463 500.9747
131 282.2395 564.9990
132 138.4992 647.3118
133 252.4879 480.4609
134 294.5819 550.5329
135 219.4298 720.3369
136 225.0827 737.0211
137 120.8650 605.3593
138 189.1386 703.2135
139 96.7225 489.2946
140 308.1487 754.6214
141 331.8138 591.1063
142 257.4652 562.9243
143 115.6942 525.0862
144 193.1658 502.6087
145 209.7782 500.3915
146 290.3333 677.6042
147 152.8995 633.0776
148 345.5770 766.3473
149 287.2041 759.6731
150 259.5085 751.4440
151 276.5333 351.8446
152 382.2883 759.1238
153 225.3632 495.2253
154 239.4287 488.2513
155 248.3418 483.6266
156 113.7210 491.1933
157 232.7916 471.3902
158 215.1874 470.5784
159 198.7131 473.9670
160 183.2967 481.3845
161 174.3698 488.7973
162 82.2909 483.0211
163 181.4014 502.3824
164 343.2348 606.5642
165 286.6749 629.3554
166 291.7141 590.7167
167 319.3231 614.7496
168 301.4645 446.7804
169 250.4197 735.7871
170 278.5979 745.4898
171 342.3661 757.8398
172 194.8508 717.6389
173 246.1735 476.2539
174 287.5669 513.8157
175 380.3285 749.1024
176 315.3547 765.3271
177 138.9166 642.7926
178 321.7388 661.7106
179 320.3541 666.8016
180 319.8059 674.5667
181 320.2287 684.2578
182 318.5385 700.4963
183 296.6802 667.9223
184 291.2544 668.4533
185 285.4036 667.4556
186 264.0682 660.9530
187 180.8302 637.0224
188 282.3215 494.7250
189 262.9545 462.9399
190 252.6735 469.8303
191 299.5811 664.4824
192 190.9905 678.2396
193 278.4356 456.7615
194 312.3958 719.8990
195 319.1250 512.0178
196 298.0078 500.9568
197 313.8607 492.2493
198 282.7005 546.7774
199 376.7121 733.3626
200 371.3355 712.7523
201 342.2343 720.7791
202 263.4938 701.9760
203 259.3194 604.0048
204 286.9463 713.7912
205 216.8979 611.7235
206 247.8007 625.8117
207 209.5612 644.2628
208 341.2166 742.3138
209 274.4649 559.8082
210 251.1640 717.3169
211 279.5911 728.8643
212 242.9812 685.1822
213 166.8938 661.2301
214 220.3030 691.8989
215 159.7462 675.7757
216 240.5222 652.8154
217 279.1282 529.0576
218 294.5928 584.1757
219 283.9642 591.3435
220 299.1643 570.0509
221 243.9235 452.1728
222 211.6864 451.3023
223 185.6103 456.6604
224 164.8009 464.8956
225 151.2746 476.0917
226 147.7664 508.7845
227 106.2742 567.5180
228 168.8995 531.0182
229 189.4057 531.5313
230 214.0608 525.2624
231 236.2508 514.7866
232 252.8065 503.6071
233 263.6972 493.8417
234 104.5214 566.2998
235 285.6296 595.4587
236 292.1968 531.2788
237 307.7261 582.0402
238 319.8354 587.4876
239 308.4923 584.4870
240 292.2718 599.0360
241 323.5328 588.5925
242 325.8551 591.2667
243 259.3473 480.0953
244 270.7671 480.9176
245 277.1841 482.1362
246 169.4740 493.8555
247 158.7904 490.7571
248 335.5537 510.4315
249 438.2527 425.8899
250 354.1743 580.3566
251 482.4950 334.4925
252 389.7728 459.2624
253 408.7528 455.1725
254 425.8928 448.8061
255 445.6640 431.0353
256 372.8394 459.1423
257 402.0643 405.7281
258 382.5263 412.7790
259 420.8749 402.8766
260 434.6264 405.3219
261 463.1995 438.9310
262 438.7314 701.3566
263 442.9558 419.1556
264 510.1491 412.4400
265 479.6641 419.3855
266 421.4494 532.6308
267 371.5355 625.0886
268 372.8804 643.5171
269 395.5051 624.6965
270 411.3080 627.8719
271 389.1818 640.3071
272 402.1149 638.3948
273 439.4523 646.5833
274 351.4104 573.0066
275 349.2981 553.9720
276 459.0678 374.8504
277 373.1350 496.6444
278 391.0937 555.2626
279 389.3995 544.5201
280 474.6567 514.1853
281 342.0049 530.5266
282 412.2969 367.8902
283 438.9259 366.6878
284 459.0665 306.0984
285 334.6484 407.4903
286 366.8901 423.7578
287 449.0680 627.0455
288 524.6131 585.4557
289 380.2318 569.1597
290 366.4850 578.6878
291 428.9266 633.7926
292 420.6987 634.4856
293 446.1759 350.3942
294 393.2731 562.7538
295 378.1298 379.7962
296 377.8790 362.6156
297 375.4399 284.4127
298 452.5289 327.6221
299 374.7384 323.0163
300 467.6821 362.7630
301 475.7848 349.3571
302 373.0778 635.8381
303 392.2797 634.3131
304 406.8304 633.5809
305 376.3098 573.5263
306 424.6645 634.5212
307 418.2623 638.7112
308 418.6942 633.7233
309 369.8803 566.3659
310 398.0440 638.0020
311 385.4332 641.7327
312 370.9691 646.2443
313 389.5734 687.7984
314 384.4239 672.5684
315 380.7018 662.5220
316 376.8427 654.1383
317 373.6230 648.3767
318 402.0155 639.4610
319 405.2296 640.8148
320 410.1285 644.4431
321 415.0683 649.4273
322 422.1626 602.8935
323 523.4432 491.6605
324 409.9940 637.1937
325 413.6952 637.4950
326 362.4580 588.2613
327 389.3783 575.2076
328 364.3183 583.6805
329 395.0592 501.9325
330 428.1370 505.6114
331 394.1722 551.4852
332 424.7885 288.3039
333 420.2988 317.3522
334 415.3684 349.9312
335 427.3244 660.2582
336 334.7102 380.2158
337 328.6957 335.8477
338 323.5120 290.8601
339 439.5498 440.5889
340 485.7395 446.7005
341 361.6651 457.0298
342 455.4957 403.0981
343 357.4204 488.0279
344 378.9788 551.9791
345 506.3221 453.2445
346 477.1144 464.3016
347 455.5491 478.7457
348 419.9585 485.9466
349 392.2654 485.5966
350 370.7343 482.3306
351 327.0230 470.5285
352 512.0077 493.5390
353 469.7430 395.0329
354 347.4379 583.4890
355 376.0121 516.0209
356 510.9007 408.9170
357 353.8744 476.2284
358 395.3827 551.7349
359 448.4913 418.8656
360 376.1728 539.1898
361 526.9096 537.0069
362 359.6500 449.6245
363 359.2000 532.6646
364 501.0668 640.5521
365 501.9577 658.0230
366 526.1567 490.8053
367 516.7783 610.3791
368 492.5011 378.1508
369 444.9063 715.5691
370 345.8950 587.2032
371 395.5991 524.8140
372 495.2634 417.9003
373 422.3689 437.9546
374 406.8980 444.6365
375 423.5494 641.1636
376 515.4943 531.0060
377 417.4265 745.9116
378 462.8941 709.2444
379 481.3679 687.9599
380 390.6864 448.3031
381 375.0418 449.5238
382 364.9807 450.2756
383 481.2518 386.7341
384 372.1861 431.5196
385 386.7587 421.4826
386 402.7683 415.4324
387 419.8683 413.5592
388 431.1577 415.3702
389 498.6498 366.8513
390 432.1053 431.4579
391 403.8028 597.4810
392 380.1895 566.4188
393 368.3321 601.4764
394 483.2759 669.5562
395 464.8180 692.3526
396 417.8399 736.3307
397 515.8629 626.1919
398 363.0790 442.7013
399 346.9863 497.3460
400 442.7208 728.8061
401 528.2177 532.4794
402 389.2368 643.2426
403 392.9739 646.8062
404 397.6012 652.9520
405 402.0188 661.4437
406 411.2232 674.5394
407 413.4056 636.3136
408 418.4807 634.0279
409 423.0832 630.2262
410 438.6256 613.1747
411 495.8440 548.6781
412 341.6569 478.1453
413 341.9587 440.2326
414 353.9915 440.7923
415 408.8000 634.9704
416 505.6412 589.8273
417 325.8854 443.0426
418 425.8789 687.8249
419 331.9096 491.4553
420 366.7288 523.6449
421 400.9302 704.2031
422 458.3004 647.4512
423 414.1069 561.3889
424 444.2564 669.6179
425 455.0124 545.3423
426 435.4013 574.0397
427 476.3494 569.7583
428 412.3105 722.0782
429 379.4736 531.0335
430 475.1967 653.9933
431 457.0989 678.6169
432 467.7843 622.5845
433 516.6636 562.7479
434 488.9595 616.5821
435 527.0163 571.6540
436 454.8523 593.6079
437 361.0428 506.4723
438 375.0897 561.9099
439 387.2566 562.9873
440 364.8913 551.9147
441 353.1281 420.4380
442 380.7501 401.9226
443 406.2661 392.6227
444 428.4139 388.7781
445 444.8846 391.6089
446 462.2051 419.5347
447 521.0306 450.6104
448 455.5998 450.3097
449 438.5967 461.6901
450 414.5266 469.0553
451 390.2236 471.4092
452 370.5751 470.3678
453 356.4593 467.5824
454 517.2005 449.9955
455 387.4453 567.6438
456 351.5197 514.7999
457 363.2033 566.5694
458 354.9562 577.6318
459 363.3549 569.2034
460 383.5148 574.2503
461 352.5550 580.5108
462 351.1737 584.3436
463 353.6497 453.0790
464 343.9774 460.1254
465 339.3186 464.6424
466 437.8183 417.3064
467 445.0942 408.8301
