# Image: /home/yaroslav/Projects/Diia.AIContest-AdAstrum/fixtures/FLUXSynID-processed/0083d9f5b13e/0083d9f5b13e_m_live_0_p_d1.jpg
# Mode: stream
# Status: fail
# Errors: face_too_small_in_frame: Face occupies only 40.4% of frame (min: 50.0%)

# 2D Landmarks (index x y)
0 340.2361 531.5018
1 322.6896 457.9075
2 328.8078 484.0220
3 293.1127 403.6689
4 317.9952 437.8770
5 312.3289 414.4903
6 299.7708 361.6521
7 169.9432 399.6836
8 289.5971 317.7379
9 284.0958 293.2506
10 267.6140 222.9209
11 342.5625 541.6407
12 344.5272 550.0103
13 345.4636 554.2344
14 346.1687 558.9545
15 348.0710 566.6947
16 350.4206 576.9683
17 352.9045 588.4417
18 357.4656 609.0287
19 325.2819 469.5604
20 309.7931 475.0885
21 93.8626 363.7041
22 225.3062 403.0298
23 207.2791 409.4438
24 189.9042 413.0630
25 165.5438 409.4985
26 239.9050 393.4414
27 191.6784 359.4448
28 211.0197 355.9283
29 174.4404 367.1694
30 163.9314 377.5748
31 153.9661 427.5787
32 292.2132 659.6265
33 163.0590 396.6555
34 101.0004 442.4038
35 131.1174 421.3771
36 231.7997 480.7324
37 317.9541 534.2738
38 326.7081 554.6863
39 298.0437 548.6395
40 286.4344 563.2287
41 311.8115 561.6023
42 300.0867 569.0161
43 268.1871 603.0282
44 307.4215 461.6553
45 300.2988 443.4807
46 130.2431 364.5519
47 256.2122 423.2265
48 266.7809 475.4446
49 263.1178 466.9329
50 177.8389 496.8085
51 296.0972 421.4679
52 165.7210 328.2677
53 143.5015 343.3445
54 103.6738 323.2984
55 249.0140 322.2754
56 229.3985 357.9171
57 251.2925 589.1781
58 154.6029 618.7579
59 283.0546 482.4703
60 299.3278 484.1434
61 274.1300 584.1349
62 281.8291 580.0817
63 130.5546 335.5085
64 269.1925 486.2095
65 199.6613 319.9153
66 192.8595 306.2975
67 166.5212 258.0724
68 116.8551 328.9788
69 180.9867 280.9286
70 118.1590 361.8708
71 106.0578 363.8180
72 322.4419 546.0818
73 306.0119 556.5135
74 293.4513 566.3853
75 288.9881 485.2426
76 278.4875 582.4135
77 285.2156 581.8952
78 283.1647 578.2832
79 289.7242 469.2096
80 303.6090 567.8204
81 315.8620 562.6623
82 330.0422 557.9877
83 332.7276 614.8059
84 329.9961 592.7719
85 328.7887 580.5494
86 328.2532 569.9888
87 328.4168 563.1195
88 299.7885 572.4640
89 297.7057 575.5210
90 294.7849 581.6321
91 292.2233 589.5604
92 264.4925 545.3638
93 117.7493 531.7248
94 326.7532 475.6079
95 291.8555 576.0713
96 288.7729 578.1193
97 307.2529 491.2992
98 279.2022 497.8008
99 303.4931 487.8196
100 239.9935 440.6860
101 213.8198 462.0317
102 262.9049 478.0099
103 125.8100 287.5750
104 139.7060 300.6801
105 155.6817 316.5364
106 285.1876 609.7255
107 237.6124 299.7030
108 225.5679 269.5027
109 212.5605 238.4073
110 174.9380 413.8614
111 137.7938 447.8340
112 248.8759 385.0506
113 145.1051 389.5917
114 265.7983 406.0693
115 275.1186 462.0474
116 121.5407 468.1694
117 152.9682 456.3869
118 177.7963 455.4915
119 211.4475 441.9323
120 234.9753 426.4396
121 252.2696 411.2564
122 283.5971 371.5618
123 133.3283 506.5090
124 129.3951 391.6274
125 316.1398 471.0781
126 262.2570 439.4456
127 97.5763 449.7104
128 263.9442 395.9519
129 262.2825 481.7289
130 157.8413 400.1428
131 271.6261 451.8773
132 131.7735 575.4962
133 247.6108 377.9778
134 282.6671 434.4052
135 202.4077 644.6788
136 207.3580 669.8532
137 116.5188 521.5445
138 175.5031 626.1258
139 102.9251 400.9441
140 291.2048 682.3453
141 319.7084 476.5736
142 249.8670 459.4766
143 116.9110 431.4062
144 188.4963 401.0523
145 204.4887 398.9355
146 281.5167 587.2876
147 145.7446 543.3916
148 332.9908 702.0700
149 267.9156 694.0073
150 239.7816 685.1771
151 276.0476 258.4299
152 376.5297 694.9889
153 219.8670 393.9460
154 233.8148 386.8762
155 242.9624 381.8983
156 116.2570 394.1904
157 229.1049 369.7271
158 212.3159 369.3819
159 196.4784 372.2676
160 181.2578 379.1795
161 172.3262 386.5583
162 91.8395 403.4602
163 177.4703 400.7836
164 332.5429 499.2023
165 277.4919 527.9427
166 281.5041 478.0855
167 308.9261 508.7488
168 294.8530 341.0817
169 231.5243 661.6722
170 259.9354 672.6750
171 328.9206 685.5049
172 180.9123 649.7667
173 241.6104 373.7940
174 278.0888 403.2686
175 372.7620 678.0048
176 298.2131 700.2222
177 130.9352 561.6690
178 312.7717 567.4364
179 310.9157 572.8334
180 309.5948 581.3367
181 309.1262 592.5465
182 306.5447 614.0170
183 289.6704 575.5220
184 283.8135 575.7151
185 277.6883 574.5236
186 254.9390 566.8935
187 173.4116 543.1130
188 274.6886 387.3282
189 258.5631 358.9719
190 248.5281 366.3499
191 292.9362 572.4033
192 179.9157 592.6082
193 272.8115 351.1116
194 298.7444 636.7961
195 307.9686 396.1197
196 287.9982 388.3876
197 303.9456 379.2553
198 273.1803 436.3542
199 367.8425 655.6699
200 362.2596 630.3846
201 330.3084 637.5324
202 248.9867 616.5483
203 251.0994 502.4273
204 272.1317 630.3168
205 209.2247 511.2969
206 238.9832 526.3964
207 201.0246 548.4346
208 327.9608 663.1564
209 265.6655 452.3469
210 234.3215 636.4199
211 262.9275 649.7156
212 230.2478 596.6969
213 157.2354 575.2799
214 206.5646 606.5997
215 148.7730 597.2734
216 231.1258 557.8696
217 270.4973 420.9892
218 283.0292 467.7121
219 273.7843 479.3730
220 286.3235 451.5182
221 239.6423 345.6498
222 207.5056 342.5920
223 181.7962 347.4715
224 161.7778 356.9827
225 149.4444 370.6185
226 146.3263 410.1546
227 105.7676 482.0295
228 165.3173 432.1082
229 184.4215 431.7744
230 208.1294 424.7747
231 230.3077 413.7886
232 247.0687 401.8186
233 258.1378 391.3100
234 107.7681 490.9238
235 276.2885 486.0389
236 281.5832 417.9433
237 294.5808 462.9500
238 307.5591 471.1201
239 296.4182 467.0971
240 283.4740 491.4113
241 310.6890 471.4512
242 314.0477 476.9807
243 254.4286 376.8257
244 265.6889 377.5838
245 271.3674 377.4177
246 167.2361 391.9370
247 156.3365 388.0125
248 324.6350 395.9677
249 431.2035 336.2341
250 341.6783 467.2629
251 481.5278 269.8878
252 383.7584 364.7823
253 402.6806 362.1336
254 419.7521 357.2775
255 439.3420 343.0094
256 366.5566 363.0735
257 394.6002 310.7264
258 375.7691 316.4633
259 413.1511 309.5784
260 427.0072 313.9080
261 457.6064 353.9424
262 437.5525 624.3066
263 435.8520 330.5028
264 509.9387 342.9975
265 474.6104 338.0143
266 413.3472 436.4794
267 361.3117 523.5937
268 362.4515 546.0363
269 385.4867 527.0198
270 402.1980 534.6707
271 378.9418 545.2406
272 392.5475 546.4351
273 435.3673 562.1904
274 337.9773 454.1321
275 336.0500 434.8064
276 450.9447 287.2388
277 365.5667 396.7880
278 379.9967 447.8401
279 379.2701 438.5634
280 468.0988 426.2079
281 329.9997 413.2978
282 404.2472 271.5873
283 430.3543 274.6926
284 455.5015 238.1087
285 327.9538 303.7464
286 360.3112 326.7652
287 444.5040 541.8238
288 539.6826 525.1508
289 368.5841 461.4109
290 355.0411 470.3868
291 422.2017 547.7923
292 413.4629 547.6712
293 438.1052 261.9452
294 382.6447 458.5543
295 370.7063 279.4918
296 370.8205 264.1806
297 372.4336 208.2615
298 446.9166 249.2794
299 370.1728 235.6443
300 460.3298 279.4492
301 471.3508 275.6190
302 362.5611 536.1901
303 381.9438 537.7691
304 397.3220 540.7920
305 364.6497 466.5845
306 417.5706 548.2016
307 411.0390 550.8843
308 411.3810 546.7114
309 356.8885 452.8626
310 388.8343 546.8685
311 375.5590 548.0248
312 360.7757 550.4191
313 382.1201 602.7705
314 375.4700 581.6063
315 371.4908 569.9546
316 367.3317 560.4135
317 364.0086 554.4363
318 393.5806 549.2242
319 396.8709 550.9692
320 402.2571 555.2385
321 407.9805 561.0381
322 413.5438 508.8190
323 533.3820 430.7599
324 402.3420 548.7997
325 406.0324 549.1517
326 351.2430 480.4332
327 378.9124 473.3256
328 352.9746 475.6379
329 387.8797 404.8922
330 420.7669 411.6690
331 384.3956 448.2873
332 420.9262 216.3084
333 414.9045 234.6141
334 407.9561 256.4802
335 422.7585 576.0039
336 328.4237 278.3468
337 325.7388 245.4857
338 323.3282 211.5369
339 433.1533 351.0834
340 480.7124 364.5994
341 355.0233 359.6217
342 448.6746 316.2261
343 349.5055 385.8325
344 366.7190 439.8169
345 503.7368 375.3568
346 471.5420 378.8772
347 449.4437 389.5217
348 413.6590 392.8229
349 385.8009 389.9692
350 363.6138 384.4078
351 318.5847 363.1612
352 510.4894 414.7817
353 463.3551 310.8073
354 334.1529 466.7101
355 367.6434 413.8620
356 515.4247 348.3827
357 346.3893 376.1857
358 386.5175 451.3887
359 442.0689 331.2975
360 365.0191 429.1684
361 540.4641 476.2055
362 353.0891 352.7035
363 347.3845 418.6979
364 510.6907 569.9200
365 516.6073 594.7810
366 530.9427 420.8035
367 526.1433 541.1943
368 490.2094 307.1386
369 447.8979 644.2950
370 333.3958 473.1948
371 387.5920 426.0031
372 491.6459 340.4879
373 415.7367 345.9595
374 400.4486 351.4941
375 416.8352 553.9427
376 516.1117 453.5345
377 418.4575 681.4031
378 473.3549 644.0720
379 494.7620 623.2222
380 384.4643 354.1824
381 369.0974 354.3315
382 358.8276 354.1479
383 475.9349 307.1014
384 365.6791 337.0267
385 380.1966 329.0770
386 395.5118 324.1108
387 411.9658 323.0993
388 423.3348 325.5348
389 500.4742 304.6613
390 425.1764 340.7244
391 394.2458 499.3548
392 368.0822 456.9246
393 357.6107 496.6878
394 492.2911 598.2244
395 471.7227 621.2466
396 415.5279 664.5990
397 530.6632 564.8768
398 356.4763 346.4114
399 337.5130 388.9210
400 448.9160 663.6310
401 536.0528 463.1227
402 379.9367 550.9681
403 383.9340 554.7826
404 388.8514 561.7070
405 394.1891 571.5995
406 405.4578 589.9289
407 404.5749 547.2601
408 410.0162 544.5930
409 415.0105 540.7394
410 431.5266 523.5634
411 492.2692 465.7230
412 333.3848 373.2360
413 335.1048 340.9605
414 347.0856 342.8725
415 400.3773 546.0331
416 508.0642 513.0297
417 319.0142 340.2258
418 422.1072 606.7660
419 322.2799 380.0921
420 356.6631 416.1816
421 394.0881 622.0002
422 457.9203 565.5460
423 405.7506 464.6473
424 443.0886 588.6815
425 447.1244 453.5102
426 427.4329 480.3645
427 470.7857 482.9109
428 406.9360 644.0731
429 370.4535 426.9183
430 479.3396 576.7502
431 459.6086 601.8396
432 466.0198 539.1957
433 519.8838 487.2873
434 491.0320 537.6463
435 536.4348 503.2950
436 448.3955 504.9477
437 352.0579 401.2287
438 362.2517 448.4207
439 375.5483 454.4833
440 352.0884 435.5255
441 346.2410 320.5380
442 373.4835 303.1290
443 398.3459 295.6350
444 420.1863 294.8471
445 436.9016 301.3032
446 456.5253 334.8502
447 522.8935 380.7208
448 449.8348 362.8814
449 432.8388 371.3924
450 408.7168 376.1412
451 384.0763 376.5835
452 363.9586 373.6856
453 349.5316 369.4144
454 524.1903 389.8599
455 376.2547 461.5245
456 340.9160 403.4781
457 349.7936 449.5143
458 341.8932 462.7032
459 350.1511 454.0071
460 372.3330 469.7668
461 339.3105 464.5362
462 338.6771 471.0082
463 346.5466 354.9134
464 336.9376 360.6930
465 331.8452 363.1209
466 430.2516 328.0390
467 438.1294 319.8191
