# Image: /home/yaroslav/Projects/Diia.AIContest-AdAstrum/fixtures/FLUXSynID-processed/000e23cdce23/000e23cdce23_f_live_0_e_d1.jpg
# Mode: stream
# Status: fail
# Errors: image_blurry_or_out_of_focus: Image is blurry (sharpness score: 67.15); face_not_looking_straight_at_camera: Head is turned 173.4째 (max: 15.0째); head_is_tilted: Head is tilted 27.2째 (max: 10.0째); face_too_small_in_frame: Face occupies only 40.7% of frame (min: 50.0%)

# 2D Landmarks (index x y)
0 283.3620 629.8406
1 283.9933 576.0264
2 285.2062 592.3912
3 277.2041 505.7350
4 285.4795 555.4456
5 288.7988 527.4875
6 298.5744 459.6446
7 176.5416 436.8779
8 303.8296 411.8185
9 306.0686 384.8527
10 317.2085 281.8911
11 282.9403 638.4285
12 283.1872 643.6464
13 283.9297 644.4459
14 283.8030 649.6512
15 283.1121 656.2186
16 282.4054 664.8503
17 281.8640 674.7463
18 281.2961 693.4694
19 283.7771 585.6725
20 269.2236 580.6524
21 119.4119 352.9583
22 227.0103 460.9158
23 208.6017 459.9870
24 191.3543 456.7483
25 169.6112 443.2901
26 242.4516 458.1497
27 205.9596 413.3024
28 224.7680 416.3835
29 188.4164 413.8765
30 176.5120 418.1880
31 153.1549 454.0861
32 213.5764 718.9637
33 170.8132 431.7516
34 104.2745 438.0647
35 134.6775 439.2741
36 201.8623 539.8930
37 260.3389 624.0493
38 262.4639 640.3352
39 236.8636 624.3980
40 221.7155 627.2074
41 245.5329 637.7614
42 232.1885 636.2000
43 201.5291 650.6409
44 269.3062 573.6439
45 268.8627 553.5247
46 148.4770 394.1103
47 244.1592 496.0786
48 232.1540 558.6627
49 233.1932 547.1187
50 147.6095 529.2725
51 272.9938 527.7458
52 190.7272 379.7565
53 166.0220 382.9050
54 137.9838 319.9746
55 267.0075 404.3997
56 241.1449 423.5957
57 187.6854 631.1691
58 112.1974 620.6837
59 244.0536 571.0704
60 258.2921 579.0198
61 205.1341 631.8274
62 212.9938 632.5047
63 156.8321 367.7151
64 231.3820 565.2656
65 223.6234 385.4800
66 221.0384 367.8503
67 210.9478 281.7379
68 147.4747 342.9895
69 217.5931 323.2632
70 138.3038 383.2261
71 128.4670 368.9469
72 260.7574 634.1117
73 241.5791 632.9817
74 227.0888 632.1113
75 248.3500 574.4247
76 209.0968 632.0931
77 217.4612 638.0676
78 215.3809 632.5614
79 252.4354 569.0778
80 235.9725 634.7836
81 249.4792 637.7231
82 265.2717 641.3987
83 257.2799 690.8745
84 259.7363 670.9771
85 261.1089 660.3258
86 262.5552 652.2328
87 264.5433 646.7860
88 233.8934 639.4639
89 231.2673 640.7942
90 227.7524 644.7258
91 224.4999 650.5910
92 208.5500 607.1788
93 101.3455 523.2814
94 284.4479 588.5063
95 225.2589 637.0303
96 221.4764 636.6748
97 263.5334 588.5134
98 236.7400 576.4243
99 261.0146 584.0911
100 224.3249 504.4741
101 192.6770 513.0588
102 229.8530 553.9798
103 166.6521 295.4713
104 175.7289 326.6321
105 185.1561 361.8339
106 215.5696 665.8096
107 262.6043 376.9328
108 261.1393 326.4694
109 259.3730 278.0814
110 177.0314 451.1370
111 132.2711 465.5816
112 252.2406 454.4089
113 156.1105 419.7846
114 257.4515 485.3507
115 242.5488 555.1116
116 112.7145 476.6653
117 142.6202 480.4352
118 164.7756 490.3568
119 199.6581 492.0653
120 226.2235 487.6423
121 245.7168 481.1022
122 281.7825 463.0028
123 110.2530 517.2795
124 140.9249 414.7331
125 275.1193 583.6665
126 243.1497 516.2124
127 102.5334 434.7122
128 260.1191 472.4801
129 228.9574 553.8218
130 165.3905 432.7522
131 244.2793 541.0208
132 103.5713 571.0900
133 252.8480 447.0327
134 258.3376 532.5084
135 142.2805 668.4785
136 145.7695 690.5470
137 97.3023 520.9382
138 121.0362 641.4515
139 116.0900 400.3928
140 210.1920 737.2371
141 277.6811 586.8773
142 225.9587 527.5795
143 119.4362 440.8294
144 193.7148 445.1757
145 209.2558 449.0534
146 213.3212 641.0876
147 109.7037 556.6540
148 241.4645 764.4695
149 192.7772 736.0952
150 171.4536 717.4667
151 311.6491 332.3544
152 276.5883 771.3835
153 224.7383 449.9464
154 239.4725 448.7955
155 248.5329 448.1779
156 128.5097 408.3865
157 238.4343 431.9690
158 223.2116 425.1127
159 207.5453 422.1335
160 191.5588 423.1780
161 181.2597 426.6921
162 108.2022 388.8287
163 183.4436 440.8741
164 285.0288 603.9642
165 226.1639 600.3216
166 243.5027 569.1442
167 260.3776 601.6524
168 302.0262 434.6639
169 166.1006 695.3228
170 187.6314 716.4814
171 239.4172 753.0472
172 126.8203 660.7463
173 248.5325 440.9771
174 266.7504 493.8350
175 276.3362 758.9650
176 215.0611 752.2933
177 99.5397 564.4561
178 247.7028 642.9431
179 244.9610 646.5205
180 242.4900 652.8132
181 240.1456 662.0893
182 233.8694 679.8131
183 220.2890 633.9623
184 215.1124 631.9939
185 210.3404 628.7921
186 193.7089 617.1488
187 129.5713 569.3029
188 270.1050 473.0302
189 266.4210 435.1306
190 255.9629 437.3650
191 224.6734 632.1890
192 126.8188 614.5141
193 279.9451 435.6693
194 223.0474 699.4206
195 292.1290 504.3816
196 278.9605 485.4618
197 295.2535 482.9262
198 251.8147 523.4405
199 277.2102 740.0915
200 279.2509 715.4588
201 249.7619 712.2621
202 185.6678 659.1050
203 212.9503 566.5843
204 203.0869 681.7850
205 169.5355 558.0081
206 193.2598 582.3683
207 151.8310 585.8712
208 242.0804 735.5163
209 241.4534 532.0175
210 171.1243 673.5696
211 192.7168 697.3507
212 171.0688 634.3385
213 112.5945 589.9866
214 149.0235 636.3999
215 105.9955 604.6333
216 176.3447 602.5526
217 255.4434 504.9026
218 246.9466 565.2409
219 236.4748 566.2579
220 254.6550 553.6929
221 253.0089 418.7313
222 224.6087 406.3441
223 199.9866 401.6856
224 179.1592 401.6721
225 164.4080 407.2018
226 152.0014 436.1446
227 98.4101 478.9400
228 162.3102 463.4732
229 180.0820 471.3830
230 204.1143 474.5849
231 227.3220 473.2605
232 245.3511 469.0792
233 257.5698 464.0729
234 102.0218 478.7115
235 237.1668 569.8594
236 263.7977 512.7842
237 258.0750 568.9669
238 267.7126 578.6196
239 258.5926 571.3913
240 241.8051 575.2610
241 270.1202 581.3954
242 272.5137 584.4611
243 258.6688 449.3599
244 267.4527 454.6468
245 271.4918 458.6359
246 175.3656 429.5239
247 167.0033 423.1519
248 307.2999 508.8054
249 435.3991 463.5125
250 301.7571 584.3845
251 524.1016 391.8817
252 378.9703 476.4220
253 398.0883 479.3406
254 416.6575 479.6331
255 442.4597 471.2723
256 363.2409 470.4428
257 408.4041 432.8612
258 388.7013 431.9440
259 426.4321 437.2790
260 438.4677 444.2855
261 458.4457 484.8128
262 346.4620 734.1401
263 442.7011 459.6572
264 522.6078 479.4242
265 482.7488 473.9074
266 386.5600 558.6752
267 307.7502 629.0371
268 305.4291 644.8143
269 333.3323 634.6583
270 350.9257 640.6171
271 324.4485 646.0741
272 340.1062 647.1840
273 371.5421 668.4808
274 299.3312 576.8685
275 302.9237 556.8992
276 473.5303 425.4698
277 351.9073 506.9016
278 345.4450 570.4891
279 347.7996 559.0598
280 447.3013 559.8116
281 305.0994 530.9710
282 427.7572 401.2782
283 454.7489 410.1336
284 506.3295 354.7724
285 342.8591 411.0748
286 370.9237 435.9415
287 388.6503 652.1152
288 486.7768 660.5037
289 331.5026 580.4607
290 315.4030 585.2091
291 370.7810 648.6462
292 363.1665 647.5330
293 468.5980 396.8780
294 346.4820 577.4338
295 390.9047 400.4311
296 396.2737 383.2843
297 427.4631 301.4397
298 486.9984 374.9677
299 409.8325 340.5338
300 488.1672 416.7796
301 506.1033 405.4044
302 306.7018 639.0324
303 327.9910 642.0983
304 345.1251 644.3102
305 326.9171 582.9381
306 366.8206 648.0306
307 356.6258 652.1350
308 361.1515 647.2167
309 320.5872 576.4992
310 337.6680 644.9371
311 321.8501 645.1820
312 304.0846 645.3930
313 305.9946 696.2126
314 305.1109 675.7651
315 305.0521 665.0376
316 304.8464 656.7538
317 304.1155 650.9782
318 339.2068 650.1824
319 341.3176 652.0615
320 343.9403 656.6357
321 346.1942 663.1369
322 366.9031 623.5230
323 517.8043 565.4700
324 349.5103 649.6129
325 352.8872 650.0060
326 308.3417 593.2891
327 340.1065 587.2991
328 311.6502 589.3847
329 371.1738 519.2601
330 402.3337 534.2435
331 351.1534 566.6465
332 475.5469 323.8844
333 456.6645 352.3750
334 437.0890 384.6278
335 353.7677 680.5794
336 351.2826 384.5834
337 363.2601 335.7566
338 376.4872 288.7153
339 432.8448 477.3339
340 479.0562 500.3784
341 353.6234 464.8208
342 461.3368 450.0440
343 339.3998 493.5308
344 333.2945 564.6725
345 499.7277 515.5996
346 463.4090 512.7044
347 437.1484 517.6808
348 400.2699 512.2953
349 373.6149 502.4799
350 354.5857 492.0214
351 315.7704 466.2369
352 493.6225 556.2008
353 479.5325 447.9383
354 293.0480 585.6104
355 347.3991 526.7922
356 532.0370 477.0469
357 340.6814 480.5030
358 354.0057 566.7320
359 448.9092 461.6324
360 335.7547 550.5117
361 506.0070 612.9754
362 354.8364 457.5373
363 320.8418 538.8420
364 435.7993 700.7865
365 432.9959 722.4890
366 513.7440 563.3808
367 464.8907 678.4081
368 515.4997 439.2847
369 348.0389 753.1992
370 291.5639 588.3287
371 363.8229 541.5538
372 500.5780 478.7443
373 415.5238 468.0927
374 398.8631 468.5266
375 360.3634 656.0976
376 487.7169 595.6354
377 312.8794 772.9229
378 370.9022 756.7714
379 398.7209 743.3832
380 382.9598 466.0487
381 368.1722 461.8354
382 359.0409 459.5053
383 495.9989 444.2393
384 373.0373 445.5145
385 390.1691 441.7940
386 406.2640 442.3610
387 422.0249 446.7967
388 431.8979 452.4262
389 532.0820 430.0340
390 427.1615 466.0345
391 347.9561 613.0041
392 331.6565 578.5827
393 310.6016 606.8869
394 404.6772 722.1803
395 376.7471 738.1861
396 314.2564 761.7717
397 461.3791 696.9624
398 360.3952 452.4987
399 324.3108 499.5729
400 342.9950 767.1777
401 503.4730 606.3984
402 323.0340 650.7586
403 324.9610 654.8406
404 326.2651 661.6083
405 327.1454 671.2126
406 332.0647 690.5130
407 354.5684 647.4249
408 359.4138 646.6857
409 364.6795 644.4578
410 382.6577 636.6149
411 460.9031 603.5229
412 327.3301 478.6553
413 341.5972 442.3355
414 352.8779 446.9091
415 351.0942 644.8741
416 459.2915 649.7136
417 325.4139 439.8960
418 339.8959 712.3845
419 311.6609 488.6794
420 333.8020 531.7251
421 309.7195 719.0671
422 386.6608 680.9030
423 369.3200 582.6778
424 364.3908 699.5884
425 417.4449 583.4837
426 387.8250 602.5857
427 432.8356 615.1264
428 313.4456 743.6833
429 344.6380 542.5719
430 400.7482 698.9366
431 373.1426 717.6753
432 405.7365 659.1208
433 480.0506 628.4969
434 430.1075 666.5734
435 489.2960 644.9482
436 403.6064 626.0644
437 335.4997 513.0153
438 326.5268 573.7893
439 339.3038 577.2370
440 318.9469 560.5189
441 357.5595 428.5957
442 388.5684 421.7027
443 414.9479 422.1059
444 437.2337 426.7344
445 453.1125 435.5723
446 463.7123 467.3695
447 520.7603 521.4573
448 446.2332 492.1630
449 425.6663 496.1855
450 399.8255 494.3858
451 376.0013 488.2561
452 358.1088 480.4708
453 346.0687 472.9737
454 525.4770 520.8676
455 339.0426 580.7812
456 321.3493 518.5758
457 312.7245 574.7900
458 302.5289 582.4677
459 312.9189 577.3856
460 334.0330 585.2117
461 298.9530 584.4878
462 297.5252 587.2217
463 347.9503 458.4640
464 337.2253 461.5993
465 330.9952 464.4389
466 437.8092 456.5150
467 448.3298 451.3782
