# Image: /home/yaroslav/Projects/Diia.AIContest-AdAstrum/fixtures/FLUXSynID-processed/00cbdc6d495f/00cbdc6d495f_f_doc.jpg
# Mode: stream
# Status: fail
# Errors: face_too_small_in_frame: Face occupies only 47.0% of frame (min: 50.0%)

# 2D Landmarks (index x y)
0 307.4768 599.8712
1 306.0966 533.1641
2 306.3877 554.8183
3 287.7082 465.6399
4 305.2195 511.7820
5 304.1129 484.0965
6 301.7596 418.6806
7 166.3482 421.7640
8 299.9010 373.4757
9 298.9490 346.6045
10 294.9245 246.1195
11 307.8269 610.0615
12 308.2127 617.6031
13 308.5292 620.6071
14 309.2986 624.8379
15 309.6738 633.0762
16 310.0916 643.6427
17 310.6566 655.1300
18 311.6901 674.1485
19 306.3014 544.0639
20 290.2992 543.2855
21 96.0556 351.3687
22 221.1450 437.5602
23 202.2258 439.9422
24 184.3487 439.6271
25 160.2463 430.4236
26 237.0317 431.6908
27 195.5605 391.9722
28 215.0172 392.0758
29 177.4603 395.4206
30 165.1862 401.9132
31 145.4549 444.3492
32 244.6132 709.5639
33 160.0128 417.4784
34 90.9137 439.2734
35 123.7193 432.5887
36 213.6551 521.0738
37 285.8699 597.4518
38 290.1213 617.9094
39 264.1802 604.9056
40 250.3444 614.4957
41 274.4951 619.8373
42 262.1217 622.8581
43 229.2068 646.7715
44 290.7425 533.2872
45 287.5900 512.9211
46 132.5787 382.2489
47 248.2447 468.2510
48 248.9118 530.4983
49 247.2928 519.4895
50 157.0562 522.3413
51 287.5497 487.1592
52 176.7847 359.8792
53 150.3161 367.2643
54 112.1556 313.3493
55 260.7045 372.1228
56 232.6503 396.7027
57 214.5339 628.8361
58 120.9763 626.7173
59 262.9898 541.2463
60 278.6935 546.4812
61 235.6443 628.1493
62 243.7724 626.1495
63 138.8020 354.0911
64 249.0306 539.5745
65 212.9663 360.2016
66 208.4326 342.9190
67 185.6145 261.1121
68 125.8434 332.3298
69 198.7461 299.6917
70 120.6555 373.7523
71 108.3688 363.0273
72 287.6405 609.4400
73 270.0820 614.1501
74 256.3427 619.0932
75 268.2147 544.4485
76 239.9978 627.4938
77 247.2166 629.8390
78 245.3853 624.9183
79 271.8720 533.9081
80 265.5412 621.5221
81 278.2456 620.6844
82 292.6520 620.6163
83 288.2138 674.8082
84 288.8769 654.5179
85 289.3582 642.2852
86 290.3313 631.8577
87 291.6816 624.9168
88 262.7529 625.3016
89 260.2567 627.7522
90 256.7150 633.2142
91 253.4476 640.3845
92 233.6013 592.6535
93 95.6868 529.7100
94 306.3067 548.2973
95 254.5652 625.8577
96 251.1881 626.9544
97 284.9674 555.3845
98 256.6171 551.5839
99 281.9504 551.1338
100 229.1410 481.4366
101 199.1538 496.5595
102 244.8461 528.7814
103 140.1956 282.6103
104 154.2754 310.3395
105 168.9543 343.0263
106 244.5516 658.0065
107 253.1489 345.1978
108 244.6769 296.1328
109 235.6717 250.1722
110 168.9937 436.8744
111 126.1785 460.1462
112 247.2123 425.8476
113 143.2525 407.3949
114 260.6789 453.8741
115 259.4345 522.1893
116 107.3436 475.3662
117 139.9416 473.6740
118 164.9013 479.7333
119 200.6482 474.5200
120 226.8065 464.6985
121 246.2852 453.7561
122 284.1206 425.1148
123 113.2859 517.8824
124 126.8977 405.3968
125 297.3242 543.3960
126 251.5400 487.9086
127 86.4964 439.9938
128 260.4245 441.6136
129 243.6064 530.3646
130 154.4564 420.0258
131 258.3608 508.9715
132 104.3630 577.6740
133 246.9725 417.9571
134 272.3005 495.7852
135 163.7711 669.7576
136 166.1395 692.1699
137 95.9260 524.7817
138 139.4118 644.2987
139 99.0485 398.1121
140 241.5721 729.5886
141 299.4051 547.7249
142 235.5362 503.9554
143 108.0087 437.4452
144 184.7764 427.0936
145 201.1669 428.3357
146 242.9848 634.3386
147 120.0843 558.0916
148 276.7125 754.4246
149 220.0435 732.1685
150 195.2991 716.2082
151 296.8877 294.8182
152 315.8051 756.2597
153 217.2876 426.6022
154 232.2764 422.7826
155 242.0292 420.3129
156 113.3188 402.1498
157 230.0788 404.5358
158 213.6798 399.9521
159 197.2844 399.4212
160 180.9278 403.4237
161 170.7602 409.3389
162 88.0994 391.1525
163 173.6401 424.4789
164 306.8122 568.6341
165 249.6791 579.9613
166 262.2806 538.0617
167 282.8829 571.3260
168 300.8105 395.5311
169 189.5527 694.0798
170 214.5958 712.1739
171 274.8237 741.2718
172 142.5447 664.8254
173 241.7798 412.0993
174 273.3656 457.8316
175 315.1706 742.3232
176 246.5820 745.4413
177 105.1542 568.6832
178 275.8772 624.7414
179 273.4104 629.6935
180 271.0679 637.8763
181 269.2512 648.7169
182 264.1253 667.7736
183 251.2004 624.9654
184 245.7293 624.0104
185 240.1382 621.5567
186 220.5027 609.6583
187 145.6240 566.8880
188 272.6389 438.0832
189 261.4593 403.5661
190 249.7339 407.8564
191 254.7701 622.2889
192 146.3444 615.2808
193 277.3124 400.6498
194 253.7092 688.7675
195 303.3421 461.5778
196 285.5430 446.1871
197 302.5608 440.7451
198 262.5480 491.0560
199 314.2548 721.9395
200 312.9479 696.6019
201 282.5165 697.1794
202 210.4436 656.1456
203 229.1655 547.4109
204 230.3365 675.4664
205 185.3613 546.2842
206 212.4894 568.1606
207 171.3643 580.0433
208 276.7950 721.6445
209 252.6276 503.5221
210 194.5380 671.7323
211 219.5844 692.0400
212 194.5787 632.4093
213 127.4310 592.1101
214 171.0494 635.9969
215 117.9559 608.6473
216 199.1310 595.8581
217 262.7704 472.5840
218 265.7661 530.9339
219 254.5768 536.9932
220 272.4900 516.4838
221 245.8543 389.6141
222 214.9865 381.5943
223 188.5645 380.7207
224 166.4863 383.9396
225 150.9061 392.3545
226 140.9111 425.9259
227 90.4174 481.6144
228 156.3158 452.4492
229 175.8369 457.0295
230 200.6053 455.8397
231 224.3565 450.1172
232 242.7760 442.1614
233 255.3020 434.4645
234 90.6764 484.8170
235 255.7589 542.2057
236 274.0959 476.1541
237 278.1763 530.9403
238 288.8679 540.2741
239 278.7476 534.3055
240 261.7527 547.9435
241 291.8808 542.1496
242 294.0134 546.3405
243 253.7725 419.2906
244 264.9399 422.8809
245 270.8056 425.1740
246 164.7805 413.6678
247 155.2846 409.0264
248 319.2933 464.5524
249 438.1253 410.3384
250 322.0983 542.3110
251 503.7893 336.6586
252 384.5471 430.8628
253 403.7728 431.7245
254 421.6799 430.0614
255 444.7707 418.6007
256 367.9388 426.1210
257 406.6221 382.2266
258 386.7380 383.9659
259 425.2540 384.3211
260 438.0935 389.9240
261 460.5985 432.1899
262 382.9502 704.8968
263 444.0764 405.3042
264 514.6172 423.4518
265 481.3170 418.5375
266 397.8892 514.8192
267 329.1709 596.1310
268 326.5754 616.8081
269 351.6437 602.5682
270 366.1798 611.3622
271 342.4073 618.1530
272 355.1332 620.3665
273 390.9463 642.0613
274 321.3505 532.1951
275 322.9461 511.5946
276 469.5654 367.4703
277 359.3067 464.2283
278 362.6356 526.8678
279 363.4421 515.6653
280 454.8201 511.7191
281 321.0730 485.9747
282 423.2569 347.8086
283 450.5505 353.5010
284 484.7679 299.4866
285 339.3002 367.8034
286 369.4266 390.3955
287 403.9307 623.2608
288 496.9857 612.6509
289 349.2808 538.5767
290 333.9195 544.9639
291 382.1079 624.3486
292 374.0610 622.8001
293 461.3771 339.5222
294 363.1339 536.1783
295 386.4781 351.3472
296 389.7517 333.6929
297 405.6060 252.7260
298 472.7514 318.2538
299 395.9243 291.0685
300 480.9634 358.5980
301 492.6471 348.2192
302 328.3110 608.3932
303 346.4803 612.1274
304 360.6863 616.2389
305 344.3630 542.2606
306 377.7037 623.8691
307 371.0780 626.5525
308 372.2950 621.5687
309 340.0224 531.5115
310 351.5938 619.2062
311 338.8495 619.1472
312 324.3613 619.6380
313 335.5341 673.3252
314 332.5633 653.0906
315 330.7674 640.9947
316 328.8487 630.8232
317 326.9451 624.0472
318 355.5484 622.7760
319 358.2715 624.9854
320 362.2588 630.2401
321 366.1227 637.1517
322 382.3256 588.2203
323 514.9387 514.0410
324 363.5856 622.9576
325 366.8871 623.9195
326 328.2200 554.1418
327 356.4259 548.8007
328 330.8398 549.7145
329 379.5887 476.1363
330 410.8799 489.0531
331 366.5522 524.9415
332 453.4966 270.6771
333 442.0698 298.0722
334 429.7720 330.4212
335 377.2257 653.8592
336 344.8529 340.2909
337 349.1980 291.6901
338 354.4876 245.7080
339 436.6089 426.0563
340 481.0191 446.8890
341 357.2494 421.0101
342 460.3006 394.0950
343 345.7550 450.6582
344 351.6566 519.0580
345 500.7125 460.8124
346 468.3344 461.5445
347 443.9072 469.5580
348 407.7556 466.9541
349 380.7694 458.9384
350 360.2692 449.4544
351 319.9580 423.6047
352 497.7455 503.8561
353 476.4082 391.0445
354 315.3122 542.8260
355 357.3940 484.2962
356 518.5101 424.0932
357 345.0562 438.3677
358 367.8963 526.4590
359 449.8636 407.5693
360 351.6684 505.7127
361 509.6270 562.5568
362 356.8496 412.9560
363 336.9185 493.4376
364 459.1751 659.3266
365 458.6912 681.7768
366 514.8394 509.2345
367 480.7822 631.9560
368 503.9250 382.8859
369 387.9002 724.5344
370 313.2196 547.2555
371 374.5232 499.3095
372 497.3670 422.5288
373 420.3241 417.2894
374 404.0330 419.8643
375 375.7165 630.7037
376 493.5807 544.5238
377 354.6302 751.8473
378 409.3870 725.7249
379 432.4962 707.9572
380 387.6286 419.3835
381 372.2202 416.6507
382 362.1350 415.0320
383 489.9516 387.1179
384 372.8948 398.0423
385 389.0635 391.9574
386 405.5219 390.1062
387 422.2078 392.7798
388 432.7885 397.8537
389 514.1733 375.7267
390 431.0518 413.7834
391 365.3884 576.6090
392 349.8982 535.1731
393 331.1752 569.9256
394 436.0414 685.7003
395 413.0029 705.5257
396 355.5675 738.5876
397 479.0565 652.4543
398 361.5840 406.6938
399 333.3071 455.7018
400 384.3780 740.7912
401 508.5542 553.6856
402 342.6787 622.9636
403 345.4675 627.6352
404 348.5994 635.5328
405 351.5378 646.2200
406 358.8947 664.8428
407 366.2880 621.9330
408 371.5779 620.7191
409 376.9167 617.9554
410 396.2909 604.3491
411 468.9498 555.2681
412 332.5171 435.7477
413 341.0476 399.8231
414 353.1056 403.1224
415 362.5202 619.4680
416 471.6171 603.7033
417 324.7791 398.4213
418 371.6287 684.8607
419 320.0063 444.8977
420 346.3437 488.1259
421 343.7468 695.1863
422 411.1546 649.7417
423 383.9378 542.4402
424 393.2755 670.3972
425 428.0867 537.8129
426 402.1804 561.9735
427 444.3550 570.5150
428 351.9237 719.1433
429 357.1833 500.0494
430 428.9119 663.8586
431 406.0488 685.8153
432 424.8500 624.8137
433 488.6431 579.0475
434 448.8410 626.4063
435 499.1183 594.5489
436 417.4104 588.7310
437 344.9932 469.6355
438 345.9252 528.1569
439 357.4077 533.6190
440 338.2962 514.2236
441 355.5301 384.2271
442 386.0255 373.2277
443 412.8703 370.1609
444 435.5309 371.9454
445 451.6880 379.3028
446 463.8644 412.8897
447 517.8537 465.8365
448 450.5090 441.0758
449 431.3706 447.3190
450 406.4016 447.9114
451 382.1108 443.7760
452 363.0719 437.3573
453 349.7849 430.5306
454 516.9853 469.0797
455 356.5002 539.1975
456 333.7541 474.0245
457 333.7438 528.9308
458 323.4277 539.0822
459 333.2468 532.3430
460 350.9762 545.5183
461 320.6760 541.0928
462 318.6203 545.6321
463 350.2203 414.9629
464 339.0740 419.6730
465 333.4271 422.6209
466 439.0917 401.7777
467 448.3760 396.4097
