# Image: /home/yaroslav/Projects/Diia.AIContest-AdAstrum/fixtures/FLUXSynID-processed/00821837aa65/00821837aa65_m_live_0_p_d1.jpg
# Mode: stream
# Status: fail
# Errors: face_too_small_in_frame: Face occupies only 47.0% of frame (min: 50.0%); hair_covers_part_of_face: Possible hair occlusion detected (score: 0.163)

# 2D Landmarks (index x y)
0 336.1706 569.4419
1 321.8299 489.6906
2 325.7333 516.3683
3 292.9407 429.8759
4 318.1228 468.6568
5 312.8481 443.2782
6 300.3864 385.2489
7 164.9912 416.2607
8 291.2389 336.8686
9 286.6142 310.6392
10 272.1027 242.6674
11 338.1141 579.8495
12 339.3917 587.7261
13 339.5639 591.3116
14 340.6015 594.9246
15 342.2119 602.7088
16 344.1800 613.0085
17 345.9052 624.4688
18 348.8428 645.8070
19 323.5384 501.6126
20 306.4157 505.5861
21 81.4589 374.3388
22 221.9535 422.3632
23 203.1175 428.0123
24 184.8852 430.8426
25 159.8799 426.1285
26 237.3476 413.0531
27 189.1562 376.4465
28 208.8086 373.1528
29 171.3425 383.8951
30 160.0835 394.1638
31 146.6840 443.6791
32 278.8308 693.3227
33 157.9033 412.9233
34 86.6026 454.6756
35 122.1092 435.5362
36 225.5865 504.6000
37 312.9530 570.7811
38 320.7324 591.3207
39 291.4517 583.3162
40 278.3619 596.5423
41 304.6054 596.9997
42 291.7039 603.0442
43 256.6903 633.2683
44 305.6587 492.3163
45 299.4310 473.0880
46 124.4038 378.1018
47 252.8689 446.4302
48 262.1921 502.5729
49 258.7594 493.3222
50 169.2449 516.4277
51 295.7562 449.3410
52 163.0235 340.9205
53 139.5544 356.5799
54 94.6676 333.7155
55 249.3637 337.5733
56 227.5617 375.7736
57 239.7998 618.2225
58 134.8538 638.3941
59 278.1786 510.7549
60 294.6107 513.8444
61 263.7310 615.5168
62 271.4566 611.9814
63 125.6626 347.8435
64 263.7121 513.6865
65 198.4297 332.5774
66 191.6470 318.2851
67 165.4278 271.0978
68 109.8018 340.5398
69 179.9252 294.1079
70 111.0692 374.4442
71 96.1828 375.6376
72 317.0502 583.0011
73 299.3020 591.8264
74 285.4253 600.0356
75 283.8978 514.0950
76 268.0547 614.1579
77 275.4508 613.8006
78 272.7674 610.2751
79 286.5747 498.0664
80 294.8445 601.7259
81 308.0995 597.8632
82 323.3745 594.1878
83 323.1061 650.1757
84 322.0857 627.5762
85 321.6843 615.3343
86 321.5399 604.9702
87 321.8633 598.1578
88 290.9878 605.4058
89 288.8323 608.2626
90 285.7602 614.0860
91 282.7599 621.6596
92 256.0677 575.2788
93 99.3001 546.9032
94 324.2900 507.5134
95 282.2462 608.4095
96 279.1688 610.2898
97 302.6699 522.2207
98 273.0961 526.3679
99 298.8295 518.0749
100 235.4680 463.4270
101 207.7628 483.6390
102 257.7259 504.5869
103 120.5479 298.4987
104 135.4057 312.6125
105 152.5213 328.4777
106 273.9833 641.1379
107 238.6460 313.3928
108 227.1136 285.5553
109 214.5849 254.4166
110 169.4279 430.9434
111 128.6146 462.9991
112 246.7869 404.7596
113 139.2514 404.8757
114 263.4494 429.2520
115 272.0412 489.6382
116 110.2870 482.5076
117 144.7392 472.9224
118 170.6711 473.8528
119 205.9081 462.4122
120 230.8204 447.9314
121 249.2024 433.3194
122 283.4145 394.2746
123 121.7875 522.4989
124 121.8301 405.3408
125 313.9663 502.4414
126 258.6652 464.0629
127 80.2840 461.7667
128 261.9632 418.1082
129 256.5279 508.0990
130 152.3580 416.3182
131 268.7290 478.5973
132 112.4559 592.5079
133 245.4399 397.2958
134 281.2541 461.5140
135 185.2260 669.2540
136 187.9745 695.2751
137 101.4659 536.4213
138 158.4823 647.8378
139 90.6620 412.8406
140 275.7964 716.9986
141 316.8186 508.0897
142 244.8711 483.9433
143 106.0509 444.6588
144 184.2318 418.3431
145 200.7605 416.9499
146 271.4779 618.8465
147 132.9791 561.1086
148 317.3068 740.7213
149 249.6596 726.6002
150 220.5983 714.4257
151 279.7678 278.3979
152 362.7843 736.3042
153 216.8090 412.5684
154 231.3558 405.7808
155 240.6885 401.0109
156 107.0287 406.8424
157 226.7896 388.0078
158 209.5338 387.1216
159 193.3197 389.5872
160 177.5543 396.1690
161 167.9332 403.3456
162 76.6563 414.4454
163 172.8662 417.5336
164 329.0388 533.4217
165 270.2419 558.4436
166 277.1608 506.2789
167 304.2023 541.5003
168 295.6178 362.6737
169 214.2279 689.7169
170 243.5187 703.9392
171 314.9112 723.0904
172 161.2932 672.1683
173 239.5461 392.6877
174 276.8042 427.7854
175 360.5142 718.1651
176 281.1230 736.1431
177 115.0740 578.4904
178 305.0508 601.4440
179 303.0519 606.6291
180 301.5690 614.8301
181 300.3730 625.8711
182 295.9780 647.3045
183 280.1234 608.2599
184 274.4273 608.2108
185 268.2844 606.6015
186 244.9267 596.2643
187 162.3712 563.2511
188 273.5137 410.2592
189 257.8573 378.0685
190 247.0642 385.3042
191 283.3432 605.2161
192 165.6846 614.2748
193 272.7633 371.0611
194 286.9881 669.8493
195 308.5885 423.1673
196 287.7380 412.9218
197 304.6104 404.6705
198 270.6457 462.2002
199 356.9093 694.4481
200 352.5971 667.8797
201 319.7158 673.1081
202 235.8035 645.1609
203 243.9341 528.6587
204 259.3814 661.0765
205 201.1047 534.1799
206 230.6528 552.6193
207 190.5409 571.4012
208 315.6789 699.5827
209 261.8194 478.0163
210 219.1541 664.1032
211 248.5051 680.3810
212 217.6061 623.4844
213 143.1179 594.5884
214 192.4273 631.0690
215 132.0851 616.1735
216 220.6673 584.1397
217 268.1304 445.5512
218 279.7896 496.1140
219 269.2603 507.1909
220 284.2929 479.9806
221 238.7613 362.6135
222 205.8833 358.2703
223 179.5616 362.8482
224 158.5992 372.2314
225 145.0654 385.8977
226 139.3118 425.5358
227 91.0217 495.4025
228 158.7052 448.9695
229 178.4930 449.8254
230 203.2550 444.0617
231 226.5394 434.1107
232 244.2526 422.6007
233 256.0802 412.3482
234 89.7672 504.4898
235 271.0363 514.0814
236 280.3436 443.7775
237 292.2026 492.4078
238 304.6649 501.5119
239 293.6591 496.5637
240 277.9880 520.0817
241 308.1961 502.2775
242 310.8614 507.9662
243 252.7042 396.5265
244 264.3506 398.4276
245 270.3130 399.0235
246 162.4662 408.5593
247 151.5453 404.1824
248 325.3858 424.1767
249 431.9045 370.5644
250 339.7565 499.5671
251 485.0561 305.5654
252 382.5433 395.1461
253 401.8755 394.0646
254 419.2741 390.5575
255 439.3591 377.9863
256 365.2444 391.6587
257 396.6378 341.4351
258 377.4246 345.0701
259 415.0918 342.3578
260 428.7650 348.1859
261 456.7664 389.9601
262 427.5998 666.1470
263 436.8631 365.2502
264 509.5246 381.6277
265 474.8179 374.5020
266 410.3750 471.4184
267 357.8837 562.2958
268 357.7183 584.2080
269 381.4461 565.8690
270 397.4344 573.4673
271 374.1235 583.4550
272 387.3525 584.5127
273 428.2302 601.2911
274 337.5240 486.6697
275 336.5093 466.5503
276 454.3504 321.8892
277 363.9182 427.0640
278 378.0784 481.6120
279 377.2660 471.8662
280 464.1305 463.7828
281 330.7113 443.2511
282 409.1793 300.3436
283 434.6798 306.9939
284 461.0131 271.4348
285 330.5100 324.4986
286 361.1454 353.8116
287 438.1830 581.2458
288 526.9835 569.5436
289 366.1045 494.6588
290 352.6008 503.1269
291 416.0486 586.3934
292 407.4956 585.7469
293 443.1952 294.5614
294 379.8312 492.4622
295 375.2714 303.7158
296 376.4431 288.0609
297 379.1117 234.9644
298 452.6859 282.2922
299 376.7622 261.3934
300 463.9944 314.3177
301 475.1407 310.9121
302 358.5598 574.9717
303 377.4164 576.5402
304 392.4000 579.2550
305 362.0097 499.6195
306 411.6092 586.5333
307 405.4269 588.7964
308 405.4692 584.6908
309 355.3481 485.7899
310 383.3622 584.4478
311 370.2696 585.6344
312 355.3553 587.8908
313 373.8811 640.5792
314 369.0445 618.6860
315 365.7349 606.8040
316 362.1902 597.2609
317 359.0191 591.0324
318 388.5278 586.5433
319 391.7721 588.3841
320 396.8389 592.8170
321 402.0695 598.8349
322 409.3128 546.5480
323 525.7646 472.7815
324 396.9321 586.3421
325 400.6303 586.8383
326 348.4536 513.5347
327 375.3595 507.2854
328 350.4063 508.5598
329 385.7822 437.0288
330 418.3155 446.2616
331 381.7170 482.0003
332 427.6052 246.5050
333 421.7818 264.6793
334 413.9790 285.2179
335 415.3644 614.6192
336 332.3901 298.1374
337 331.0330 268.2107
338 329.2937 234.8637
339 432.8188 385.4753
340 479.2528 402.0002
341 353.8241 386.9450
342 450.1988 351.6578
343 348.5110 414.5133
344 365.6133 472.9708
345 501.1810 414.3589
346 469.3988 416.0465
347 447.2554 425.2988
348 411.7085 426.3944
349 383.9006 421.3995
350 361.9819 413.9792
351 319.1869 388.1848
352 505.4506 454.8768
353 465.3657 346.3327
354 332.7325 499.1968
355 365.7562 445.1188
356 513.7419 387.1924
357 345.1347 404.0008
358 383.1534 484.9837
359 442.5921 366.5845
360 363.7796 461.5659
361 530.1930 519.7499
362 352.2866 379.4886
363 347.4217 449.8193
364 499.7563 613.2367
365 503.2773 639.2688
366 524.6408 462.4361
367 514.8058 584.7024
368 492.1137 343.9097
369 437.2756 687.7838
370 331.2407 505.4052
371 385.0394 458.9275
372 491.5602 377.9685
373 415.8525 378.7928
374 400.1582 383.0798
375 410.8267 592.1186
376 508.8303 494.5992
377 406.1149 724.9586
378 461.3044 688.6247
379 482.3134 667.6672
380 383.8274 384.3414
381 368.2258 382.8816
382 357.9325 381.4927
383 477.9917 343.0286
384 366.1243 364.8805
385 381.3808 358.3714
386 397.2407 354.9940
387 413.9139 355.6930
388 425.1623 359.2836
389 501.8106 341.7921
390 425.5903 374.3619
391 390.4087 535.9458
392 365.9701 490.2521
393 354.5189 532.0624
394 481.7405 641.7290
395 460.9452 664.8379
396 404.4455 707.0209
397 516.9095 609.3025
398 356.2534 373.3412
399 337.5419 417.2287
400 437.1479 708.1007
401 527.1654 505.9954
402 375.2291 587.9697
403 379.0009 591.9352
404 383.5177 598.9985
405 388.2356 609.0516
406 397.8350 628.2522
407 398.9997 585.2092
408 404.5440 583.0182
409 409.5310 579.4233
410 426.5241 562.2665
411 485.7657 505.3948
412 333.2020 400.0308
413 334.8640 365.5300
414 346.6840 368.9127
415 394.6947 583.6151
416 499.1851 554.7012
417 319.5606 363.2919
418 412.7689 646.6297
419 323.0656 406.8056
420 355.3527 447.1524
421 384.5639 661.0447
422 450.0360 605.9954
423 402.0759 499.7859
424 434.2800 629.0005
425 443.3175 490.6849
426 423.4108 517.3896
427 465.2312 521.9491
428 396.7363 684.8996
429 368.2024 458.9989
430 470.2617 618.7576
431 449.9108 643.8622
432 459.0672 579.4437
433 511.1515 529.2195
434 482.6629 578.9939
435 525.7886 546.8728
436 443.2537 543.5567
437 351.0075 431.0312
438 361.0277 481.6622
439 373.5073 488.3143
440 352.0341 468.0376
441 347.4991 344.8772
442 376.0502 330.1124
443 401.2553 325.6831
444 423.0565 327.4060
445 439.2653 335.6350
446 456.8110 370.7439
447 519.5903 421.0322
448 448.5305 398.5833
449 431.5328 405.7414
450 407.3001 408.8189
451 382.4960 407.3591
452 362.3100 402.5550
453 347.9995 396.9693
454 519.3559 430.3212
455 373.6662 495.3067
456 340.9725 433.0823
457 349.2653 482.4218
458 340.3855 495.1776
459 348.9634 486.7062
460 369.2059 503.3071
461 337.9439 497.1715
462 336.6751 503.3235
463 345.5370 381.2853
464 335.7258 386.6935
465 331.0441 388.9972
466 431.7098 362.4001
467 439.4443 354.9143
