# Image: /home/yaroslav/Projects/Diia.AIContest-AdAstrum/fixtures/FLUXSynID-processed/00821837aa65/00821837aa65_m_live_0_a_d1.jpg
# Mode: stream
# Status: fail
# Errors: face_not_looking_straight_at_camera: Head is turned 179.1째 (max: 15.0째); head_is_tilted: Head is tilted 18.5째 (max: 10.0째); face_too_close_or_cropped: Face occupies 73.6% of frame (max: 70.0%)

# 2D Landmarks (index x y)
0 315.3034 640.8035
1 318.0778 554.1057
2 313.0080 583.3338
3 294.8063 478.5405
4 318.6216 529.3531
5 316.3031 498.8224
6 308.7132 428.5272
7 147.5908 431.0217
8 306.9843 371.8165
9 307.5750 341.4117
10 304.1215 259.5886
11 315.2964 652.6913
12 314.2193 661.9888
13 312.3093 666.1947
14 313.2208 672.4718
15 313.7031 682.0910
16 313.8543 694.5463
17 312.7263 707.9941
18 308.6372 731.7491
19 316.3269 568.0475
20 293.6525 568.7920
21 56.2428 363.3326
22 210.4382 450.8382
23 188.7293 453.1751
24 167.6428 452.7080
25 139.1681 440.6287
26 228.8754 443.9444
27 184.2421 387.4954
28 207.1073 389.0768
29 162.0429 391.9438
30 146.3262 401.7398
31 121.0891 458.6376
32 219.1997 770.5145
33 139.6392 424.8350
34 46.5396 457.0676
35 94.7780 444.1750
36 199.1550 546.9796
37 288.5957 637.9842
38 291.5234 662.9039
39 259.9711 648.6397
40 241.1238 661.1385
41 270.7185 666.6323
42 254.0043 671.5130
43 206.8334 699.3186
44 299.4605 553.8563
45 296.6774 530.2668
46 112.0551 378.7746
47 240.9533 486.5798
48 243.7548 554.4651
49 241.0136 542.7953
50 133.1485 547.3883
51 296.1587 501.8677
52 166.2917 345.4307
53 135.4371 357.6792
54 83.5373 320.5088
55 261.9253 362.6860
56 226.7487 397.5110
57 191.1940 678.4958
58 56.0134 676.5814
59 259.1903 567.4415
60 276.6745 574.3475
61 218.1823 680.6956
62 227.4525 678.5080
63 121.6242 345.1105
64 241.8181 566.8753
65 207.6697 344.7411
66 203.7882 327.6810
67 181.4898 266.6562
68 102.7047 333.0004
69 194.6949 296.9494
70 97.1114 371.9325
71 76.7949 369.3123
72 290.2139 652.5326
73 266.6119 659.7693
74 248.2003 666.7871
75 264.1218 572.2198
76 223.4720 680.0851
77 232.6671 681.7952
78 229.0361 676.7048
79 273.5783 556.1890
80 256.6865 670.5575
81 273.3086 668.2784
82 292.3791 666.7001
83 278.7815 732.1314
84 284.8168 707.1578
85 287.6328 692.9604
86 289.6635 680.6569
87 291.0660 672.7017
88 252.5777 675.1538
89 249.7668 678.0826
90 245.1335 684.3959
91 240.0286 692.5477
92 219.6425 633.4048
93 34.9351 563.9578
94 314.5704 574.6211
95 241.0497 676.7976
96 237.5228 678.4859
97 284.6991 585.1949
98 248.4254 582.7285
99 280.8574 579.9478
100 217.9911 501.8689
101 183.3202 518.5749
102 236.6491 554.9748
103 123.4356 287.0145
104 139.9650 307.4889
105 157.5552 329.6506
106 224.9024 712.1314
107 256.0012 333.1298
108 248.4682 298.3412
109 239.7495 259.4070
110 149.4945 448.9435
111 97.0178 476.9946
112 240.6760 436.6334
113 121.0984 411.7502
114 256.6256 469.7082
115 259.1208 542.7276
116 71.0527 495.0244
117 113.9750 491.8325
118 143.7104 498.7418
119 185.2364 493.5107
120 215.5316 482.6635
121 238.5771 470.3580
122 287.9583 434.7420
123 75.5717 543.1404
124 101.9874 409.4339
125 305.2422 567.1380
126 244.3945 508.5113
127 32.2241 462.1786
128 256.0364 456.1709
129 233.1234 558.2194
130 132.3236 427.1639
131 256.6757 528.7440
132 40.2085 619.0674
133 240.0084 427.8798
134 275.9532 512.3950
135 114.4994 724.2693
136 108.4093 753.7638
137 45.2721 553.8115
138 86.8171 694.0247
139 60.9654 410.3080
140 210.2603 795.8444
141 305.9262 573.7544
142 224.4777 527.8169
143 74.0247 450.8502
144 169.8537 438.1423
145 188.7528 439.9680
146 226.9554 686.6157
147 79.0114 589.8193
148 250.1257 829.4340
149 175.3702 801.3253
150 143.5271 782.1738
151 306.2435 302.4906
152 300.1851 832.6392
153 206.8911 438.3765
154 223.7774 434.1364
155 234.4237 430.8810
156 84.0519 407.9290
157 222.0205 412.8066
158 203.5523 407.0363
159 185.3340 405.5821
160 166.0972 409.3955
161 153.6359 415.7227
162 39.9692 407.5539
163 156.9374 434.6834
164 313.2830 601.8283
165 239.1990 617.7183
166 259.8417 562.4852
167 283.1817 605.9706
168 306.4099 401.7131
169 144.4037 753.3531
170 175.3569 775.1325
171 253.2601 810.1221
172 80.4055 721.4212
173 234.7453 421.5164
174 274.4443 471.9038
175 303.9878 812.6686
176 210.1639 817.8010
177 51.0197 604.9353
178 270.4861 673.2767
179 267.4087 679.0410
180 263.9962 688.4458
181 260.0402 700.8893
182 248.6136 723.7907
183 238.6627 675.5946
184 232.7582 674.2595
185 226.3877 671.0956
186 202.4355 654.6632
187 113.9866 599.2314
188 272.6984 450.5760
189 259.4157 409.2009
190 245.1248 414.1081
191 242.3493 672.6294
192 105.0810 657.8256
193 279.1924 405.4994
194 233.3315 746.6318
195 313.6053 474.4019
196 290.7711 457.5527
197 311.1370 451.9773
198 260.4756 509.8535
199 306.3975 786.2255
200 307.6936 756.4614
201 269.8728 756.5629
202 180.6847 707.8818
203 214.7602 578.5387
204 203.7012 730.9533
205 165.8660 575.2219
206 195.4599 602.6163
207 145.5888 615.0863
208 259.9866 784.8736
209 246.1546 525.4679
210 157.0915 725.7156
211 187.1822 749.9505
212 165.1095 679.6984
213 82.5025 630.1593
214 133.3883 682.8761
215 62.2092 651.8637
216 177.4665 635.7990
217 259.7538 490.0193
218 266.8595 552.3811
219 250.8523 561.5268
220 276.8271 534.9230
221 242.8478 386.6493
222 208.3670 373.0429
223 178.1648 371.4777
224 151.8333 377.8071
225 132.7199 390.7714
226 116.0757 435.8119
227 42.7214 504.6274
228 133.9750 467.2802
229 156.7576 473.0025
230 185.7096 471.7152
231 213.1766 465.6115
232 234.7330 456.6020
233 249.8001 447.8355
234 33.0941 513.0609
235 250.3245 569.3315
236 276.9269 491.4570
237 283.2112 551.3174
238 293.7635 564.2124
239 282.6044 556.3204
240 255.8153 577.3139
241 298.3133 565.8395
242 298.6777 572.3542
243 248.7197 428.6222
244 261.8425 433.9344
245 269.6553 436.4615
246 146.0524 420.6246
247 134.3987 412.4168
248 330.4323 478.9489
249 439.7761 440.0478
250 332.6393 568.8411
251 500.7703 376.8168
252 383.7853 456.1412
253 404.0027 459.1033
254 422.6766 458.8585
255 445.4551 449.1204
256 366.7439 448.7251
257 411.0741 397.1481
258 390.0132 397.1183
259 430.3187 402.6400
260 442.7975 412.7952
261 459.8889 465.7615
262 382.1979 767.4607
263 445.9430 435.1001
264 507.9864 466.6329
265 479.4915 452.7396
266 403.0008 546.9092
267 339.8887 636.2303
268 334.2283 661.2087
269 363.3919 644.0920
270 377.3205 655.0835
271 351.2009 662.8595
272 363.8106 666.2672
273 399.3822 693.7001
274 335.0764 554.2034
275 337.9973 530.5979
276 472.0135 391.7625
277 362.7187 488.0734
278 373.4461 553.6095
279 373.1519 541.7753
280 455.8773 548.5431
281 334.6326 502.2981
282 432.7120 358.3939
283 456.2619 371.2554
284 485.4330 334.1029
285 348.8862 367.2222
286 371.0366 403.9205
287 413.3733 672.2980
288 483.5757 677.7898
289 358.6499 566.4638
290 343.8784 573.5003
291 392.1548 673.3580
292 382.7018 671.4578
293 466.4906 359.6740
294 372.3978 565.2672
295 398.3602 354.5098
296 403.0095 337.6824
297 414.2912 275.4315
298 477.0362 346.2913
299 407.9377 306.3049
300 481.9586 385.3621
301 492.0564 382.5357
302 337.7576 650.6204
303 356.9623 655.4104
304 370.7579 660.9729
305 353.5459 570.9663
306 387.3559 672.8203
307 381.0604 675.8181
308 380.1222 670.0948
309 351.1095 556.4360
310 358.5612 665.5648
311 345.5968 664.8074
312 329.9702 665.0206
313 335.8772 730.7590
314 338.2836 705.8884
315 337.9093 691.5854
316 335.9742 679.3195
317 333.4120 671.3926
318 363.7198 670.7431
319 367.0881 673.8108
320 371.8228 680.0545
321 375.9462 688.1044
322 392.3688 629.0319
323 500.2891 570.2675
324 371.4822 671.5328
325 375.9981 672.7118
326 337.8282 584.1020
327 364.7138 580.2691
328 340.7672 579.1251
329 382.6821 503.3053
330 413.9078 519.9814
331 375.0311 553.5144
332 458.7229 299.2540
333 450.9515 320.1860
334 440.4295 342.9849
335 383.5613 707.7913
336 356.5842 338.7599
337 360.9161 303.0021
338 364.6717 263.9979
339 437.3865 456.2180
340 479.1438 483.4240
341 356.1439 441.0567
342 461.7193 422.7100
343 349.8877 471.2634
344 363.6662 542.8435
345 497.3821 501.4802
346 468.0360 496.6291
347 445.2779 502.1992
348 409.4996 496.4507
349 382.1759 485.4488
350 361.6471 472.7818
351 326.9182 435.9304
352 494.6091 546.7036
353 476.8858 420.3527
354 326.5159 567.3573
355 362.9097 509.0106
356 507.2925 472.6037
357 346.7850 458.4420
358 374.7661 556.5209
359 451.2528 437.3633
360 362.4521 528.7254
361 495.5403 623.3314
362 355.7055 432.5967
363 349.4294 512.7683
364 457.0184 721.0597
365 451.1895 750.4980
366 507.2571 559.1441
367 475.5356 692.5174
368 500.4902 421.7680
369 386.1774 792.5805
370 322.6197 573.7216
371 379.5309 527.7780
372 493.8640 459.7990
373 421.4913 445.6499
374 404.1028 446.7830
375 385.8681 680.5081
376 490.0221 591.3632
377 346.7237 827.7770
378 405.1655 797.3137
379 427.6571 777.7990
380 386.9765 444.7139
381 371.0442 439.6190
382 360.8795 435.8706
383 488.7438 419.1493
384 373.0133 419.0015
385 390.1950 414.6706
386 407.8718 414.2084
387 425.1551 418.8417
388 435.8198 425.5569
389 507.7762 420.0094
390 432.4726 442.9917
391 375.7681 614.2317
392 359.7359 562.1242
393 340.6677 604.4723
394 435.3460 749.2695
395 411.9321 770.9440
396 350.9536 808.5030
397 467.8122 720.0359
398 361.1644 426.7089
399 341.0645 472.9035
400 379.7643 814.6627
401 501.2932 607.8580
402 350.5314 670.5011
403 353.9889 676.2091
404 357.3896 685.6497
405 360.0662 698.2090
406 363.1057 720.8874
407 374.7614 669.1270
408 381.4484 667.5062
409 387.3997 664.0345
410 406.2223 649.0586
411 468.2323 599.0499
412 337.8561 452.0461
413 342.5041 412.8211
414 352.9764 418.7029
415 369.6779 666.6283
416 470.0202 656.1660
417 329.8300 407.5601
418 372.1667 743.3705
419 329.4160 458.2481
420 354.1941 510.1251
421 341.6173 754.8372
422 416.9908 703.4485
423 391.1461 576.5680
424 396.8011 726.7490
425 432.0517 574.9072
426 409.0826 600.4098
427 447.2212 613.6796
428 348.8285 783.2996
429 364.1258 525.2931
430 431.7191 721.7359
431 407.5076 745.9271
432 431.5578 675.1576
433 485.0798 630.2473
434 451.6911 679.8029
435 492.0265 652.8513
436 423.8091 632.3498
437 351.2738 490.7601
438 357.8061 552.6559
439 367.9620 560.8584
440 352.5790 535.3796
441 359.7065 392.0214
442 392.3842 381.4267
443 419.5920 382.2707
444 441.3830 389.4904
445 455.4490 402.6993
446 463.3997 444.9516
447 510.0744 512.5051
448 450.6019 473.4824
449 432.3758 477.6932
450 407.3119 476.2259
451 382.2251 469.6314
452 362.6922 460.1834
453 349.3937 451.0748
454 502.6243 521.6152
455 366.1055 567.9239
456 343.7102 491.8884
457 347.2613 551.8673
458 334.7746 564.4135
459 345.2046 556.6492
460 359.8480 575.5221
461 332.3738 566.2507
462 328.7501 572.4771
463 348.9612 432.9305
464 339.2354 437.0015
465 335.7211 438.7451
466 441.6641 430.7417
467 451.1788 423.4334
