# Image: /home/yaroslav/Projects/Diia.AIContest-AdAstrum/fixtures/FLUXSynID-processed/00fa4b687ee6/00fa4b687ee6_f_live_0_p_d1.jpg
# Mode: stream
# Status: success

# 2D Landmarks (index x y)
0 338.1191 574.1767
1 325.5946 500.9107
2 327.9517 526.4460
3 294.0829 442.5593
4 321.8044 480.0182
5 316.1063 455.1196
6 301.3647 397.9739
7 151.0284 433.1126
8 290.2290 346.4472
9 285.1459 318.8723
10 268.5360 242.0638
11 340.1496 584.8911
12 341.4318 593.9591
13 341.3932 598.6674
14 343.1951 608.1843
15 345.3264 617.3718
16 347.6478 629.2173
17 349.4190 641.7975
18 351.0398 660.3573
19 326.8614 512.6558
20 308.0216 516.9861
21 68.1041 381.7257
22 212.3327 439.3676
23 192.4500 445.2310
24 173.2875 447.6013
25 145.7850 441.8147
26 228.7506 429.8930
27 176.5148 388.7441
28 198.1204 386.4475
29 156.6863 395.8121
30 144.3660 406.3858
31 133.6125 457.8216
32 278.3294 703.4580
33 143.4227 428.9980
34 76.1983 465.2494
35 109.1783 447.9892
36 218.2179 517.3722
37 312.4048 576.2774
38 320.2728 598.4393
39 288.1064 590.3118
40 273.6644 604.4304
41 302.2582 604.8378
42 288.4188 611.7679
43 252.6856 644.4796
44 308.4434 503.8407
45 302.0765 484.7866
46 107.2826 386.3900
47 247.4902 460.1894
48 258.5846 514.9269
49 254.3672 505.9682
50 158.3815 529.5640
51 297.6743 461.4713
52 148.0807 349.9496
53 122.5342 364.6429
54 79.5312 339.7910
55 242.5695 349.3692
56 218.3999 390.1670
57 234.9970 628.0063
58 132.3191 644.3082
59 275.8918 522.5550
60 294.3372 525.2557
61 258.4292 625.4561
62 267.5828 622.1456
63 108.3462 354.2488
64 259.6628 525.7653
65 186.5466 343.3269
66 179.9190 327.5948
67 152.4445 273.6625
68 94.0480 346.8448
69 168.2121 299.7995
70 94.1256 381.6484
71 81.5269 382.8538
72 316.3997 588.7899
73 296.2010 598.9561
74 281.3636 608.2529
75 282.0995 525.7047
76 263.4015 624.2271
77 271.6692 625.9860
78 269.3019 620.3580
79 285.7154 510.0813
80 292.1423 610.4542
81 306.2262 606.1223
82 322.9979 602.0885
83 323.3108 664.9924
84 322.7836 645.1456
85 322.3519 631.8217
86 322.2166 619.6104
87 322.5370 611.5920
88 289.2277 617.8476
89 286.5639 621.3773
90 282.6666 628.2033
91 279.3217 636.2748
92 251.3827 584.7842
93 92.4962 555.3618
94 327.1391 518.3447
95 279.8493 619.9957
96 275.9942 622.1322
97 302.7823 532.9211
98 269.5384 537.7010
99 298.7883 529.1919
100 228.0547 477.1150
101 198.7675 496.9785
102 252.7951 517.0297
103 105.2775 303.1363
104 120.2305 318.2970
105 137.3668 335.9154
106 271.1141 653.7706
107 231.2410 323.4579
108 219.6927 290.5022
109 205.6967 255.1647
110 156.2422 447.2975
111 116.5471 476.2948
112 238.9365 421.3987
113 123.7051 416.6955
114 259.3713 443.0406
115 269.8859 501.9990
116 99.2588 495.0894
117 132.7300 486.6093
118 159.4648 487.5869
119 196.4598 476.5645
120 222.7806 462.4952
121 242.8293 447.8163
122 282.5597 407.7097
123 111.2513 534.8520
124 106.9463 416.0715
125 316.8676 513.7378
126 253.8691 477.2442
127 70.5918 470.7336
128 256.8144 432.4348
129 250.9040 520.2729
130 137.1615 431.1605
131 265.7992 491.2188
132 108.0091 599.6162
133 237.6065 414.0269
134 280.8731 474.0223
135 184.6395 676.8655
136 188.4769 700.3384
137 93.3087 546.9661
138 156.4033 655.8148
139 78.3856 422.0944
140 276.6371 724.5191
141 319.2362 519.1178
142 238.4503 496.8110
143 94.0355 456.3091
144 171.6891 436.2673
145 189.5173 434.7678
146 266.9203 631.1542
147 123.9173 572.7055
148 318.1118 745.2407
149 250.8714 731.5212
150 222.0171 719.3142
151 277.4055 281.7341
152 362.2974 740.5330
153 206.7725 430.1308
154 222.2095 423.0332
155 232.3393 417.9991
156 92.7230 416.5581
157 217.8565 404.9722
158 199.6053 403.9073
159 182.3653 406.1232
160 165.2662 412.2466
161 154.7136 419.2493
162 65.4272 422.9179
163 159.4409 435.0884
164 330.9320 541.9786
165 266.4950 568.1731
166 275.0191 518.2936
167 303.7097 550.6437
168 295.4086 373.9388
169 214.6594 697.1154
170 244.1847 711.1108
171 315.9560 730.8787
172 160.3349 677.4047
173 231.4340 409.5283
174 275.3110 441.0159
175 361.2729 725.5621
176 282.2799 740.9660
177 108.9728 588.0113
178 304.3064 614.6200
179 302.0019 620.7263
180 299.9776 630.4322
181 298.6871 642.5091
182 294.3096 661.4418
183 276.3335 617.6101
184 269.7322 617.3014
185 262.9975 615.4690
186 239.8916 605.4939
187 153.1276 575.4119
188 271.0564 423.9175
189 251.0466 392.6454
190 239.2266 400.7774
191 280.1640 614.2368
192 160.2970 624.5555
193 269.1157 383.9727
194 285.5898 681.9045
195 311.0880 435.4575
196 288.1247 426.1139
197 306.4583 417.4199
198 267.4783 475.1197
199 358.4460 704.7595
200 354.5257 680.8030
201 319.8538 686.1149
202 233.3797 655.4877
203 238.1959 540.4822
204 257.3275 672.0370
205 192.7224 546.9570
206 224.6198 564.0444
207 182.8985 583.3198
208 316.3834 710.2275
209 257.1823 490.8148
210 217.6416 673.6206
211 247.6092 689.9089
212 213.7134 633.3935
213 136.3347 605.1576
214 188.7672 641.1157
215 128.1718 624.8062
216 214.9650 594.4560
217 264.8120 458.8726
218 278.5573 508.2535
219 266.2404 519.2908
220 284.8333 491.9027
221 229.9428 376.4127
222 194.3613 370.4491
223 165.6421 373.7812
224 142.8446 382.5535
225 128.3261 396.5428
226 125.1414 438.9634
227 81.7959 506.3800
228 145.7584 463.6846
229 167.1136 464.8533
230 193.1844 459.6566
231 217.7419 449.9438
232 236.7845 438.2354
233 249.4519 427.6628
234 81.1150 513.3666
235 267.9327 525.9996
236 279.5888 456.5981
237 293.5061 504.3267
238 306.5044 513.1759
239 294.2465 508.4454
240 275.2653 531.6707
241 310.6090 513.7723
242 312.8594 519.1931
243 245.4010 412.7175
244 258.3873 413.3292
245 265.9480 413.1126
246 148.4883 424.3748
247 135.7036 417.3984
248 328.7477 436.1210
249 440.7475 380.8011
250 343.1512 510.3425
251 484.0605 308.2567
252 388.9260 407.4633
253 408.9146 405.9486
254 426.6654 401.4147
255 447.4456 387.1034
256 370.9180 404.3728
257 403.7436 348.8010
258 383.2952 354.0762
259 423.7331 348.5406
260 438.0247 354.2275
261 463.0873 397.8217
262 427.4030 673.5830
263 445.5374 374.6266
264 506.7358 387.2190
265 479.0690 380.9033
266 416.3491 479.9526
267 361.8927 566.4448
268 361.7048 590.1366
269 387.2158 570.0189
270 403.3074 578.0624
271 378.9823 589.2446
272 392.0156 590.7122
273 431.6046 608.8001
274 341.7653 497.6008
275 341.0956 477.5896
276 462.7152 323.7615
277 368.3981 437.8561
278 384.7856 490.9284
279 384.0682 481.2391
280 470.5324 470.8964
281 334.7777 454.6030
282 417.8265 303.6807
283 443.8942 308.7954
284 463.6250 272.5922
285 334.4473 333.5570
286 366.2439 364.3907
287 441.5766 586.9601
288 512.0579 572.0363
289 371.6198 504.3338
290 356.5691 513.2350
291 421.0210 592.6418
292 411.2194 592.8806
293 451.7030 294.7727
294 386.2457 501.4938
295 382.5029 309.8639
296 383.1172 292.9358
297 382.9538 233.7637
298 458.2866 283.0844
299 381.6785 263.1245
300 470.7929 315.2968
301 478.0139 312.8525
302 362.6810 579.4514
303 383.1005 581.1218
304 398.0193 584.4109
305 367.0456 509.3284
306 416.1659 593.1907
307 410.4270 598.0042
308 408.4578 592.0303
309 360.8420 496.0447
310 387.1586 591.1532
311 374.1158 592.3299
312 358.7723 594.7709
313 377.2648 654.2564
314 374.2429 634.8945
315 370.9059 622.1103
316 366.6318 610.7644
317 362.7088 603.5528
318 392.2831 596.9788
319 396.3054 599.1891
320 402.4183 604.1609
321 408.0094 610.4652
322 414.5225 552.6022
323 514.2253 477.4536
324 399.9838 595.6578
325 404.8180 596.1132
326 352.2027 523.1285
327 381.0249 515.9508
328 354.2261 518.4715
329 391.3526 446.8633
330 424.5742 454.7777
331 388.2878 491.0383
332 431.8365 246.4044
333 428.0561 265.1013
334 422.1395 286.9967
335 418.7886 624.1146
336 336.2248 305.5394
337 333.1134 271.0015
338 330.3396 233.5027
339 440.7830 395.3898
340 483.8480 409.0166
341 358.9313 399.9066
342 458.0683 357.1264
343 352.1555 426.0390
344 372.0299 482.9275
345 503.0957 420.7992
346 475.4315 423.3413
347 453.8283 433.0997
348 417.8982 435.5882
349 389.4495 431.9179
350 366.4652 425.3286
351 321.3923 400.7674
352 507.4068 461.0263
353 471.3003 350.7342
354 336.2497 510.1556
355 370.6529 455.4325
356 505.9865 392.0030
357 348.9745 415.7791
358 389.2961 493.8005
359 451.1393 374.6477
360 369.9953 471.5464
361 516.4059 523.2944
362 356.8561 392.6504
363 352.4847 460.5905
364 491.2109 617.0117
365 490.4183 640.9836
366 519.5601 467.9462
367 505.7973 588.5867
368 491.8534 348.1044
369 434.2488 692.7692
370 334.2766 516.1817
371 390.6308 468.2229
372 493.4953 384.0239
373 424.4343 390.4861
374 407.8660 395.3448
375 416.2060 601.0333
376 508.8866 500.3358
377 403.3798 728.2773
378 453.2968 690.8227
379 471.5801 669.5715
380 390.5936 396.9435
381 374.1697 395.7834
382 363.1398 394.6362
383 481.9729 346.9004
384 371.3115 377.7541
385 387.1531 370.7298
386 403.6848 366.6332
387 421.2132 366.2923
388 433.0808 369.2022
389 497.1149 345.8752
390 434.5121 385.3424
391 395.7505 542.6700
392 371.8188 499.9521
393 358.4498 539.7361
394 474.3265 645.6883
395 455.3045 668.9483
396 403.5884 713.3422
397 502.7245 611.2974
398 360.9562 386.4874
399 341.0058 428.9910
400 431.8948 710.7805
401 519.9265 510.8599
402 379.1838 599.6094
403 383.7341 604.2634
404 389.2849 612.5601
405 394.1679 623.3483
406 401.5657 640.0185
407 403.2262 591.7380
408 409.5921 588.7730
409 415.0360 584.6415
410 430.9977 567.6933
411 488.8779 511.7897
412 336.1004 412.0457
413 339.0070 377.2203
414 351.1141 381.0806
415 397.9831 590.3159
416 496.7120 559.9917
417 321.9264 374.6090
418 414.4659 656.0221
419 325.7283 419.2403
420 360.5631 457.7274
421 387.0059 672.6741
422 450.0519 612.5544
423 407.6613 507.7689
424 434.9166 636.5639
425 449.1210 498.4905
426 428.5518 524.7141
427 468.9532 528.6630
428 397.9474 693.9877
429 373.9694 468.8417
430 467.1059 624.4375
431 447.8409 649.8898
432 459.9253 585.2222
433 508.4184 534.4858
434 480.7381 584.4477
435 516.6587 551.1598
436 447.0994 549.5398
437 355.3158 442.1413
438 366.8831 491.7828
439 379.9659 497.7138
440 357.4239 478.5506
441 352.7058 354.9767
442 382.7064 337.5888
443 409.6418 331.1233
444 432.3398 331.6289
445 448.6766 339.9064
446 463.2910 377.7934
447 515.8310 426.8956
448 455.6419 407.0400
449 438.0947 415.0880
450 413.6670 419.2649
451 388.2912 418.8202
452 367.3107 414.5722
453 352.3865 409.1893
454 509.7553 435.1045
455 379.6149 504.5373
456 345.1926 444.4525
457 354.1960 493.0822
458 344.1915 506.1319
459 353.7980 497.3387
460 374.6213 512.4752
461 341.7396 508.0462
462 339.9684 514.1073
463 350.0271 394.1187
464 339.5689 398.9309
465 334.3766 401.0241
466 440.1123 371.9993
467 448.5468 361.4596
