# Image: /home/yaroslav/Projects/Diia.AIContest-AdAstrum/fixtures/FLUXSynID-processed/00054d45f524/00054d45f524_f_live_0_p_d1.jpg
# Mode: stream
# Status: fail
# Errors: face_not_looking_straight_at_camera: Head is turned 174.0째 (max: 15.0째); head_is_tilted: Head is tilted 19.3째 (max: 10.0째); face_too_small_in_frame: Face occupies only 47.4% of frame (min: 50.0%)

# 2D Landmarks (index x y)
0 293.4991 626.9155
1 299.4667 563.3242
2 296.8969 584.0525
3 290.4434 492.1835
4 301.8455 541.6026
5 304.7194 513.3466
6 311.6497 447.0832
7 173.1212 429.6185
8 317.2837 398.8865
9 320.7529 371.7999
10 331.4904 277.2494
11 292.5489 636.6979
12 291.6249 643.8614
13 291.2045 646.3751
14 291.2952 647.9768
15 290.6532 655.6193
16 289.6469 665.7383
17 288.2551 676.9471
18 285.1449 696.9788
19 298.0334 574.3591
20 280.3121 571.0655
21 116.0927 351.4005
22 226.3067 453.3888
23 207.0943 452.9907
24 189.1463 450.2321
25 165.9225 436.9307
26 243.0480 449.8944
27 207.5718 401.7060
28 227.3909 405.0724
29 188.4374 402.6027
30 174.7081 407.8430
31 149.8754 449.0613
32 209.3672 724.6645
33 167.1044 423.7902
34 97.3140 436.6172
35 130.5878 434.0527
36 205.1209 535.1026
37 269.9673 621.3964
38 270.8702 641.5334
39 244.6618 625.1156
40 227.9549 631.3959
41 252.8899 640.7047
42 238.4086 641.2053
43 201.5613 658.2796
44 283.2895 561.2538
45 283.2551 540.0706
46 147.9840 383.4081
47 248.6684 488.3409
48 238.6172 551.0148
49 238.6640 539.6094
50 148.0575 526.9947
51 287.0461 513.9107
52 195.7857 365.4608
53 168.2021 370.0370
54 138.4512 316.3353
55 277.5738 390.0654
56 244.3266 413.0345
57 188.4218 638.3832
58 97.0934 624.3756
59 251.2778 563.9362
60 266.9774 571.6599
61 209.1253 640.3618
62 217.3164 639.9570
63 159.2491 355.7472
64 236.9183 559.6938
65 231.5967 370.5373
66 230.1773 353.1992
67 220.5186 275.7084
68 149.2541 335.2835
69 227.6581 313.1439
70 137.7008 373.7766
71 126.8478 363.4922
72 269.9767 633.2684
73 249.3556 634.8501
74 233.4080 636.6823
75 255.9851 567.9052
76 213.4481 640.3519
77 221.6986 643.9761
78 219.2180 639.2482
79 262.4473 558.8604
80 241.9237 640.1016
81 256.3088 641.7419
82 272.7735 644.0231
83 260.1441 694.7106
84 265.0277 673.6915
85 267.4653 661.7377
86 269.6396 651.9775
87 271.7822 645.7793
88 239.0770 642.0622
89 236.4094 643.9832
90 232.2737 648.7577
91 228.1485 655.3786
92 213.5550 607.8485
93 87.2044 525.6860
94 297.5264 578.4077
95 229.6570 641.3382
96 226.0889 641.8473
97 272.8081 581.3182
98 242.6111 572.3589
99 269.9873 576.6969
100 227.1719 498.2957
101 194.7694 508.3684
102 234.4946 548.1700
103 171.5685 290.2489
104 181.3520 317.3789
105 190.8651 348.3700
106 216.4696 671.8696
107 274.8395 362.3624
108 274.2633 317.0555
109 272.1126 272.4903
110 173.8954 445.0221
111 128.5818 461.9077
112 254.0713 445.4682
113 153.4190 411.0970
114 263.7072 476.0356
115 251.4457 544.8326
116 107.4011 474.1945
117 139.9421 476.9790
118 163.7179 486.5341
119 200.2133 486.8644
120 227.7708 481.2477
121 249.0213 473.4709
122 292.6894 450.7640
123 105.7118 516.2350
124 138.2668 406.8003
125 288.5442 572.3895
126 248.4695 508.4447
127 92.4675 436.4843
128 265.2899 463.5523
129 232.5986 549.2099
130 161.4644 425.3428
131 252.1701 531.0700
132 88.5587 573.9866
133 254.8035 437.5815
134 269.5054 520.2018
135 132.8983 673.1135
136 132.1507 695.8202
137 88.1639 520.8272
138 111.9885 644.4918
139 111.9026 397.1822
140 203.2659 744.0444
141 290.0152 576.8838
142 229.5612 521.7700
143 114.5732 436.8131
144 191.3034 437.8986
145 207.6903 441.3715
146 216.9194 647.7704
147 105.4386 556.6214
148 235.1920 773.0052
149 180.8085 743.4650
150 158.0768 724.0799
151 326.3130 324.0702
152 274.3109 779.8901
153 224.0304 442.0132
154 239.6038 440.4467
155 249.6604 439.2893
156 125.5291 401.9591
157 239.7328 421.6248
158 223.9295 414.2870
159 207.5657 411.0805
160 190.2709 412.5202
161 179.0003 417.0074
162 101.8079 389.1350
163 180.3680 433.6785
164 295.9250 597.1708
165 231.9155 598.6208
166 251.3103 560.9526
167 269.4351 596.2611
168 314.1965 422.7692
169 155.7091 701.2441
170 178.4136 722.9165
171 235.6559 760.1705
172 112.4726 664.9228
173 250.4198 431.1331
174 276.3617 482.1969
175 276.4994 766.3323
176 205.8040 760.2127
177 90.0692 565.1751
178 254.1399 643.3724
179 251.1219 647.7249
180 247.8725 655.1518
181 244.5129 665.5830
182 235.6925 684.5186
183 225.6067 640.7087
184 220.3691 638.9434
185 215.2278 635.6944
186 197.2558 621.4481
187 129.0023 568.9777
188 278.6729 462.1079
189 272.3646 424.6959
190 259.5010 427.4742
191 229.7782 638.6768
192 122.4724 616.6787
193 289.4401 424.0395
194 221.7707 704.7034
195 307.1278 490.5017
196 291.0355 472.3972
197 309.2952 469.5030
198 259.5739 513.6045
199 279.2806 746.0832
200 282.4018 720.1931
201 250.5734 716.9950
202 181.9961 665.4724
203 215.7085 563.4497
204 199.7590 687.9260
205 172.4151 555.1485
206 196.1501 580.8538
207 152.7513 585.7755
208 240.8039 741.1244
209 246.7529 524.2359
210 163.9734 679.3310
211 186.5364 703.3980
212 168.7525 639.5647
213 107.2381 591.1429
214 144.5950 640.2964
215 96.2931 606.3301
216 178.2682 604.8448
217 262.7957 495.1644
218 256.6585 554.8854
219 243.6012 558.5099
220 266.4098 541.4470
221 258.9720 406.9583
222 229.5070 393.6437
223 203.1743 388.9125
224 180.3737 389.4846
225 163.4352 396.3139
226 148.1920 429.7382
227 89.7868 477.9634
228 159.2910 458.4821
229 178.2648 466.0933
230 203.1720 468.5201
231 227.5423 466.4058
232 247.2247 461.3037
233 261.0086 455.5032
234 89.3762 480.8768
235 243.5656 563.6038
236 274.4559 500.6176
237 270.1368 557.1253
238 279.7156 568.0593
239 269.8791 560.4879
240 248.6089 569.9724
241 282.9059 570.3573
242 284.1975 574.7123
243 261.6251 439.7305
244 272.6518 445.1592
245 278.5471 448.5186
246 172.3793 420.5717
247 163.9549 414.0786
248 322.9296 495.5984
249 447.9112 459.4116
250 315.5222 574.4250
251 517.0334 394.8346
252 391.0675 471.0872
253 410.0948 474.6633
254 428.1124 475.5468
255 452.8634 467.7531
256 375.4537 464.1738
257 421.1897 425.5469
258 400.8928 424.3289
259 439.6236 430.5067
260 451.4835 438.3786
261 465.3283 482.1707
262 351.0594 737.9742
263 454.6420 455.3177
264 515.4295 480.3599
265 486.6001 471.4915
266 395.4255 553.9929
267 317.7760 625.5355
268 312.5758 645.0996
269 341.8165 633.2311
270 356.8171 641.8379
271 330.4311 647.1544
272 344.3317 649.6638
273 375.1254 673.1827
274 315.5096 564.3649
275 320.2460 543.6284
276 483.3866 420.2232
277 362.4920 500.0264
278 359.4396 562.6369
279 361.5141 551.5188
280 451.4162 557.1941
281 321.8943 517.4538
282 442.7610 393.6737
283 467.8051 403.6687
284 505.5723 356.5465
285 357.9835 399.4093
286 382.6082 428.3372
287 392.0624 656.1612
288 470.0144 661.3660
289 344.5363 572.7280
290 328.0452 577.4926
291 372.8184 653.6386
292 364.6837 651.7351
293 479.6141 391.6692
294 358.9808 571.3286
295 407.1590 390.6751
296 413.0379 374.1840
297 438.6874 299.8922
298 492.6022 373.0448
299 424.4315 335.2519
300 494.9168 412.9001
301 506.0592 404.6644
302 315.4748 637.1826
303 335.3381 641.8985
304 350.5076 646.1378
305 339.2596 575.7029
306 368.5708 652.7224
307 359.8368 655.1764
308 362.5274 650.8332
309 335.4343 565.7052
310 340.7007 648.0171
311 326.3075 647.4535
312 309.7618 647.1206
313 310.2087 699.2799
314 311.7793 677.7302
315 312.3185 665.6505
316 311.9472 655.7921
317 310.9799 649.1685
318 343.2904 650.5140
319 345.6497 652.9079
320 348.6689 658.3558
321 351.1451 665.6802
322 374.0781 622.3760
323 501.1028 567.9609
324 352.3529 651.3146
325 355.9355 652.3462
326 320.7824 585.7460
327 350.8516 582.5376
328 324.2115 581.8042
329 381.2131 513.9638
330 410.9110 530.0989
331 363.5319 560.6185
332 481.2249 324.2592
333 467.2174 349.2035
334 451.5576 377.9276
335 357.7021 684.2558
336 367.8675 373.1886
337 378.7049 328.8040
338 390.2104 285.5435
339 443.6457 473.7457
340 482.5681 498.4885
341 365.7804 457.6465
342 471.0751 445.5769
343 350.8664 485.0894
344 348.9364 554.3014
345 499.0193 514.3828
346 469.0185 510.6079
347 444.8175 515.0049
348 409.7830 508.3178
349 384.0606 497.4061
350 365.1422 485.6367
351 329.1809 454.6240
352 491.4735 555.1152
353 486.3060 444.1043
354 307.7800 574.2292
355 358.5126 519.6256
356 517.4395 481.1504
357 351.7198 472.8269
358 364.6960 561.9018
359 459.5945 457.8584
360 350.6709 540.7278
361 488.7109 614.4531
362 366.7004 449.9146
363 337.0864 526.9476
364 431.3425 701.7005
365 424.6206 723.9462
366 504.0020 563.1097
367 455.7152 677.9403
368 511.4024 439.6373
369 351.5065 758.0764
370 305.0619 578.2748
371 373.9090 536.1302
372 500.6578 477.2614
373 428.7902 463.5594
374 412.0693 463.4817
375 363.7043 659.7540
376 482.4719 594.2630
377 313.3972 780.5874
378 370.6362 761.4944
379 395.4838 746.6747
380 395.8054 460.5933
381 380.9317 455.6641
382 371.4305 452.6010
383 498.9865 441.7984
384 384.8212 437.7948
385 401.6879 434.2112
386 418.3582 434.7185
387 434.8820 439.7034
388 444.8046 446.2928
389 520.7181 433.8604
390 440.2128 461.7466
391 357.5063 610.1027
392 345.4283 569.8311
393 322.0235 601.0428
394 404.5476 724.9051
395 378.9005 741.8542
396 317.3085 767.9381
397 447.8856 697.7074
398 372.3899 444.6019
399 338.0694 488.6144
400 344.2156 773.4278
401 492.0015 605.4509
402 328.7056 649.6416
403 330.9259 654.3722
404 332.5703 662.2448
405 333.3141 673.1933
406 336.3581 693.5214
407 356.7336 651.2302
408 362.3671 650.3931
409 368.0998 648.0677
410 387.2466 638.2529
411 459.5380 601.5352
412 339.8547 468.5550
413 353.3988 433.8019
414 364.4856 439.1452
415 352.7533 648.5955
416 454.2564 649.0457
417 337.7894 429.4633
418 344.2635 715.9258
419 326.3184 476.0651
420 347.0878 522.3407
421 314.0878 722.9573
422 390.6122 684.5552
423 378.9725 579.1262
424 368.7366 703.4301
425 423.1383 579.7681
426 395.2384 599.9860
427 435.1073 613.2904
428 317.6745 748.4047
429 356.5682 535.1926
430 403.3040 701.7772
431 377.0007 721.1439
432 409.1449 661.6593
433 472.9627 627.3242
434 430.0009 667.5554
435 477.5809 644.0240
436 407.9456 626.3955
437 347.8444 503.8639
438 341.9239 563.0190
439 353.2840 568.9477
440 335.7310 548.2821
441 370.6486 419.5002
442 402.5597 413.0488
443 429.4486 414.2450
444 451.2375 419.7328
445 465.5087 429.7240
446 471.3344 464.2471
447 512.5916 521.7318
448 454.6376 489.2501
449 435.0482 492.6439
450 410.5177 490.1638
451 387.0820 483.0579
452 369.2103 474.2795
453 357.2288 465.8148
454 509.4008 524.5055
455 351.8371 573.8987
456 336.1990 506.9559
457 328.9612 562.7080
458 317.0567 571.5631
459 328.1736 565.9609
460 345.6709 579.2050
461 313.7468 573.3038
462 311.1609 577.3312
463 359.8340 450.6692
464 348.3573 453.6113
465 342.4842 455.5714
466 450.3587 451.2237
467 460.1038 446.5836
