# Image: /home/yaroslav/Projects/Diia.AIContest-AdAstrum/fixtures/FLUXSynID-processed/00054d45f524/00054d45f524_f_doc.jpg
# Mode: stream
# Status: fail
# Errors: face_not_looking_straight_at_camera: Head is turned 178.3째 (max: 15.0째); head_is_tilted: Head is tilted 21.1째 (max: 10.0째); face_too_small_in_frame: Face occupies only 47.6% of frame (min: 50.0%)

# 2D Landmarks (index x y)
0 311.2768 635.9621
1 308.0417 573.5430
2 308.8857 593.5128
3 290.0974 502.6311
4 307.4219 551.6545
5 306.6202 522.5226
6 305.4318 453.6464
7 170.2631 454.1876
8 304.9298 404.0081
9 304.7261 376.2895
10 303.1185 280.9975
11 311.6706 645.4557
12 311.8457 651.9810
13 311.9406 653.9389
14 311.8700 656.9179
15 312.1332 663.9305
16 312.4084 673.3155
17 312.5309 683.9048
18 312.5418 703.5846
19 308.1925 584.4484
20 289.8206 583.0531
21 102.2215 384.0796
22 225.3524 469.7161
23 206.5869 471.9862
24 188.4864 471.9070
25 163.9818 462.4574
26 241.0554 464.1114
27 199.3395 422.4093
28 218.8889 422.5473
29 181.1978 426.2322
30 168.8189 433.4133
31 149.0425 476.6735
32 242.3438 741.0302
33 163.5182 449.6648
34 93.7089 471.7252
35 127.4843 464.8397
36 212.9108 554.7520
37 286.8863 633.6816
38 290.9171 652.3559
39 262.3840 640.1455
40 247.1913 647.9891
41 272.9331 653.7025
42 258.9113 655.9115
43 225.3985 676.8717
44 291.5861 573.6708
45 288.7264 552.4433
46 139.0412 413.8733
47 249.8653 502.1941
48 245.7317 567.4220
49 244.7335 555.7549
50 156.2838 553.7810
51 289.1792 525.4295
52 182.3879 389.1274
53 156.7255 397.9093
54 119.4519 346.4640
55 265.1105 400.7500
56 236.4998 427.6995
57 209.6108 659.7029
58 116.2199 659.0650
59 259.8244 578.7120
60 276.4301 584.5370
61 230.0709 659.0185
62 238.0802 657.8492
63 145.9605 385.1017
64 245.1007 575.8947
65 217.5606 388.3083
66 213.6011 371.3875
67 193.7245 295.0522
68 132.9130 365.0538
69 205.6090 331.8283
70 127.4093 405.4667
71 114.8301 395.7496
72 288.6604 644.9665
73 268.5320 648.7912
74 253.3671 652.3609
75 264.8345 581.8909
76 234.3151 658.6149
77 242.8742 661.1697
78 239.9473 657.0416
79 270.5320 573.2582
80 262.2826 654.2403
81 276.5493 653.8653
82 293.3424 654.0778
83 287.9006 704.7745
84 289.4486 683.8984
85 290.2073 672.3602
86 291.0021 663.2702
87 292.3202 657.3041
88 259.7184 657.6446
89 257.3787 659.5781
90 254.0051 664.3853
91 250.7800 671.0361
92 229.6896 626.8095
93 94.6188 561.5478
94 308.4510 588.1989
95 250.4790 657.9861
96 246.8756 658.7328
97 283.7667 593.6462
98 252.3307 587.5872
99 280.1465 589.3478
100 230.3692 514.7620
101 200.1357 529.0685
102 241.7111 564.5238
103 147.9734 316.1526
104 161.3929 342.9203
105 175.0622 372.9147
106 241.8811 688.0430
107 258.4567 373.6339
108 251.7592 328.9826
109 243.8302 284.6900
110 172.9215 469.0984
111 128.9143 492.3526
112 250.9330 458.5119
113 148.1543 439.6918
114 262.9230 488.2630
115 257.9091 560.4740
116 108.9610 507.5484
117 142.4750 505.4184
118 167.2335 511.3513
119 203.2954 506.6914
120 229.4182 497.4100
121 248.8959 486.9746
122 287.5238 459.7977
123 112.3897 549.3143
124 132.0075 437.3998
125 298.3950 583.7811
126 251.6097 522.6995
127 89.2201 471.7040
128 263.3121 475.2760
129 240.2717 565.4174
130 158.2238 452.0466
131 257.1175 546.1472
132 101.3798 609.7598
133 250.4146 450.7258
134 272.8643 533.5981
135 158.3465 701.7800
136 160.6128 725.1547
137 94.5345 556.8728
138 133.5310 676.7323
139 103.7535 430.7262
140 238.4544 761.5158
141 300.5272 587.7449
142 234.8993 538.2609
143 111.3869 469.7918
144 189.3890 459.4613
145 205.9285 460.5048
146 238.7706 665.2719
147 116.5878 589.6311
148 273.7025 786.2920
149 215.9037 764.9435
150 190.4641 749.0714
151 304.0553 328.5419
152 313.5904 787.6688
153 221.8592 458.8020
154 236.6130 455.1770
155 245.9346 452.8257
156 118.3719 434.1542
157 233.5391 436.9925
158 217.0186 432.1229
159 200.6772 431.5309
160 184.2173 435.5749
161 174.0110 441.5943
162 92.6425 423.3466
163 177.9966 456.9730
164 309.7857 606.4017
165 245.8081 615.3592
166 259.5185 576.0174
167 282.9045 608.7354
168 305.0485 428.5586
169 185.2324 726.2064
170 210.9116 744.3339
171 272.6206 772.8476
172 136.7490 697.4615
173 245.2152 444.9632
174 275.5287 493.6061
175 313.5812 773.0524
176 242.9089 777.8748
177 101.4877 600.9900
178 274.5587 657.1672
179 272.2161 661.4466
180 270.1045 668.6243
181 268.2335 678.7061
182 262.4027 697.9760
183 246.3382 657.2833
184 240.9270 656.2476
185 235.4350 653.6611
186 215.7992 642.1400
187 141.8657 598.4169
188 275.5544 472.7391
189 265.3534 435.5870
190 253.4086 439.9895
191 250.1805 654.6933
192 140.9230 646.9907
193 281.2641 433.0422
194 251.9237 719.4675
195 306.2189 498.7717
196 288.3679 482.1912
197 305.8554 476.9557
198 262.8011 527.1736
199 313.4438 752.0580
200 313.0238 726.1459
201 281.8558 727.6100
202 207.0690 686.6714
203 225.9594 581.7436
204 227.8296 705.9677
205 183.3475 579.0230
206 209.6289 601.7077
207 167.6644 611.9796
208 275.4430 752.7746
209 251.4604 538.9893
210 190.8921 702.8680
211 216.5683 723.2514
212 190.3346 663.3123
213 122.4429 623.9166
214 166.1263 667.2115
215 112.7877 641.1510
216 195.2686 627.8103
217 263.9280 507.9477
218 264.2728 570.0062
219 251.5334 574.4453
220 272.2490 555.8117
221 249.8634 419.8472
222 219.2174 411.2153
223 193.2174 410.7313
224 171.4226 414.8722
225 156.1925 424.1160
226 145.0354 458.2580
227 91.3355 513.9519
228 159.8119 484.4746
229 179.3869 489.1525
230 204.2366 487.9791
231 227.8656 482.4768
232 246.1516 474.9187
233 258.6665 467.6140
234 91.6392 516.4124
235 252.0552 579.1801
236 275.6552 512.8113
237 277.9451 571.1192
238 288.8846 580.4364
239 278.1781 574.2303
240 257.8444 584.6765
241 292.4279 582.4621
242 294.2478 586.2108
243 257.3206 451.9881
244 268.4123 455.9741
245 274.1797 458.7704
246 168.1238 445.9713
247 159.2945 441.0252
248 322.7163 501.5321
249 441.4832 445.0830
250 326.7532 581.4568
251 507.0093 370.3255
252 386.9206 464.2839
253 406.1712 465.2225
254 424.4090 463.7403
255 448.1279 452.7416
256 370.6786 459.7755
257 411.6213 415.1388
258 391.5423 416.4740
259 430.2925 417.8886
260 442.9077 424.2696
261 463.8072 465.3598
262 384.2952 735.1665
263 447.9846 440.1924
264 518.3312 455.9417
265 484.8505 451.7087
266 404.2446 547.4567
267 335.9142 631.4625
268 333.3309 650.3309
269 361.4050 635.5239
270 377.5215 641.5579
271 351.8294 649.9448
272 366.1698 650.4420
273 400.0078 668.4814
274 324.4033 572.2357
275 326.2565 550.9103
276 472.9306 402.0080
277 363.7287 498.1466
278 370.0175 562.6237
279 370.5334 550.9328
280 461.0178 541.9776
281 324.3657 524.1306
282 428.6884 380.4189
283 454.8026 387.4798
284 489.3480 333.9864
285 345.1793 397.7626
286 373.9298 422.9777
287 415.1425 650.0683
288 500.5425 643.7874
289 356.5670 574.7835
290 340.4889 582.0095
291 395.1606 650.6293
292 387.0100 650.0187
293 465.5396 373.9026
294 371.1091 570.9711
295 392.8794 381.8424
296 396.7224 364.5999
297 413.3466 287.7177
298 477.4315 353.0002
299 403.3776 324.8764
300 484.1280 392.8789
301 495.8920 382.5457
302 335.1556 642.8706
303 356.0539 644.6012
304 371.7745 646.4197
305 351.8350 578.3793
306 390.8440 650.4130
307 382.0783 653.9892
308 384.8482 649.4692
309 345.5365 570.0677
310 362.5581 649.0419
311 348.0117 650.3168
312 331.0179 652.2072
313 337.8530 702.6589
314 336.1268 681.7212
315 334.9628 670.3269
316 333.5486 661.4183
317 331.9475 655.4665
318 364.8900 652.0876
319 367.4252 653.9133
320 370.9425 658.4279
321 374.3850 664.8450
322 392.7439 619.6992
323 518.3364 545.2295
324 374.2978 651.5021
325 377.8944 651.8625
326 333.9664 591.5485
327 364.7556 583.0606
328 337.0330 587.0167
329 384.1437 509.1557
330 415.9523 520.9063
331 374.0432 559.4522
332 459.9163 305.5241
333 448.3779 332.8197
334 435.7212 363.5043
335 383.8325 681.4463
336 351.4906 370.0398
337 356.7763 325.3403
338 362.8325 280.7308
339 439.6583 459.8675
340 484.6375 479.1409
341 360.4425 454.8058
342 463.8432 428.8351
343 349.9706 485.1615
344 357.5778 556.5719
345 504.7522 492.5917
346 471.9015 493.0513
347 447.7161 500.7713
348 411.3827 499.0526
349 384.2887 491.8976
350 364.0630 483.0102
351 323.8915 458.4849
352 503.0407 534.2650
353 479.8969 424.8359
354 318.1707 582.9441
355 362.8138 518.7486
356 521.4237 455.7843
357 348.9830 472.4608
358 375.4913 560.1985
359 453.4932 442.1953
360 357.5418 542.3915
361 513.0694 593.7813
362 360.6466 446.9949
363 341.3135 531.0528
364 464.1186 689.3044
365 461.4421 712.8569
366 519.4843 540.5556
367 486.5913 662.5238
368 507.3120 416.1511
369 388.2151 755.3854
370 316.2503 586.9889
371 380.5580 532.8184
372 501.0255 455.3328
373 422.8215 451.6350
374 406.2864 453.8123
375 386.5034 657.6727
376 500.2640 574.8786
377 353.1288 783.2584
378 409.4986 756.9932
379 433.7093 739.0824
380 390.0261 453.1170
381 374.8720 450.3804
382 365.3025 448.8356
383 493.3670 420.5468
384 377.0462 432.3154
385 393.4576 426.4338
386 409.9252 424.7528
387 426.6311 427.6527
388 437.1308 432.8520
389 517.0262 408.3819
390 433.9484 448.4016
391 374.7551 609.9772
392 356.8305 572.0291
393 337.0477 606.5051
394 439.0189 715.7644
395 414.5311 735.8645
396 354.7607 769.5820
397 482.5445 683.4614
398 365.6126 440.9505
399 337.3891 491.4744
400 383.6779 772.2494
401 514.0744 584.9063
402 350.0293 653.4300
403 352.5974 657.4942
404 355.0869 664.3611
405 357.2274 674.4024
406 363.5050 693.4373
407 378.9577 650.3853
408 384.3433 648.8609
409 389.7762 645.8545
410 407.9360 633.3693
411 476.8842 585.2060
412 336.5242 470.5737
413 345.3297 432.9437
414 357.1513 436.5557
415 374.8117 648.1790
416 479.4379 633.5174
417 329.2741 431.3884
418 374.3655 714.2130
419 323.7055 480.9310
420 351.2596 523.9670
421 344.7216 725.0242
422 417.7063 677.4558
423 391.8683 575.1282
424 397.7540 698.6674
425 435.8058 569.0924
426 410.6873 593.6437
427 453.1150 600.6256
428 351.8941 749.6831
429 363.1174 534.9745
430 433.4605 692.7142
431 408.9532 715.1944
432 433.5916 652.6592
433 495.8905 609.3260
434 456.4866 655.3351
435 504.7795 625.6464
436 427.2234 617.9807
437 349.6373 504.9332
438 351.6556 566.4838
439 364.6662 569.9335
440 342.8984 553.1135
441 360.4777 415.9668
442 391.3686 405.1080
443 417.9663 402.9495
444 440.2235 405.8182
445 455.6580 413.9958
446 467.1683 446.8966
447 521.7221 497.6698
448 453.4830 473.8593
449 434.3321 479.8543
450 409.2304 480.7503
451 384.9775 476.9493
452 366.2339 470.9012
453 353.2851 464.4008
454 519.9193 500.3203
455 364.2225 574.7282
456 337.7499 510.6536
457 338.0581 568.5572
458 327.5716 578.7619
459 337.9837 571.6662
460 358.9542 580.6593
461 324.2015 581.0636
462 322.5070 585.1106
463 353.8645 448.8400
464 342.9550 453.6303
465 337.4243 456.7730
466 443.2603 436.9224
467 452.4180 431.2141
