# Image: /home/yaroslav/Projects/Diia.AIContest-AdAstrum/fixtures/FLUXSynID-processed/00054d45f524/00054d45f524_f_live_0_e_d1.jpg
# Mode: stream
# Status: fail
# Errors: image_blurry_or_out_of_focus: Image is blurry (sharpness score: 40.77); face_not_looking_straight_at_camera: Head is turned 172.0째 (max: 15.0째); head_is_tilted: Head is tilted 23.2째 (max: 10.0째); face_too_small_in_frame: Face occupies only 45.2% of frame (min: 50.0%)

# 2D Landmarks (index x y)
0 294.4975 638.8527
1 302.2182 576.7812
2 298.7415 595.7435
3 295.7039 502.9093
4 305.3496 555.1321
5 309.1039 525.9894
6 318.1906 456.5410
7 183.2486 430.8206
8 325.5319 407.6213
9 330.1185 380.3438
10 344.1788 284.3360
11 293.2796 648.2697
12 292.1662 654.5673
13 291.6239 656.1976
14 291.8702 659.1775
15 291.0958 666.5250
16 289.8859 676.1393
17 288.1168 686.8708
18 284.0099 706.7169
19 300.2530 587.2858
20 282.2197 582.0853
21 124.5391 346.7706
22 235.2027 456.5780
23 216.2335 455.4129
24 198.2126 451.9684
25 175.2164 437.6717
26 251.6977 453.8674
27 217.4130 405.7774
28 236.6328 409.4880
29 198.8914 406.0198
30 185.3601 410.5228
31 157.6801 448.8961
32 207.2888 731.0869
33 177.1790 424.9962
34 101.4728 432.4074
35 137.8292 432.9254
36 209.2129 539.3701
37 270.8782 632.2814
38 271.3106 651.1605
39 245.5353 633.7601
40 228.8739 638.0716
41 253.2537 648.9463
42 238.9175 648.0786
43 201.8512 662.1425
44 286.0154 573.8690
45 286.9484 552.5100
46 158.2271 384.7105
47 254.5443 493.8736
48 241.4062 558.5486
49 242.0389 546.6743
50 152.3415 527.5517
51 291.5394 525.6327
52 206.5024 369.1743
53 179.0386 372.6057
54 148.9590 313.2323
55 286.9151 397.0120
56 253.0647 417.6174
57 188.9645 641.7641
58 91.3678 622.4094
59 253.2924 572.0822
60 268.6622 580.8604
61 209.7070 644.7776
62 217.8298 645.1759
63 170.1115 357.5005
64 239.1187 566.4980
65 241.9684 375.5414
66 240.9548 357.9239
67 233.2336 277.4007
68 159.9342 334.6966
69 239.3739 316.5596
70 147.6688 373.9276
71 135.9793 361.2725
72 270.5832 643.6787
73 250.0191 643.3831
74 234.1675 643.5832
75 257.6876 576.0849
76 214.0195 645.1499
77 222.3804 649.7897
78 219.6831 644.7085
79 264.9422 569.0435
80 242.2167 646.8223
81 256.4554 649.4996
82 273.0248 653.0018
83 259.2198 703.2182
84 265.0890 682.5206
85 267.9281 671.0721
86 270.1711 661.9407
87 272.3330 656.0358
88 239.7427 649.6567
89 237.0694 651.2827
90 233.0207 655.5888
91 228.7115 661.6817
92 214.6558 613.7945
93 85.9853 520.9870
94 299.5389 590.7291
95 230.2619 647.9596
96 226.7412 648.0684
97 274.3779 591.2913
98 244.1588 579.2425
99 271.5634 586.3702
100 232.9722 502.6559
101 200.4116 511.2777
102 237.4177 554.5969
103 183.4096 289.0985
104 192.7840 318.5368
105 201.8721 351.4572
106 216.1998 677.0694
107 285.1291 368.9557
108 285.7864 322.7104
109 285.0382 276.8706
110 183.0958 446.0606
111 134.8836 460.6139
112 262.3576 450.0982
113 163.1178 412.1569
114 269.9511 482.5765
115 254.7187 554.1458
116 112.1197 471.7910
117 146.5485 476.4059
118 170.4728 487.2248
119 207.1381 489.4625
120 234.6998 485.0662
121 255.8351 478.3668
122 299.4071 459.2823
123 108.6414 514.1671
124 147.1147 406.6805
125 290.7577 584.8970
126 253.1955 514.7534
127 95.5710 430.6321
128 272.1676 469.5247
129 235.4224 554.9206
130 171.2668 426.3115
131 256.0481 539.7143
132 84.7094 570.3853
133 262.9901 442.2738
134 273.8850 530.5102
135 128.4788 674.6412
136 125.8334 697.6832
137 88.3001 517.4747
138 107.4019 644.5319
139 118.6406 393.6835
140 199.6836 750.9874
141 291.9164 588.8127
142 233.8932 526.9428
143 120.4955 434.5138
144 201.3925 439.7270
145 217.5988 443.8794
146 217.5711 653.0515
147 105.8031 555.1005
148 230.3322 782.0714
149 175.5032 749.1522
150 152.2437 727.8802
151 337.4109 332.0589
152 269.4900 790.5212
153 233.6307 445.0897
154 248.8083 444.1312
155 258.2644 443.4810
156 133.5699 400.5613
157 248.7449 425.8869
158 233.2848 418.1916
159 217.3068 414.6282
160 200.4124 415.4992
161 189.1873 419.3832
162 107.7461 383.5118
163 190.5148 435.1021
164 297.5643 608.8626
165 233.0218 605.6958
166 253.5223 569.4976
167 270.9961 606.3119
168 321.5293 431.4727
169 151.7130 704.4390
170 174.6237 728.0013
171 232.0917 768.7457
172 106.0698 664.9440
173 258.8873 435.7382
174 282.1948 490.7755
175 272.6410 776.4720
176 200.7908 767.7606
177 87.7718 562.7333
178 254.6870 652.3489
179 251.7471 656.3458
180 248.5245 663.2988
181 244.9141 673.1738
182 234.9862 691.4150
183 226.1209 646.4660
184 221.0645 644.4377
185 216.0525 640.8850
186 198.1520 625.8476
187 130.0892 569.0279
188 285.2138 469.6849
189 280.5724 430.5621
190 267.8346 432.5247
191 230.1518 644.5386
192 120.4696 616.7696
193 297.1776 431.3502
194 220.5634 711.0217
195 312.2381 502.0195
196 296.9719 482.0307
197 315.1023 480.0558
198 264.2150 521.6871
199 276.4052 755.6041
200 280.5212 729.5464
201 249.2451 725.0689
202 181.4933 668.7257
203 218.3453 568.4492
204 198.8523 692.4812
205 175.4836 557.9456
206 198.4108 585.1589
207 154.0745 587.4862
208 238.5769 749.1724
209 250.8151 531.0551
210 162.0413 682.2463
211 184.4029 708.0341
212 168.7459 642.0733
213 105.6566 590.1577
214 143.0509 641.8260
215 92.3652 604.9370
216 179.4954 607.8688
217 268.0650 502.6041
218 259.3724 564.7880
219 245.9771 566.5455
220 269.9052 552.5383
221 267.9822 412.5235
222 239.2086 398.4015
223 213.5240 392.8337
224 191.1015 392.6002
225 174.0661 398.5448
226 156.7356 429.8070
227 92.1713 474.0528
228 167.3377 458.8447
229 186.2312 467.3705
230 211.2276 470.9216
231 235.6016 469.8127
232 254.9644 465.6767
233 268.6030 460.7422
234 90.3995 475.4970
235 245.5806 571.1088
236 279.5448 510.1356
237 272.9119 568.6342
238 281.8630 579.6059
239 272.4039 571.5540
240 250.2149 577.4987
241 285.0695 582.3877
242 286.0271 586.1170
243 269.6807 444.8922
244 280.1586 451.1130
245 285.7421 455.2323
246 182.4877 422.4024
247 174.3158 415.8329
248 327.6693 507.5904
249 450.5627 471.3384
250 318.0659 586.9312
251 525.2706 407.5835
252 393.9899 480.5529
253 412.7443 484.9577
254 430.8100 486.6285
255 455.5772 479.8038
256 378.9191 473.0982
257 426.6242 437.8422
258 406.9172 435.4324
259 444.1923 443.6596
260 455.2562 451.8118
261 468.5585 494.7663
262 347.2138 749.6237
263 457.5799 467.7062
264 521.2653 494.0148
265 491.0020 484.9259
266 397.9045 565.8937
267 319.0223 638.3217
268 313.3255 656.2608
269 342.7308 645.5949
270 357.2239 653.4390
271 331.0184 658.3202
272 344.6323 660.5210
273 373.8902 683.3949
274 318.2202 578.2804
275 323.6115 557.5946
276 488.9967 434.7120
277 366.4522 510.1197
278 362.2637 575.2186
279 364.5068 563.6435
280 453.6187 570.0573
281 325.9269 530.5339
282 450.0548 406.6331
283 474.2123 417.7105
284 515.1258 369.1861
285 365.6731 409.1050
286 388.6160 438.3169
287 391.5886 667.2605
288 469.9173 675.3130
289 347.1693 584.7518
290 330.6209 589.2703
291 372.6601 664.0618
292 364.5849 662.2729
293 486.9259 405.9332
294 361.6058 583.2073
295 414.8584 402.0634
296 421.7235 385.5784
297 450.2905 310.8725
298 501.3167 386.5801
299 434.7831 346.5632
300 501.2097 427.3149
301 513.5019 418.4326
302 316.3942 649.3750
303 336.0766 653.7310
304 350.8787 657.4074
305 341.9379 587.4143
306 368.4276 663.1651
307 359.6260 666.0030
308 362.4018 661.4870
309 338.0549 578.9134
310 341.1106 658.3553
311 327.0052 657.9334
312 310.5316 657.4717
313 308.8390 709.6522
314 311.4497 688.3187
315 312.3276 676.6826
316 312.3249 667.3372
317 311.5619 660.9305
318 343.3984 661.9372
319 345.7138 664.2933
320 348.4908 669.4367
321 350.6802 676.4697
322 375.1865 634.6617
323 503.5712 581.0283
324 352.1994 662.3919
325 355.8738 663.3055
326 322.9027 597.6773
327 353.3430 593.8245
328 326.5527 593.6903
329 384.3846 524.4627
330 413.5530 541.6483
331 366.2634 572.3318
332 492.0224 336.3601
333 476.9559 361.9498
334 459.8398 390.9465
335 356.4736 694.7033
336 376.7299 383.0110
337 389.4475 338.6270
338 402.4376 294.9649
339 446.2460 485.4019
340 486.2409 511.7789
341 369.8861 466.3810
342 475.0242 459.2588
343 355.4278 495.0912
344 351.8158 567.6820
345 502.7760 528.2767
346 471.8275 523.4224
347 447.3523 526.9845
348 412.4767 519.1564
349 387.1798 507.3903
350 369.0041 495.1303
351 335.2066 464.5743
352 494.1361 569.0720
353 491.1968 457.9866
354 310.1341 587.5253
355 362.3048 530.4300
356 522.8837 493.5171
357 356.2843 482.1316
358 367.3448 573.0317
359 462.4730 470.5048
360 353.8531 553.4242
361 490.1400 628.0366
362 371.3373 458.7706
363 340.7370 539.9734
364 430.0504 715.5290
365 422.2129 737.8011
366 507.3305 577.4960
367 455.5806 692.4794
368 518.0358 453.1225
369 347.2578 770.5268
370 307.2243 590.8079
371 377.0256 547.1401
372 505.6204 491.1120
373 431.3735 474.5555
374 414.7913 473.7953
375 363.2535 670.3234
376 484.4943 608.5567
377 308.5512 792.5896
378 366.2301 774.3831
379 391.9104 759.8672
380 398.9545 470.1549
381 384.5716 464.5850
382 375.5296 461.3115
383 504.6527 455.7568
384 390.0065 447.6539
385 407.0798 445.1073
386 423.4550 446.5533
387 439.2019 452.2899
388 448.4847 459.0409
389 527.6568 446.3765
390 442.7601 473.2527
391 359.0873 622.2959
392 348.1007 582.3170
393 323.7529 613.2462
394 401.7874 737.9784
395 375.2081 754.5963
396 313.0035 779.5750
397 446.5213 711.7512
398 377.3051 453.7980
399 342.8916 499.7069
400 339.5231 786.1693
401 494.3503 620.2708
402 329.2164 661.4669
403 331.1221 666.0592
404 332.5398 673.5586
405 332.9133 684.0490
406 335.0796 704.1666
407 356.8546 661.7796
408 362.4313 661.0903
409 368.2049 658.9488
410 387.7328 650.0438
411 461.2718 615.2369
412 345.1268 478.5375
413 359.2101 442.6332
414 369.8779 448.1968
415 352.9463 658.9263
416 454.9161 662.9695
417 344.4020 438.5890
418 341.4125 726.7217
419 331.6908 487.1000
420 350.7453 534.0389
421 311.3348 733.2228
422 388.7888 695.7727
423 380.9254 590.6830
424 366.2324 714.2528
425 425.1455 592.7474
426 396.6419 612.2630
427 436.3263 626.4968
428 313.9223 759.2285
429 359.8852 546.5372
430 400.9502 714.0832
431 373.7924 733.0666
432 408.4651 673.5890
433 474.2937 641.7231
434 429.5276 680.6421
435 478.6363 658.9290
436 408.7496 638.5527
437 352.1034 514.7940
438 344.5720 576.4706
439 355.9602 581.5908
440 338.8581 562.2379
441 376.9566 429.1669
442 408.9510 424.2923
443 435.2614 426.8821
444 456.4003 433.3247
445 469.8851 443.7205
446 474.9023 477.3193
447 517.0950 535.7589
448 457.2537 501.4380
449 437.7269 504.1499
450 413.1488 500.7114
451 390.0879 492.6824
452 372.8549 483.3427
453 361.4814 474.6900
454 513.1408 537.0404
455 354.4612 585.8877
456 340.3964 518.9849
457 331.7360 576.6807
458 319.6423 584.6908
459 330.8585 579.4297
460 348.3098 590.6914
461 316.1840 586.6055
462 313.5022 589.8748
463 364.5677 459.4323
464 353.3611 462.3338
465 347.8160 464.7292
466 453.6633 463.9163
467 463.3560 459.8234
