# Image: /home/yaroslav/Projects/Diia.AIContest-AdAstrum/fixtures/FLUXSynID-processed/00399b1a5be6/00399b1a5be6_m_doc.jpg
# Mode: stream
# Status: fail
# Errors: strong_shadows_on_face: Strong shadows or uneven lighting detected (difference: 67.2); face_not_looking_straight_at_camera: Head is turned 177.4째 (max: 15.0째); head_is_tilted: Head is tilted 21.8째 (max: 10.0째); face_too_close_or_cropped: Face occupies 71.0% of frame (max: 70.0%)

# 2D Landmarks (index x y)
0 318.1196 634.5262
1 318.0092 552.2569
2 316.6601 580.8277
3 295.5875 483.6671
4 317.5483 528.8500
5 316.0588 500.8126
6 312.3001 437.9040
7 158.6618 450.6211
8 311.1887 394.5409
9 311.1764 367.7129
10 309.1128 277.0587
11 318.2609 646.1352
12 318.1386 655.3710
13 317.8119 659.4912
14 317.9361 669.7317
15 318.2938 678.5377
16 318.6154 690.3332
17 318.6258 704.1109
18 317.9979 730.0412
19 317.5274 565.6667
20 293.9620 567.8716
21 78.9246 394.5110
22 218.9790 463.3605
23 198.1808 466.5881
24 177.7888 467.7550
25 150.1014 460.5531
26 236.7924 456.7538
27 191.2622 414.1770
28 213.1974 413.5289
29 170.5831 419.3176
30 156.4996 427.9854
31 132.0626 477.7141
32 228.8368 773.6843
33 150.8433 447.0723
34 65.7364 484.3578
35 107.0441 468.6448
36 202.1966 551.9026
37 288.0075 632.3483
38 292.2995 656.7772
39 256.9495 643.2102
40 237.6583 656.1336
41 269.5594 660.6218
42 252.2005 666.1856
43 208.7167 697.8125
44 298.3673 553.1137
45 295.0383 530.8300
46 124.3171 412.9996
47 245.6078 494.3207
48 239.9482 555.3936
49 238.1814 544.7428
50 138.3977 556.3925
51 295.2628 504.6732
52 175.6698 383.2705
53 145.9734 394.5269
54 101.6100 352.5974
55 268.2090 391.7300
56 232.8361 418.2734
57 191.4220 677.2068
58 75.1748 697.1539
59 256.7221 567.3044
60 276.2670 573.5552
61 215.6149 677.2540
62 226.0039 675.1879
63 134.0889 383.5911
64 238.3934 567.0153
65 215.7565 380.4958
66 211.6986 364.2135
67 188.6679 293.7654
68 118.4677 366.8587
69 202.3051 326.5045
70 111.2344 407.0176
71 95.4863 401.5976
72 289.9420 646.5125
73 264.2618 653.8576
74 245.2612 661.4631
75 262.3513 571.6222
76 221.0136 676.4929
77 231.3064 679.4173
78 228.6314 673.9972
79 271.3253 556.6097
80 256.3301 665.2116
81 273.8814 662.1583
82 294.8427 660.3736
83 286.3126 730.8169
84 288.5096 704.1141
85 290.3488 689.8300
86 292.0980 677.6919
87 293.7868 670.3967
88 253.4141 673.1849
89 250.1525 676.1504
90 244.9749 682.4220
91 240.0905 690.6522
92 218.2798 631.7914
93 56.7608 589.3244
94 317.1499 572.2746
95 241.6945 674.6547
96 236.8852 675.9996
97 285.0110 583.3992
98 246.4593 581.6726
99 280.7206 578.6239
100 222.7938 509.2347
101 188.8633 526.1384
102 234.0629 556.2812
103 136.1392 318.1438
104 152.2391 341.0627
105 167.8673 368.3230
106 228.8671 710.8743
107 261.2257 364.8850
108 253.2482 321.7614
109 244.3840 281.5852
110 160.1818 466.3627
111 108.1617 495.9369
112 248.1166 450.2117
113 132.5638 438.4604
114 261.4658 478.2928
115 256.1000 544.3218
116 83.6712 515.3875
117 123.7163 506.9997
118 151.8107 510.5596
119 192.7006 503.3922
120 222.3878 492.0965
121 245.0108 479.8847
122 291.3645 445.2030
123 85.4108 559.3514
124 114.2408 438.7354
125 305.6461 565.4474
126 246.4999 514.0130
127 57.7304 491.4484
128 262.0180 466.4235
129 231.7883 559.6869
130 143.5503 450.1493
131 254.2372 531.3413
132 60.6728 642.4251
133 247.5191 442.6812
134 274.7802 515.5563
135 125.2037 735.4408
136 124.3586 768.1080
137 60.5592 575.6760
138 98.0100 708.4458
139 80.3692 439.7910
140 222.2644 801.4563
141 307.4509 571.9595
142 226.6933 532.6706
143 87.8970 476.6316
144 180.0677 453.9639
145 198.2772 453.9992
146 225.4777 684.1892
147 86.9703 604.3517
148 266.2936 834.5663
149 190.8367 810.8781
150 159.1548 793.6867
151 310.2662 320.8144
152 318.5789 835.6371
153 215.5734 451.7684
154 231.9273 447.7338
155 242.3580 445.0737
156 98.4631 438.5925
157 229.2358 431.1179
158 211.0626 427.7928
159 193.5260 427.8109
160 175.5360 432.3480
161 163.9401 438.5945
162 65.1261 437.8760
163 167.4845 452.4947
164 316.9973 598.2092
165 237.7518 615.3726
166 256.9575 562.9052
167 283.5835 602.7161
168 311.2589 417.0864
169 156.0380 762.2479
170 187.1758 782.5623
171 266.3564 813.1010
172 97.7988 738.8623
173 241.8663 437.5328
174 277.1032 479.1603
175 318.9262 813.8382
176 225.5502 825.1032
177 64.7133 624.7530
178 272.0142 671.2293
179 268.6697 676.8683
180 265.1039 686.1290
181 261.7098 698.8841
182 253.9149 722.7370
183 236.6052 671.1312
184 229.7507 669.8881
185 222.8140 666.8394
186 201.0190 652.9882
187 118.4967 608.8898
188 276.9743 460.3533
189 265.7047 426.4699
190 251.7495 430.8827
191 241.5572 668.2672
192 111.6315 668.4531
193 284.2080 422.6540
194 240.8452 747.3517
195 314.6908 478.7887
196 292.9193 465.1274
197 313.4471 458.7148
198 260.9872 514.2550
199 318.8133 785.8840
200 318.3183 755.1831
201 278.7407 756.3228
202 186.2529 709.5312
203 215.1695 580.0487
204 210.6509 732.1275
205 168.5294 580.9110
206 196.6587 604.4392
207 148.4714 620.8306
208 270.6744 785.8705
209 245.9226 529.1942
210 165.5462 731.0587
211 196.1551 754.3648
212 168.6860 681.7423
213 90.5079 644.1182
214 139.4269 689.4658
215 75.1473 669.7084
216 178.9024 637.1365
217 262.2396 496.3560
218 264.0173 553.1503
219 247.2047 561.9865
220 274.6053 536.3725
221 249.5043 410.3082
222 215.2667 401.7841
223 185.6474 402.3932
224 160.7120 408.6308
225 142.8758 420.4525
226 127.8142 459.2153
227 60.2709 529.1811
228 144.1960 483.9956
229 166.1089 486.9861
230 194.2980 483.9104
231 221.1149 476.9182
232 242.2547 467.9948
233 256.8708 459.6253
234 57.0934 540.5022
235 247.2536 569.0712
236 277.8531 496.4732
237 281.3662 551.6984
238 293.5926 563.4895
239 281.0122 556.4827
240 253.6094 576.4304
241 298.2392 564.7122
242 299.4859 570.9947
243 255.7097 443.1021
244 268.4432 446.9928
245 275.1536 448.5811
246 156.7567 443.2352
247 145.2743 437.7825
248 333.3773 482.2606
249 455.6462 439.9204
250 339.0138 565.6674
251 525.7558 379.5185
252 397.7250 456.7535
253 418.5997 458.3580
254 438.5450 457.8510
255 463.9045 449.2414
256 379.9515 451.6651
257 424.7226 406.8968
258 402.7558 407.4527
259 444.9950 410.7856
260 458.4786 418.4363
261 482.2205 464.5734
262 404.8482 764.8802
263 462.7148 436.2312
264 541.2690 466.1775
265 505.1484 453.8532
266 422.1877 542.7139
267 347.4768 629.4001
268 343.0637 654.3219
269 377.3137 637.0515
270 395.6270 648.0065
271 364.7017 655.7620
272 381.0658 659.3910
273 422.4765 686.9375
274 337.0469 551.2979
275 339.3257 528.9735
276 490.1685 401.3705
277 376.2288 489.2454
278 389.4104 548.9224
279 389.8117 538.0702
280 482.1530 542.2220
281 336.5153 503.0923
282 442.2324 375.7797
283 470.4629 384.9642
284 505.9158 339.6516
285 352.8485 389.4834
286 383.2219 413.5074
287 438.6466 664.8921
288 534.4387 676.5521
289 373.4314 561.9461
290 354.9827 569.8459
291 416.1154 666.7215
292 405.5178 665.6923
293 481.3974 373.3097
294 390.5565 560.2644
295 403.5881 375.2841
296 407.9832 358.6814
297 425.7158 286.6445
298 493.5347 354.9745
299 415.2812 320.3124
300 501.6647 394.6341
301 513.8942 387.7678
302 345.7991 643.7599
303 370.3924 648.3038
304 388.3194 654.0104
305 367.9359 566.7346
306 410.7972 666.4736
307 401.0280 670.4968
308 402.4254 664.7618
309 360.8155 552.4392
310 376.1628 658.8905
311 359.6272 657.7211
312 339.8097 658.0910
313 349.1808 727.7908
314 347.8138 701.3661
315 346.0678 687.1694
316 343.8570 675.2844
317 341.4622 668.1514
318 379.3840 666.4940
319 383.0273 669.1500
320 388.4152 675.1348
321 393.3948 682.9926
322 412.4239 622.5059
323 546.7514 569.3908
324 390.0847 666.7763
325 395.2563 667.6307
326 347.5003 580.4376
327 382.7102 575.3707
328 351.0412 575.3986
329 398.8097 502.1464
330 432.9148 516.2115
331 393.5875 549.2029
332 474.6418 307.7268
333 462.5736 331.8936
334 449.7901 360.1859
335 403.5886 702.1024
336 360.0434 362.3335
337 366.2480 318.3879
338 372.5309 277.7655
339 454.8518 455.2191
340 505.9006 480.5900
341 368.6529 445.9299
342 481.1558 426.9700
343 360.6489 474.5204
344 374.8469 539.1296
345 528.8198 497.8729
346 492.5693 492.5102
347 466.6679 498.0466
348 426.9311 494.1183
349 397.3117 485.3488
350 374.7565 474.9808
351 332.5142 443.8405
352 529.2557 541.1169
353 498.6440 425.5350
354 329.0966 564.3551
355 377.6157 508.6727
356 543.8119 473.1936
357 358.1051 463.0090
358 394.5721 552.4807
359 469.8686 438.9666
360 374.7286 526.3365
361 545.2153 621.7070
362 368.6425 438.4346
363 355.6480 512.2527
364 497.0701 717.4824
365 495.7021 749.7464
366 548.6629 555.7745
367 520.1274 688.9880
368 527.3505 423.7515
369 411.4875 791.7198
370 326.4690 571.0361
371 397.1675 525.5290
372 522.8534 460.2739
373 435.7691 444.4926
374 417.9764 445.9251
375 406.8485 674.7657
376 528.9284 585.9106
377 369.4163 829.3062
378 438.3430 797.9959
379 466.0727 777.7921
380 400.5718 445.0920
381 384.1359 442.1990
382 373.7415 440.3685
383 512.8721 424.0973
384 385.9993 425.6247
385 403.7011 421.3209
386 421.1766 420.2095
387 438.9136 423.4337
388 450.3572 428.7136
389 537.5540 421.2753
390 447.6264 442.1691
391 393.3668 607.9873
392 373.7579 557.5307
393 349.7527 599.5477
394 470.3913 746.5423
395 442.6944 769.4885
396 370.3855 807.8881
397 516.8431 719.2590
398 373.9658 432.9342
399 348.3482 476.5063
400 407.3767 815.6163
401 546.3952 604.4236
402 362.1934 666.6801
403 365.8696 671.9962
404 369.8383 681.0173
405 373.2666 693.4421
406 380.1089 716.5288
407 395.5765 662.7486
408 402.7234 660.6914
409 409.4372 657.1236
410 429.1264 641.8320
411 501.8678 592.5709
412 345.9393 457.8462
413 352.4323 423.7527
414 364.8257 427.0735
415 390.0304 660.4506
416 508.7588 650.5625
417 336.8381 421.0594
418 392.3990 739.8481
419 333.5714 463.5740
420 365.6215 510.0217
421 356.8251 752.4945
422 442.9427 696.9221
423 411.4270 571.3365
424 420.3355 721.6889
425 455.7698 568.7261
426 430.4855 593.9455
427 475.7081 606.4816
428 365.7676 781.3066
429 379.8452 523.6198
430 462.0262 716.6023
431 434.3468 742.4574
432 459.0490 667.7839
433 526.3768 625.1606
434 485.0668 673.3246
435 538.5696 649.4397
436 448.5677 624.6920
437 362.3389 492.4020
438 367.9503 548.5152
439 383.1081 555.8573
440 358.3454 532.8005
441 368.3632 406.7334
442 402.0738 396.0505
443 431.3809 395.0017
444 455.6207 399.8422
445 472.2405 410.2150
446 485.2830 446.3807
447 547.5360 510.0171
448 471.2232 471.5189
449 450.8806 475.8092
450 423.5099 475.1603
451 396.7916 470.2302
452 375.9460 463.1497
453 361.5373 455.9043
454 544.5515 521.4697
455 382.4839 562.9234
456 350.0411 493.6538
457 352.6428 548.4473
458 339.9610 561.2537
459 352.0871 553.1701
460 376.2156 570.9037
461 336.2329 562.8854
462 334.0567 569.5013
463 361.1528 439.4518
464 350.2439 444.2081
465 345.3382 446.2741
466 457.3729 432.8999
467 468.6487 427.1347
