# Image: /home/yaroslav/Projects/Diia.AIContest-AdAstrum/fixtures/FLUXSynID-processed/00bf04242f4a/00bf04242f4a_m_live_0_e_d1.jpg
# Mode: stream
# Status: fail
# Errors: image_blurry_or_out_of_focus: Image is blurry (sharpness score: 55.03); strong_shadows_on_face: Strong shadows or uneven lighting detected (difference: 62.6); face_not_looking_straight_at_camera: Head is turned 166.8째 (max: 15.0째); head_is_tilted: Head is tilted 25.0째 (max: 10.0째)

# 2D Landmarks (index x y)
0 341.8010 579.8108
1 325.7497 517.1994
2 331.3229 538.7972
3 294.9601 457.3048
4 320.7359 496.6394
5 314.4959 470.9350
6 300.8460 412.2289
7 175.9011 443.0182
8 292.9061 377.3572
9 287.8749 354.8689
10 268.7712 273.3481
11 344.3160 589.6999
12 346.2289 597.2212
13 347.0215 600.2138
14 352.5881 618.9890
15 354.6680 627.1421
16 357.2981 637.6262
17 360.1370 649.6936
18 365.3124 671.9800
19 328.4533 528.4828
20 310.2937 532.2564
21 98.9192 409.0897
22 230.2133 444.8062
23 213.0736 450.7224
24 195.9269 455.2267
25 170.6270 453.2798
26 243.8437 436.6765
27 196.9228 410.1300
28 215.1874 405.9641
29 180.4405 417.5004
30 170.0904 426.5241
31 158.8768 471.6226
32 297.2020 722.1636
33 168.5278 441.3576
34 105.3933 488.3643
35 136.1523 468.9080
36 231.1031 527.7485
37 315.0988 582.9699
38 323.8553 602.7023
39 290.5847 596.4827
40 277.3724 610.3097
41 305.4877 609.0965
42 292.5254 616.4516
43 264.3498 653.5342
44 309.5753 520.9112
45 302.5491 501.5727
46 138.5291 420.4746
47 257.7929 470.1834
48 263.2966 528.2055
49 260.0632 518.1352
50 178.3145 539.9944
51 298.1797 477.4124
52 176.6882 388.4325
53 153.0638 402.0181
54 109.4197 370.2931
55 257.3916 382.0029
56 232.5945 406.3696
57 245.1719 635.9137
58 157.0313 671.3980
59 279.8387 535.9592
60 296.9198 538.0914
61 264.2962 632.4507
62 273.5104 629.2235
63 140.6557 394.5709
64 264.1001 537.4521
65 211.0379 380.6090
66 203.9254 367.3705
67 170.9199 307.3265
68 125.2651 381.3101
69 188.2760 334.6473
70 126.6371 417.4640
71 113.2807 413.9614
72 319.4883 594.6726
73 299.2024 604.4346
74 285.1170 613.7268
75 285.1564 538.2711
76 269.0121 631.0882
77 279.1861 635.5723
78 275.8745 627.8744
79 289.6551 526.6600
80 296.0312 614.5591
81 309.6651 609.2832
82 326.8948 604.8346
83 337.1337 677.5705
84 333.4564 654.2734
85 332.1095 641.3325
86 331.2492 630.4126
87 331.4198 623.3157
88 297.8909 628.9591
89 295.2474 632.3050
90 291.9171 638.7401
91 289.3752 646.7586
92 257.8482 594.0635
93 120.9682 579.7466
94 329.7682 533.1816
95 288.0612 630.0659
96 283.5154 631.7937
97 305.8730 545.1896
98 273.5336 548.1319
99 301.4852 541.8013
100 241.4416 486.2223
101 215.3316 506.0891
102 258.6612 528.1599
103 131.5489 335.9120
104 148.5557 354.3452
105 166.9295 376.8115
106 283.7732 665.1485
107 245.9197 360.6233
108 230.0726 322.3909
109 215.2601 288.1060
110 180.5389 456.5724
111 142.3835 491.5709
112 251.8472 429.6102
113 151.2751 439.2033
114 267.7781 454.1358
115 274.4737 517.4953
116 125.9862 512.4955
117 157.5910 498.4826
118 181.8199 497.2191
119 215.0345 484.8498
120 238.4179 470.5291
121 255.1104 456.7753
122 285.0619 421.8381
123 135.7697 550.1822
124 136.0155 443.1552
125 318.6165 529.9697
126 261.7972 488.0990
127 101.2338 494.8963
128 266.4212 442.8494
129 257.5990 530.5017
130 163.1602 445.6703
131 271.0116 505.2467
132 134.3395 625.5763
133 249.6221 423.0754
134 284.0452 489.3069
135 204.1819 698.5043
136 210.8776 727.1843
137 119.4291 568.2618
138 176.6540 678.5761
139 108.6548 448.2620
140 297.2069 747.9947
141 321.8160 534.2073
142 248.5044 506.8332
143 122.0317 478.8666
144 194.9786 442.3202
145 210.5961 439.5200
146 275.1051 640.3024
147 145.8610 589.3003
148 341.3608 771.4760
149 273.3148 758.6774
150 244.0704 746.2070
151 277.8530 311.8938
152 387.0634 764.6629
153 224.8430 434.9727
154 237.8429 429.1993
155 245.9491 425.6382
156 123.0956 445.3980
157 231.9664 415.7434
158 216.0998 415.5862
159 201.1440 418.2985
160 186.6594 424.9879
161 177.8897 432.2116
162 96.3669 447.8790
163 183.9434 443.1426
164 334.8004 551.7375
165 271.6891 577.5067
166 279.0419 532.7651
167 307.3122 560.3370
168 296.9244 394.7868
169 234.7275 718.9287
170 264.5052 734.1305
171 336.8651 752.8705
172 183.9066 704.7940
173 243.8301 419.4233
174 279.8002 454.3360
175 382.7142 745.7798
176 304.9065 768.0840
177 132.7856 610.4232
178 313.1367 626.2169
179 311.1679 632.0263
180 309.7588 640.9767
181 309.3228 652.7288
182 307.5101 674.1737
183 280.9433 623.0541
184 274.5209 623.0473
185 267.8956 621.5510
186 247.5280 613.9617
187 172.2771 588.8883
188 276.7084 436.7297
189 261.9202 408.1498
190 250.8496 413.2777
191 284.8434 619.5310
192 178.7311 641.7208
193 275.9358 403.4986
194 302.0902 696.7012
195 309.7273 450.1629
196 289.5786 440.0987
197 305.2742 431.3516
198 273.6491 487.8130
199 376.9335 720.8856
200 370.4674 693.5797
201 336.0920 700.3516
202 248.7731 666.9511
203 247.5916 550.5184
204 273.6901 685.5508
205 208.0254 558.0147
206 236.0888 574.2803
207 199.2873 595.0445
208 334.9149 728.0732
209 264.2658 502.3222
210 236.0947 689.6366
211 266.3717 707.6193
212 228.3849 643.8991
213 156.7435 623.4467
214 205.9198 655.8826
215 150.4671 648.0944
216 226.9675 603.8685
217 271.4490 470.9737
218 282.7105 524.7665
219 270.5533 533.2579
220 287.4321 508.9482
221 245.5532 398.1382
222 214.9181 396.6976
223 189.6134 401.7783
224 169.3028 410.6971
225 156.2876 422.9016
226 151.6984 456.8542
227 109.8812 528.0683
228 170.5730 474.9751
229 189.9066 474.1558
230 213.2098 467.0511
231 234.7133 456.8563
232 250.6526 446.1805
233 261.0126 436.9512
234 111.1277 537.4167
235 271.9934 538.5124
236 283.3502 470.8128
237 295.8674 521.7965
238 308.7597 529.3561
239 297.1142 525.5182
240 278.5246 543.2390
241 312.4638 530.1488
242 315.1537 534.3707
243 256.6455 422.7127
244 267.9911 424.7033
245 273.5477 425.8628
246 172.6809 437.3774
247 162.2042 435.7886
248 326.1814 449.9664
249 426.7077 384.0254
250 346.8835 523.4621
251 482.6300 318.7394
252 379.2318 409.6449
253 397.3964 407.1306
254 414.9236 403.2551
255 436.2453 390.6820
256 363.2355 408.6044
257 393.9810 364.1546
258 375.5779 368.4019
259 411.9778 363.6124
260 425.0812 367.0799
261 455.4636 401.3855
262 449.0876 686.0813
263 432.6693 379.4355
264 511.8752 391.8814
265 474.7691 388.6635
266 416.3591 483.2804
267 367.1249 570.1522
268 368.8652 591.7496
269 395.6672 570.9885
270 414.5288 576.8360
271 388.5246 588.8715
272 403.9227 589.1302
273 447.2173 609.3303
274 341.9711 513.0702
275 339.1683 492.7690
276 451.0281 347.5851
277 365.8471 444.3763
278 386.8691 498.4211
279 385.0461 488.0307
280 469.3429 470.1546
281 332.1433 469.3027
282 402.5075 336.2336
283 429.7369 337.8736
284 455.6619 288.8722
285 327.2416 365.7822
286 360.0468 376.5148
287 455.9733 584.8795
288 548.1407 578.6227
289 375.9601 512.7377
290 361.6612 522.3921
291 437.6066 590.1776
292 428.0931 591.3092
293 437.8108 325.6523
294 390.5755 507.0057
295 368.3108 344.1274
296 368.8946 329.0554
297 371.5682 259.9032
298 445.9656 306.2110
299 368.2636 292.5065
300 460.6440 339.3802
301 471.7150 329.9174
302 368.8322 582.7016
303 391.9539 581.7215
304 409.2480 583.2902
305 372.2997 517.2510
306 432.8306 590.9198
307 426.0858 599.5992
308 425.3988 591.2767
309 362.7030 509.0380
310 399.9369 589.0581
311 384.9290 590.8645
312 367.2274 594.8522
313 393.2153 664.0738
314 386.1491 641.4490
315 381.5699 629.3532
316 377.2427 619.2858
317 373.7217 613.1791
318 406.4747 602.3100
319 410.3555 604.0650
320 416.2578 608.3991
321 422.1870 614.3465
322 423.8513 553.6918
323 538.7997 480.5904
324 415.7360 598.7762
325 420.5407 598.2403
326 357.2911 532.7580
327 387.2982 520.7292
328 359.3355 527.8127
329 387.8962 451.1632
330 420.6795 456.8423
331 391.0816 496.1265
332 420.0391 267.9839
333 412.8546 292.5776
334 406.3052 321.3102
335 435.4604 628.5213
336 328.0628 341.5587
337 325.1763 299.9335
338 323.2631 262.4811
339 428.9619 397.7912
340 479.3401 411.3864
341 352.7462 405.8858
342 447.5987 369.8409
343 349.6822 434.6822
344 371.8804 494.0762
345 503.7259 422.5446
346 468.7874 424.1314
347 446.6132 433.9365
348 411.2922 437.9175
349 383.6279 435.9961
350 362.2630 431.3307
351 319.3502 413.7339
352 511.8437 460.2500
353 463.4278 366.1185
354 338.1193 525.2917
355 370.2317 462.1672
356 518.6288 396.1388
357 345.7397 424.1706
358 393.2042 497.7507
359 439.6693 380.9330
360 369.2274 481.6547
361 547.3646 527.5268
362 351.8558 399.1600
363 350.2686 473.4364
364 520.4355 623.7577
365 527.0916 652.7010
366 534.6516 469.5347
367 535.2663 593.5634
368 491.1165 357.9192
369 460.4617 709.4045
370 337.3370 530.4382
371 390.7903 472.7538
372 492.2814 391.0649
373 409.6006 391.6899
374 394.4323 396.1797
375 431.8520 602.0854
376 520.7552 499.8720
377 430.9944 750.4498
378 486.4134 708.6110
379 506.7810 684.4060
380 379.4438 398.5424
381 365.1384 399.1759
382 356.2643 399.7310
383 476.5095 362.0992
384 364.4769 384.6057
385 378.7158 377.4602
386 393.3423 373.3893
387 409.1799 372.9371
388 420.2449 375.4322
389 502.3096 352.1913
390 419.6944 387.5823
391 403.2347 545.6665
392 375.0684 509.6315
393 363.2968 546.7541
394 502.9518 655.5846
395 483.5254 682.6144
396 427.0592 731.6783
397 540.1229 620.6222
398 355.4536 393.2826
399 338.5824 440.3533
400 462.2705 731.1321
401 542.0087 513.1692
402 391.6321 607.1525
403 396.0237 611.2318
404 401.3335 618.7410
405 407.0868 628.9038
406 418.2241 647.5158
407 417.9585 589.5069
408 423.6757 586.5784
409 428.7758 582.2007
410 442.9141 566.4013
411 497.2064 511.0645
412 333.6798 423.2500
413 334.3843 391.3120
414 346.4656 390.8855
415 412.9980 588.1328
416 516.3857 561.1028
417 319.7763 393.2618
418 433.3302 665.4556
419 323.2635 432.0700
420 359.1843 467.3501
421 404.3890 684.0992
422 466.9063 614.6710
423 411.8442 510.9167
424 453.3690 642.6500
425 451.2344 499.6573
426 433.7711 526.6009
427 476.3899 528.5417
428 417.6971 708.4471
429 374.2860 475.9638
430 488.5084 629.7126
431 470.0763 659.3177
432 474.1244 584.7421
433 526.9961 535.2222
434 499.2986 585.8812
435 543.8765 554.6907
436 456.2342 548.4098
437 353.7819 451.3244
438 367.9773 504.2230
439 382.8130 506.1863
440 356.3529 492.4011
441 344.9660 375.0409
442 371.9002 360.1800
443 396.8957 353.6430
444 419.0383 352.7578
445 436.0401 357.8477
446 455.1327 385.2826
447 525.4231 429.3421
448 446.4437 409.4406
449 428.9466 417.1091
450 404.7618 421.4928
451 380.6739 422.2294
452 361.5682 420.0318
453 347.9764 416.4852
454 528.4580 438.4574
455 383.9569 511.4310
456 342.6331 456.6415
457 354.8166 507.5988
458 346.7928 520.2309
459 355.4085 511.4808
460 380.4970 518.7490
461 343.8769 522.5210
462 343.4339 527.6869
463 345.4275 401.9260
464 336.3127 408.7277
465 331.8812 412.2259
466 427.1492 377.7214
467 436.0880 371.8409
