# Image: /home/yaroslav/Projects/Diia.AIContest-AdAstrum/fixtures/FLUXSynID-processed/00399b1a5be6/00399b1a5be6_m_live_0_p_d1.jpg
# Mode: stream
# Status: fail
# Errors: strong_shadows_on_face: Strong shadows or uneven lighting detected (difference: 34.2); face_not_looking_straight_at_camera: Head is turned 172.6째 (max: 15.0째); head_is_tilted: Head is tilted 20.6째 (max: 10.0째); hair_covers_part_of_face: Possible hair occlusion detected (score: 0.175)

# 2D Landmarks (index x y)
0 284.5574 656.9839
1 297.0058 563.5786
2 293.0451 594.3210
3 282.7747 484.0116
4 299.7813 538.1268
5 303.1618 507.2287
6 311.1064 436.7384
7 134.9334 420.0266
8 317.3815 384.0147
9 321.2535 353.4869
10 333.1141 258.3497
11 282.7057 670.0042
12 281.2828 679.8915
13 280.6999 683.8647
14 279.1440 698.2879
15 277.9311 708.7348
16 276.2566 721.9878
17 274.2846 737.3304
18 271.1429 761.6879
19 295.2206 577.8003
20 268.0092 574.1879
21 65.4512 341.4828
22 202.3217 444.9800
23 178.1113 444.6855
24 154.8476 441.9252
25 124.4385 428.4076
26 223.4556 440.9886
27 176.8049 386.7733
28 202.0237 390.3826
29 152.3377 387.6486
30 135.2481 394.0900
31 103.6655 442.3017
32 165.8166 783.3266
33 126.8271 414.9565
34 37.9751 434.6196
35 79.2517 425.9032
36 166.9549 537.1909
37 248.7901 647.7912
38 249.6501 675.6514
39 210.1681 651.2643
40 185.5830 659.4594
41 222.2699 673.5457
42 201.0021 674.2170
43 148.8585 696.4260
44 274.0382 559.9396
45 273.1723 535.3787
46 101.7149 365.6757
47 226.3051 484.1808
48 206.1006 548.5919
49 205.9224 536.7470
50 96.7497 528.3556
51 278.1447 506.9324
52 160.9620 342.2105
53 126.6255 349.0999
54 92.4267 300.3074
55 266.2031 371.0057
56 224.0620 399.4447
57 132.3507 668.8740
58 27.2649 661.4254
59 223.9040 564.6698
60 246.1676 576.6206
61 156.6159 675.0667
62 169.1850 675.9313
63 115.5978 333.9146
64 202.7486 560.8400
65 206.6300 347.2277
66 204.4922 327.9097
67 193.5531 252.8968
68 104.3692 316.0282
69 201.5856 288.8304
70 89.6205 356.2683
71 77.7629 349.9607
72 248.4360 663.8785
73 216.8795 664.7213
74 193.4028 667.1247
75 230.0517 570.9082
76 162.7738 675.9241
77 174.5502 683.7194
78 172.9941 675.3899
79 242.5551 556.3028
80 206.6408 673.8036
81 227.6122 675.9485
82 252.5991 679.4855
83 233.0595 755.2751
84 237.4936 729.8499
85 241.6674 714.7376
86 245.9679 701.5150
87 249.5355 693.2179
88 201.8526 684.0349
89 197.1063 686.5347
90 189.7789 692.3061
91 183.1293 699.8604
92 169.6763 627.2749
93 22.0515 544.0911
94 294.3995 584.6983
95 188.3635 681.1754
96 181.8585 681.4847
97 254.8919 589.9832
98 210.1677 578.6007
99 250.6063 583.5382
100 197.8476 495.3786
101 156.8311 506.6553
102 199.7201 548.2319
103 132.7744 269.3422
104 143.3778 294.3154
105 154.4784 323.7012
106 170.3704 716.7392
107 262.2915 339.2631
108 260.7813 294.7824
109 258.0749 250.6903
110 135.1480 436.6662
111 75.8890 456.5258
112 237.0952 435.9650
113 108.4572 398.5448
114 246.9100 470.0984
115 226.3057 540.0555
116 48.5295 472.0234
117 89.7599 472.0997
118 119.0562 481.8926
119 165.5870 482.8614
120 200.8906 476.7599
121 228.6033 468.1539
122 285.8576 440.2873
123 43.6146 519.5363
124 89.6429 393.7203
125 281.4454 574.9276
126 222.9917 505.5143
127 34.1771 440.6976
128 250.0687 457.0072
129 197.4058 551.3537
130 118.4212 415.5074
131 226.3772 525.7694
132 19.5862 600.4893
133 237.5723 427.8290
134 252.7567 513.8766
135 66.9436 714.9405
136 66.1022 747.7812
137 21.2347 530.8729
138 43.1372 679.9240
139 58.6258 389.3071
140 156.7483 809.9847
141 283.1423 582.1650
142 197.5801 521.3855
143 58.8848 430.4215
144 158.7210 427.5827
145 179.7820 431.1370
146 167.1130 687.0400
147 39.7548 567.9297
148 200.7709 854.3066
149 125.7690 810.2186
150 96.8574 783.6284
151 327.1872 305.6222
152 257.8245 866.9678
153 200.0851 431.8461
154 219.3172 430.2629
155 231.4232 429.2347
156 74.1919 389.9801
157 218.2501 415.1009
158 197.9115 409.8674
159 177.9333 407.0025
160 156.8803 407.5450
161 142.4521 410.5665
162 47.5543 385.4072
163 144.5948 423.7507
164 290.2373 614.6774
165 194.3555 614.1318
166 224.7884 559.9913
167 249.6403 612.0186
168 314.0337 411.4034
169 94.1849 750.9088
170 123.5305 780.4448
171 202.2377 833.3907
172 44.1839 710.5033
173 231.7928 422.2821
174 263.2788 474.6902
175 260.5373 845.8345
176 158.8784 834.4286
177 20.1276 583.9121
178 223.6457 688.0916
179 218.4213 693.7835
180 212.2781 703.2863
181 206.7379 716.3355
182 196.8419 737.3049
183 181.8984 674.4689
184 173.8176 671.1242
185 166.6049 666.0543
186 146.6810 645.6024
187 69.5309 580.0267
188 267.1966 453.7919
189 260.2118 412.9125
190 244.2153 415.9796
191 188.8982 672.6297
192 57.3167 641.4461
193 281.7797 411.9927
194 181.2740 758.7839
195 305.8548 482.6770
196 283.4644 463.0841
197 308.4570 460.4562
198 238.2715 508.9475
199 264.0864 817.8587
200 268.0329 786.8522
201 222.2125 778.9184
202 126.6257 703.1033
203 175.8847 569.9988
204 150.4736 733.9147
205 125.0928 561.4182
206 151.7315 592.5505
207 98.2176 599.5403
208 209.5616 807.1515
209 218.6199 521.6487
210 104.6390 720.8031
211 134.1663 753.6264
212 110.6592 668.5912
213 39.3564 610.7505
214 82.0481 670.1445
215 25.3414 633.7649
216 126.9807 623.2422
217 243.6712 489.9689
218 234.2319 551.1518
219 213.5094 557.0197
220 248.8784 536.1763
221 243.1230 391.0404
222 204.5127 374.4667
223 170.5726 369.1577
224 141.7355 370.9988
225 120.7815 380.4165
226 101.5980 420.8966
227 26.4980 481.4786
228 115.3262 452.0696
229 139.2567 459.7667
230 171.0653 462.4168
231 202.4242 459.9971
232 227.8276 454.4992
233 245.5896 448.1665
234 28.2972 492.4731
235 212.6513 564.7857
236 260.3757 493.8371
237 254.7462 553.9582
238 268.0588 569.3570
239 254.0297 558.5965
240 219.1134 574.3723
241 272.8879 572.1326
242 274.0485 579.0960
243 246.7587 429.6174
244 260.6295 436.4803
245 267.6467 439.9078
246 133.7682 413.0348
247 121.7509 401.9490
248 327.6888 490.2803
249 481.6416 469.3316
250 322.2793 581.6070
251 569.1158 410.4805
252 412.0205 474.8802
253 435.5074 481.0260
254 458.6247 484.3893
255 489.8561 480.1533
256 392.4552 465.4326
257 449.8052 427.0772
258 425.1266 423.4137
259 472.5875 434.6906
260 487.1512 445.3483
261 507.8281 498.5325
262 367.2770 810.6578
263 490.2923 467.1750
264 573.7965 508.0244
265 535.3545 489.6135
266 425.9752 571.7624
267 321.0484 656.6507
268 312.4546 683.3648
269 356.6289 669.1823
270 377.6174 682.6164
271 339.2381 687.6541
272 358.9645 693.0225
273 403.7459 728.6197
274 319.9018 566.1234
275 325.8587 542.5593
276 526.4839 427.6025
277 380.9351 505.3008
278 386.8466 572.8317
279 389.4761 561.2199
280 495.2951 581.5806
281 327.2811 513.7262
282 475.6912 389.7545
283 506.4738 405.5945
284 553.0231 363.8724
285 369.4613 386.9435
286 402.1462 425.6657
287 426.1433 706.0811
288 531.2567 730.8259
289 366.4204 583.5684
290 342.2266 589.2595
291 401.1489 704.5008
292 388.8953 702.1091
293 520.7670 393.8920
294 387.1351 585.1925
295 431.5057 381.3069
296 438.5689 363.4159
297 468.2996 291.2764
298 536.9388 377.5013
299 451.5114 324.9513
300 540.7447 421.4308
301 554.8606 416.8233
302 317.0773 672.2481
303 346.7605 680.3857
304 368.0568 688.0822
305 359.0414 587.8490
306 394.9228 703.5177
307 382.1758 708.5615
308 385.3200 700.7683
309 350.9973 570.8683
310 353.5737 691.0974
311 333.2549 688.4805
312 308.4729 686.1652
313 309.4324 765.2399
314 311.1883 739.2732
315 311.2768 723.4457
316 310.4887 709.5219
317 309.0612 700.5706
318 356.5628 702.5862
319 360.3672 706.1748
320 365.8089 713.6878
321 370.4951 723.0781
322 401.0733 656.7106
323 563.9272 618.6973
324 369.6642 702.8951
325 375.8698 704.7140
326 330.9705 599.9052
327 375.5463 600.1752
328 336.3124 594.7605
329 405.7803 523.4723
330 442.6376 544.9616
331 392.6005 573.8417
332 522.0351 323.5750
333 505.0020 346.5405
334 486.6758 373.5315
335 378.6371 743.3418
336 381.1470 357.5919
337 393.8684 313.8790
338 407.1927 271.4328
339 478.2648 484.7459
340 531.7938 519.2518
341 380.5732 456.8341
342 512.3460 456.7241
343 364.4327 486.4408
344 369.7227 559.3722
345 555.0655 541.3904
346 514.7325 530.0228
347 484.3708 531.3809
348 439.4738 520.1418
349 406.9185 505.0426
350 382.0213 489.5574
351 334.4639 447.2481
352 548.7770 587.9491
353 532.4183 456.7333
354 309.1656 578.6313
355 379.4940 526.6268
356 575.8643 514.5643
357 364.0850 473.1078
358 393.9193 577.2665
359 498.3375 470.0080
360 372.4783 545.5546
361 553.1219 674.1437
362 382.0532 449.1806
363 349.8359 527.0641
364 479.9207 771.3139
365 472.7624 804.0329
366 567.8904 605.9621
367 511.5282 743.9496
368 564.5834 459.0096
369 369.5151 839.4269
370 305.8797 585.1757
371 400.1878 548.5599
372 554.3064 499.1224
373 457.7723 469.8768
374 436.8963 467.6754
375 388.4264 713.8885
376 541.1681 635.7674
377 315.8614 870.3266
378 399.3403 848.2386
379 434.0316 830.3479
380 417.0790 462.9407
381 398.8793 456.2448
382 387.6347 452.0252
383 548.7362 456.6857
384 403.4413 442.2240
385 424.1529 443.1119
386 443.6146 445.9752
387 463.3508 452.2548
388 476.3304 458.8534
389 576.1821 457.6381
390 471.8365 470.0164
391 381.3471 637.9995
392 367.1168 578.8183
393 329.5651 622.3166
394 444.4437 799.0716
395 408.8209 819.8125
396 319.6594 849.8572
397 503.1050 774.0212
398 388.9335 445.4502
399 348.1022 486.4841
400 361.2482 862.6230
401 556.9669 657.6304
402 335.1288 701.5900
403 338.6809 708.4340
404 341.9298 719.3364
405 344.0565 733.5151
406 348.3429 756.8185
407 376.9773 697.6020
408 385.5423 696.3012
409 393.7907 693.4243
410 418.1141 679.8351
411 509.5734 638.9938
412 348.9219 465.3474
413 364.5588 428.4100
414 378.7481 435.8707
415 370.5677 694.0111
416 506.7031 701.9843
417 344.7423 421.3184
418 358.0967 782.3608
419 331.5863 469.7365
420 364.2962 525.9974
421 313.9358 791.1739
422 423.7469 742.4146
423 409.8018 600.7811
424 393.7162 766.1991
425 460.3692 606.0031
426 427.1918 628.6910
427 477.0999 649.7378
428 318.9631 822.1805
429 380.2335 543.3071
430 441.0752 766.4316
431 405.0115 790.4567
432 447.2802 712.7857
433 531.2224 677.2095
434 475.6008 722.9295
435 539.9062 704.3093
436 442.7314 664.3990
437 363.2026 506.2724
438 360.0783 568.0554
439 378.2498 578.9396
440 349.2895 549.8202
441 386.2009 412.5435
442 426.7581 407.7549
443 459.9448 412.1657
444 486.9176 421.7717
445 504.6850 436.4066
446 514.3342 479.2397
447 574.0085 556.6946
448 494.1941 504.4672
449 469.9878 505.2698
450 438.6753 499.5351
451 408.8297 488.9156
452 385.6886 476.9070
453 370.0954 465.8903
454 569.4518 566.6061
455 377.0210 586.5072
456 346.7107 505.6631
457 339.8627 565.4892
458 323.3222 576.9629
459 339.5316 570.1506
460 368.3202 594.0649
461 318.0101 578.2953
462 315.3057 584.8095
463 372.8689 448.1845
464 358.6435 450.7200
465 351.4767 452.0331
466 484.2383 463.4848
467 498.3122 456.3060
