# Image: /home/yaroslav/Projects/Diia.AIContest-AdAstrum/fixtures/FLUXSynID-processed/00194c971ca4/00194c971ca4_m_doc.jpg
# Mode: stream
# Status: fail
# Errors: strong_shadows_on_face: Strong shadows or uneven lighting detected (difference: 40.1); face_not_looking_straight_at_camera: Head is turned 176.5째 (max: 15.0째); head_is_tilted: Head is tilted 15.4째 (max: 10.0째); face_too_small_in_frame: Face occupies only 47.4% of frame (min: 50.0%); hair_covers_part_of_face: Possible hair occlusion detected (score: 0.268)

# 2D Landmarks (index x y)
0 297.4959 604.1866
1 301.5861 521.6783
2 300.6260 546.6240
3 289.0223 452.8979
4 302.8069 499.9701
5 304.6354 472.5461
6 309.1227 407.3004
7 170.5121 400.2237
8 312.9399 352.7381
9 314.9192 324.3458
10 320.4414 242.9499
11 296.9020 615.3814
12 296.4944 623.6567
13 296.3036 627.0309
14 296.0906 633.9912
15 295.5739 643.2584
16 294.8800 654.8392
17 294.1078 666.9369
18 293.1966 684.0520
19 300.8788 533.0632
20 282.9218 531.6672
21 113.7340 327.1164
22 225.4494 421.9295
23 205.8210 423.0632
24 187.4744 421.0281
25 164.5383 407.5992
26 242.5065 416.3420
27 202.7377 363.5225
28 223.4458 366.1917
29 183.2331 365.8655
30 169.8681 373.3287
31 150.0951 421.3203
32 218.1549 705.7301
33 164.4899 393.9423
34 100.2242 411.5077
35 130.9957 405.1753
36 207.3715 505.8314
37 273.2354 599.4118
38 275.8001 622.3925
39 248.1125 604.8378
40 231.9512 612.6846
41 257.8774 622.5622
42 243.6149 623.7677
43 204.3550 641.6705
44 284.9332 520.1501
45 283.3441 499.8634
46 142.4298 346.7654
47 248.3033 454.4547
48 239.6950 515.7012
49 239.0340 505.1000
50 153.0802 501.6793
51 286.1297 474.1872
52 185.4317 322.0048
53 160.0920 329.9096
54 132.1487 290.6164
55 269.8267 343.7788
56 241.4945 374.5520
57 191.8562 621.0161
58 110.4604 602.0295
59 253.5061 527.5941
60 269.3089 535.6024
61 212.6462 625.2400
62 221.5440 624.7025
63 150.4729 316.4340
64 238.7829 526.2346
65 220.8572 324.5511
66 218.2906 307.8836
67 209.4711 246.2482
68 141.0142 303.4205
69 215.5031 277.1795
70 132.6090 338.3969
71 123.0066 334.2746
72 273.9863 612.7986
73 253.6053 615.7114
74 237.8703 618.5415
75 258.3833 532.3763
76 217.2478 625.5137
77 224.6076 629.9581
78 223.7689 623.3690
79 264.5181 518.8229
80 247.7428 622.8145
81 261.9705 624.0091
82 278.2958 625.3759
83 266.0818 681.8463
84 268.0575 663.6003
85 270.4556 651.0027
86 273.1595 639.6756
87 275.6130 632.0894
88 242.9942 627.9043
89 239.6784 630.5444
90 234.5998 635.8059
91 229.9138 642.3167
92 217.5530 584.9313
93 97.7741 502.2157
94 300.8153 538.3080
95 233.9520 626.4647
96 229.7188 627.7155
97 275.3525 546.1818
98 245.1673 540.6187
99 272.3891 541.0811
100 227.7332 466.5173
101 196.6572 479.4733
102 235.7023 515.2532
103 161.9937 262.5323
104 169.8148 283.1222
105 179.1985 305.8678
106 220.2121 656.0767
107 265.2932 316.1134
108 263.4498 280.5498
109 260.7566 241.2007
110 172.5432 416.2359
111 130.3408 435.6514
112 253.4230 410.5157
113 150.4775 378.6905
114 262.5310 440.6648
115 252.1764 506.6725
116 110.8342 449.1413
117 141.7145 450.8189
118 164.8476 459.3165
119 200.6523 457.2926
120 227.5878 449.3899
121 248.4165 439.6810
122 290.2209 412.2037
123 111.7281 492.3767
124 135.9202 374.0881
125 291.1213 531.7377
126 248.4643 474.2757
127 97.7686 412.8930
128 264.2432 428.2913
129 234.2350 517.3701
130 159.2199 394.7932
131 251.9637 494.0672
132 100.0735 550.6116
133 253.8243 402.5562
134 268.7507 481.6918
135 142.9636 652.5492
136 143.8606 675.0777
137 95.5872 497.1469
138 124.2125 623.1841
139 111.7894 370.4056
140 212.4079 725.5777
141 293.0864 537.0903
142 230.6327 489.9290
143 115.9817 409.1908
144 188.8945 409.0682
145 205.7631 411.7975
146 219.4289 633.3312
147 114.2026 533.1994
148 246.0831 756.9907
149 189.9091 724.2443
150 167.8166 703.7607
151 317.5580 285.3540
152 288.1313 763.7660
153 222.7278 411.0493
154 238.6563 407.5782
155 248.6656 404.9654
156 124.0398 370.4650
157 237.5444 387.5872
158 220.7590 381.4292
159 203.7935 379.3589
160 186.5450 381.7155
161 175.4964 386.6007
162 102.9889 365.5073
163 177.7021 404.7404
164 299.6331 565.2603
165 234.6953 572.6570
166 253.4058 523.4667
167 272.1937 566.8056
168 310.9465 380.9644
169 164.1039 680.9887
170 187.1285 703.0728
171 246.0166 742.8604
172 126.0067 643.5346
173 248.9006 396.2931
174 274.8245 444.7931
175 289.0053 749.0576
176 214.9938 742.8956
177 99.7338 542.1037
178 257.7236 629.7231
179 254.1236 634.9797
180 250.0519 643.4639
181 246.3534 654.2792
182 239.7597 670.3138
183 230.7150 624.0679
184 224.8365 622.0322
185 219.3673 618.3867
186 201.9362 601.7523
187 137.8547 545.2795
188 276.7489 425.0105
189 269.8372 386.3888
190 257.9464 390.3594
191 235.5676 621.8418
192 132.7967 594.8338
193 285.9494 383.8081
194 228.9689 686.9281
195 306.3010 450.0604
196 288.9540 433.4817
197 307.6719 429.4349
198 259.2672 477.3348
199 290.2960 728.0008
200 291.9561 703.8160
201 259.0084 700.6213
202 186.2259 646.7500
203 217.9195 534.5442
204 205.0189 669.3238
205 177.4697 529.2982
206 200.2784 555.3040
207 160.2332 562.4668
208 250.4873 723.0640
209 246.9214 489.6410
210 170.0994 659.6094
211 193.6331 683.5723
212 173.3332 620.1760
213 117.5382 568.4710
214 151.7490 620.0228
215 107.7263 583.9768
216 183.9896 583.0151
217 261.9717 459.2773
218 258.1425 515.3447
219 245.3524 522.2032
220 266.7123 501.6490
221 254.4762 365.4640
222 223.0032 351.2734
223 196.0201 348.0312
224 173.7814 351.2185
225 158.4952 360.9949
226 147.2646 400.0314
227 95.1086 453.7907
228 159.3996 430.6166
229 177.8466 437.5187
230 202.5767 438.5929
231 227.1634 434.4891
232 246.7982 427.4976
233 260.4432 420.4544
234 98.0239 457.3418
235 245.7537 528.8190
236 273.3376 462.6661
237 271.5831 516.1909
238 282.1041 527.8427
239 271.9451 519.9312
240 251.2694 536.4129
241 285.3868 529.9567
242 287.0423 535.2829
243 260.8855 403.7229
244 271.5590 408.8080
245 276.8806 411.5627
246 169.2023 390.4994
247 160.5373 381.5891
248 323.1064 454.8731
249 448.7983 416.5627
250 319.3535 533.4319
251 516.0408 350.7531
252 391.5762 431.6379
253 411.0789 434.9428
254 429.7040 435.0681
255 454.0733 424.4597
256 375.4944 424.3769
257 421.0620 376.9672
258 400.2219 377.2124
259 440.0846 381.6289
260 452.5848 390.4147
261 467.0880 439.7452
262 365.1866 714.2846
263 455.6410 411.1564
264 519.1974 435.9756
265 488.1487 425.9752
266 399.7787 516.5778
267 322.3448 601.4097
268 317.3746 624.1857
269 346.9186 609.1259
270 362.2513 618.2665
271 335.5045 625.8710
272 349.5473 628.3744
273 386.2639 650.7954
274 318.1900 521.7983
275 322.2612 501.9326
276 483.0557 367.9524
277 364.5700 461.0949
278 364.4689 522.6041
279 366.7166 512.1419
280 454.7720 518.5279
281 322.9369 476.3066
282 443.2713 339.0889
283 467.4474 349.7155
284 502.1656 312.1434
285 357.1484 349.8021
286 381.4912 383.3836
287 401.2251 631.4697
288 486.1555 624.7778
289 349.4798 532.7215
290 333.0634 538.9814
291 380.1365 632.9548
292 371.3806 631.5312
293 478.8072 337.5644
294 364.2737 533.2726
295 407.9700 337.1032
296 412.9331 320.8134
297 430.4168 259.2723
298 490.9169 324.6402
299 420.1174 289.9129
300 494.1791 360.6712
301 505.2032 357.1287
302 320.1802 614.8131
303 340.4019 619.3298
304 355.8533 623.6316
305 344.2148 537.0301
306 375.5177 632.6088
307 367.6442 636.5615
308 369.2613 629.9454
309 339.2002 522.5605
310 345.7217 627.0280
311 331.2727 626.9313
312 314.6078 626.9246
313 320.2959 684.7439
314 320.2811 666.1038
315 319.6833 653.3298
316 318.3554 641.7256
317 316.8163 633.9094
318 349.8176 632.6360
319 352.7621 635.6008
320 357.0548 641.3959
321 361.0117 648.6251
322 379.7400 593.1118
323 510.9896 526.9015
324 358.9685 632.2499
325 363.0443 633.7511
326 325.8098 548.7995
327 356.5640 546.7225
328 329.1589 544.0999
329 384.0563 475.4358
330 413.8225 491.6038
331 368.9839 522.7133
332 475.6958 280.8989
333 464.7878 301.3572
334 451.5888 323.6770
335 369.0287 663.6499
336 365.4410 322.8459
337 372.1855 287.3138
338 380.1971 248.1792
339 445.2461 431.9187
340 485.1136 456.0490
341 365.5512 417.2399
342 471.4020 398.1763
343 351.8907 445.8445
344 352.9922 512.1339
345 503.0122 471.7944
346 471.7963 469.5549
347 447.8065 475.2566
348 412.3091 469.3068
349 386.1833 458.4835
350 366.3841 446.6415
351 327.6457 414.4427
352 496.8179 514.4306
353 486.7560 395.0761
354 310.7669 532.7587
355 361.8723 480.7618
356 522.0827 437.6600
357 351.9365 433.5536
358 370.2779 525.0099
359 460.7961 412.7170
360 354.7948 499.7541
361 502.7449 574.8597
362 366.2116 409.3424
363 339.4417 485.6692
364 446.8170 670.4282
365 443.6059 693.3419
366 512.8738 521.6983
367 469.3427 643.5796
368 512.4203 393.8161
369 368.4080 734.9137
370 308.5412 537.7871
371 378.0517 498.2913
372 502.9984 431.6673
373 429.6519 422.9424
374 412.4157 423.7996
375 372.5416 640.3842
376 489.7503 554.8539
377 330.7358 762.2825
378 391.2622 736.7564
379 415.9419 719.1201
380 395.6746 421.1357
381 380.5170 415.8637
382 371.0140 412.3219
383 499.5328 392.7550
384 383.9681 396.7240
385 400.9823 392.6917
386 418.0485 392.4851
387 435.0645 396.6722
388 445.4945 402.6913
389 522.3082 390.0762
390 441.0395 420.0273
391 363.6509 579.2663
392 350.0999 528.5509
393 326.8579 569.5113
394 422.0547 696.3599
395 396.5510 715.8079
396 332.5047 748.1477
397 465.3928 664.2166
398 371.8291 403.8660
399 338.7983 448.5664
400 363.7319 752.0905
401 503.6205 565.9167
402 334.9441 633.1383
403 337.8858 638.6916
404 340.8351 647.5338
405 343.2554 658.8072
406 347.8398 675.9451
407 362.3916 629.8591
408 368.4096 628.2843
409 374.2921 625.2757
410 393.3638 611.2080
411 464.8145 563.7459
412 339.5442 428.7901
413 352.0341 391.7192
414 363.3137 397.0083
415 357.9541 627.2343
416 463.6565 613.8300
417 335.8210 387.0180
418 356.6698 694.0819
419 325.8877 435.6178
420 350.0499 482.4691
421 324.9659 704.3208
422 403.6364 658.5576
423 385.0536 543.7621
424 382.4044 679.1360
425 427.0965 543.1085
426 400.7070 566.1401
427 440.3643 577.9933
428 330.3387 727.7550
429 360.9711 496.0990
430 418.2676 673.8086
431 392.2875 695.1052
432 419.6985 633.3065
433 482.1622 589.5118
434 441.5278 636.2753
435 490.6488 606.7318
436 413.4892 595.2848
437 349.8872 464.3255
438 345.8800 519.9088
439 358.1699 528.3150
440 338.8819 505.4899
441 369.9206 372.9717
442 402.5467 362.8025
443 429.5616 362.7066
444 451.4401 368.4571
445 465.5421 379.8947
446 472.5134 419.2623
447 518.6447 478.6577
448 456.6926 447.7694
449 437.4051 452.3308
450 412.4607 450.6665
451 388.3683 443.8136
452 369.8218 434.8078
453 357.1868 426.2226
454 516.3043 482.1126
455 356.9767 534.9571
456 337.5784 466.3835
457 332.0719 519.3166
458 320.3541 529.7001
459 331.4115 522.8415
460 350.8834 541.9225
461 316.8569 531.4801
462 314.7969 536.6635
463 359.0416 409.7981
464 347.4214 413.4776
465 341.4798 415.6898
466 451.2963 407.2140
467 460.9233 399.6880
