# Image: /home/yaroslav/Projects/Diia.AIContest-AdAstrum/fixtures/FLUXSynID-processed/00b4299e5bd5/00b4299e5bd5_m_live_0_p_d1.jpg
# Mode: stream
# Status: fail
# Errors: strong_shadows_on_face: Strong shadows or uneven lighting detected (difference: 55.8); face_not_looking_straight_at_camera: Head is turned 178.4째 (max: 15.0째); head_is_tilted: Head is tilted 20.1째 (max: 10.0째); face_too_small_in_frame: Face occupies only 43.0% of frame (min: 50.0%)

# 2D Landmarks (index x y)
0 301.8126 634.7072
1 299.8651 575.5942
2 300.5704 592.1988
3 282.9424 508.4697
4 299.1832 555.6572
5 298.5837 528.2582
6 297.4342 461.0820
7 168.8162 454.8157
8 296.1974 419.9598
9 295.3571 394.7986
10 292.0884 286.6098
11 302.2070 643.9446
12 302.5569 649.9912
13 302.9553 651.3880
14 303.0353 654.4074
15 303.2567 661.8739
16 303.6244 671.4184
17 304.1894 681.5673
18 305.2362 698.8444
19 299.9847 584.7748
20 283.2061 582.0037
21 98.2486 378.9328
22 221.8740 470.6876
23 203.8670 472.4759
24 186.3471 472.0146
25 162.5885 462.3804
26 236.6383 465.7201
27 195.4104 431.9679
28 214.1716 431.5875
29 178.3891 434.8846
30 167.0674 439.6920
31 147.9941 474.7598
32 239.4958 731.4633
33 162.1326 450.7322
34 94.0050 463.9154
35 126.1315 463.2569
36 210.7630 552.7624
37 279.5674 631.6389
38 283.6273 649.4090
39 257.2407 636.8161
40 243.3668 643.7125
41 267.3665 649.9687
42 254.5938 651.2057
43 223.2057 670.7378
44 284.5118 575.2707
45 281.6875 556.0327
46 135.9775 422.7820
47 245.1149 503.1744
48 241.9502 566.4539
49 241.0465 555.2068
50 157.1484 550.3635
51 282.2040 530.5005
52 179.3775 406.7033
53 153.5554 411.7916
54 113.8357 345.5038
55 259.5887 418.8663
56 231.2098 435.0710
57 208.2924 653.6150
58 122.2203 640.3692
59 255.3593 576.9200
60 271.0842 582.6414
61 227.8386 653.4337
62 235.4240 651.9179
63 142.3631 398.2537
64 241.6146 573.6631
65 214.2683 407.8934
66 209.7434 390.9997
67 184.9993 299.7283
68 128.5443 370.1592
69 199.1694 342.5994
70 124.0529 412.8566
71 111.0665 396.2281
72 281.3188 642.6431
73 263.0238 645.4054
74 249.1476 648.0311
75 260.2756 579.8001
76 231.8349 652.9441
77 239.8381 656.0014
78 237.1102 650.8573
79 264.7921 572.8358
80 257.8972 649.3483
81 271.1094 649.7824
82 286.3028 650.7356
83 282.0390 699.3716
84 282.7993 680.9653
85 283.2106 669.8198
86 283.9616 660.4977
87 285.2202 654.1376
88 255.6289 652.8701
89 253.2714 655.0607
90 249.9440 660.0692
91 246.9804 666.5213
92 227.1641 622.2459
93 98.5608 546.1611
94 300.2330 587.3692
95 246.9441 652.5077
96 243.6498 653.4532
97 277.5882 591.4207
98 248.7162 584.4332
99 274.4200 587.2862
100 227.0394 514.3082
101 198.2680 527.7756
102 238.2995 562.8132
103 141.2041 318.6480
104 156.6669 351.6536
105 171.7612 389.7683
106 238.8989 681.9998
107 252.1946 393.4844
108 243.1448 339.1020
109 233.6472 290.0012
110 171.3728 468.9291
111 128.8078 488.7107
112 245.8726 460.9618
113 145.9595 443.0229
114 257.2957 490.8552
115 252.9551 560.9962
116 110.3287 501.6013
117 142.3179 502.5513
118 166.3484 509.7566
119 200.9441 506.0626
120 225.9060 497.5135
121 244.1297 488.2367
122 280.1728 466.4079
123 115.4633 542.2208
124 129.6117 440.6564
125 290.8308 584.0348
126 247.0536 523.1697
127 89.7845 459.9810
128 257.6203 478.0127
129 237.2563 562.9157
130 156.8211 453.1380
131 252.2544 547.2732
132 107.0425 592.5610
133 245.2090 453.5261
134 266.7960 537.0274
135 161.8985 687.9613
136 165.0949 707.4186
137 99.0445 545.4609
138 138.3781 662.0997
139 101.7451 426.4804
140 237.0256 749.7035
141 292.9781 586.6508
142 231.6681 537.1092
143 110.6846 466.2721
144 187.3105 460.1052
145 203.1490 461.4579
146 235.8407 659.9419
147 120.8942 580.7862
148 271.4226 772.7983
149 217.2137 749.3037
150 193.2363 732.4610
151 293.7063 338.1966
152 308.6990 774.9504
153 218.2771 459.9768
154 232.3274 456.8342
155 241.1286 455.1505
156 116.0489 435.6448
157 229.0313 440.4129
158 213.2236 435.8478
159 197.3423 435.3629
160 181.6175 439.0078
161 172.0019 444.1260
162 90.8798 414.6783
163 176.3212 457.4960
164 301.0460 604.9990
165 242.5106 611.4255
166 254.7823 574.6742
167 276.4165 606.4859
168 296.9056 438.8677
169 187.0202 712.8410
170 211.0727 731.6496
171 269.0622 762.0783
172 142.3356 678.8989
173 240.1670 448.0887
174 269.1326 498.0528
175 308.0044 763.3295
176 242.5301 763.4218
177 107.2163 587.6849
178 269.1419 653.2822
179 266.8274 657.8151
180 264.7654 665.2802
181 263.1125 675.1339
182 258.2929 692.1407
183 243.0503 651.7809
184 237.9267 650.9252
185 232.6945 648.5314
186 214.2399 636.9635
187 144.7757 591.6065
188 268.9981 477.4616
189 259.1247 442.5649
190 247.5792 445.1846
191 246.5978 649.0652
192 144.7104 636.5065
193 274.2293 442.4195
194 248.1681 711.8507
195 298.1667 505.2366
196 281.2366 488.3132
197 297.8443 483.7311
198 257.4772 529.1424
199 307.1385 744.8616
200 306.1795 720.5512
201 276.3304 720.9033
202 205.9445 678.9319
203 223.5740 578.2989
204 225.6444 698.1504
205 183.0024 575.6391
206 207.8784 597.7105
207 168.7166 606.4109
208 270.7032 744.2977
209 247.2208 539.0760
210 191.2614 692.8229
211 215.4199 713.4290
212 190.3216 656.1347
213 127.2042 613.0877
214 168.2173 657.8673
215 118.5318 626.4406
216 194.5915 622.6875
217 258.3394 510.3258
218 258.8558 569.9741
219 247.3201 573.0726
220 266.2814 557.9209
221 244.6098 431.0749
222 215.1078 424.6236
223 189.6995 423.7715
224 168.4652 425.7956
225 153.5886 431.7184
226 143.5227 458.0305
227 93.8281 504.3046
228 158.7902 483.0307
229 177.6046 488.4133
230 201.7351 487.9181
231 224.3141 483.0055
232 241.5331 476.3933
233 253.1925 470.0246
234 93.8561 502.7101
235 248.2040 577.0922
236 269.3433 517.0143
237 271.6535 572.0093
238 282.0857 580.1500
239 271.8229 574.2594
240 253.7631 582.1172
241 285.2693 582.4263
242 287.2210 585.1538
243 251.4988 455.5297
244 262.1517 459.9882
245 267.5287 463.6436
246 166.5044 447.8279
247 157.6522 444.6547
248 313.8962 507.5921
249 429.5081 445.9475
250 316.9929 581.1829
251 497.0422 366.3940
252 376.5005 465.6530
253 394.8772 466.3544
254 412.5828 464.8906
255 436.0834 453.2660
256 361.0037 461.7084
257 400.0515 423.6565
258 380.7778 424.9274
259 417.8824 425.3404
260 430.0788 429.7330
261 451.5991 465.3780
262 374.3641 727.8441
263 435.9519 441.1353
264 505.8751 451.0711
265 472.8042 452.0711
266 391.4718 548.1571
267 324.1041 630.8361
268 321.8793 648.7438
269 347.4243 635.2352
270 362.3613 641.5483
271 338.5280 648.8501
272 351.7965 649.4660
273 385.5141 667.0795
274 315.2068 574.3959
275 316.9829 555.0608
276 460.7135 409.9380
277 353.6830 500.2453
278 358.4748 563.8651
279 359.2080 552.4674
280 446.2855 542.4631
281 315.3870 529.5937
282 414.6188 395.8091
283 441.6478 399.5100
284 478.7614 333.7288
285 333.1676 415.1978
286 363.9804 430.0955
287 399.2172 649.3298
288 487.4323 629.2702
289 345.3051 575.0589
290 329.8720 581.5422
291 379.0422 650.5133
292 371.3224 649.2867
293 452.5683 385.0751
294 359.4352 571.2014
295 378.5083 400.0015
296 382.0029 382.7343
297 401.1428 292.5925
298 465.0939 358.0251
299 389.7197 335.1684
300 472.2668 399.5359
301 484.7644 383.5048
302 323.3854 641.9046
303 342.4072 644.0337
304 356.9737 646.1438
305 340.6946 578.2518
306 374.9150 650.1327
307 367.0043 653.3363
308 369.6247 648.3235
309 334.9656 571.1489
310 348.5794 647.5951
311 335.2446 648.6854
312 319.8659 650.1902
313 328.7418 698.2280
314 325.8878 679.8455
315 324.3001 668.9139
316 322.7440 659.7757
317 321.1535 653.4392
318 351.0403 650.8361
319 353.5196 652.8206
320 357.1154 657.6711
321 360.5474 663.8992
322 377.9793 619.1318
323 506.0931 533.6056
324 359.7558 650.1994
325 363.0346 651.1014
326 323.6845 590.4867
327 353.0096 582.4723
328 326.6331 586.1656
329 372.9301 510.4376
330 403.0811 522.3319
331 362.5446 560.0913
332 448.0230 308.2803
333 434.6010 340.8994
334 421.1035 378.3571
335 370.6282 678.7767
336 338.9127 389.0699
337 344.5590 335.4182
338 350.8339 286.1639
339 427.7507 460.6436
340 471.8206 478.4810
341 351.3465 457.4477
342 451.9068 431.9224
343 340.5551 488.4924
344 346.6816 558.7889
345 491.0898 490.2199
346 458.7667 493.4463
347 434.6739 502.1671
348 399.3176 500.5042
349 373.4011 493.2897
350 354.2032 485.0482
351 315.4544 465.2096
352 488.0279 531.4341
353 468.0034 428.6404
354 309.2984 583.4684
355 352.5081 520.5130
356 510.3311 447.0309
357 339.8756 475.5978
358 363.9849 560.1626
359 441.3931 443.0901
360 347.0570 544.9766
361 499.9328 580.5316
362 351.7476 449.8501
363 331.6145 535.2986
364 449.7905 679.5806
365 448.5505 698.7165
366 504.8873 533.1748
367 471.6136 652.1840
368 495.6983 413.7435
369 378.6144 745.5778
370 307.4794 586.2966
371 369.1112 533.6337
372 488.6598 454.2337
373 411.0942 452.7706
374 395.1447 455.0790
375 371.3691 657.0951
376 484.5652 570.2839
377 346.0291 770.7143
378 399.1193 743.8930
379 422.0310 725.6155
380 379.6511 454.6065
381 365.0749 452.2295
382 356.0906 451.2754
383 481.4276 422.9344
384 367.2651 435.4132
385 382.9828 429.4614
386 398.9998 427.8173
387 415.2244 430.3377
388 425.3634 434.9124
389 506.5078 401.8697
390 422.0080 449.3721
391 361.3551 608.9806
392 345.6309 572.6989
393 326.1924 605.5368
394 426.3631 706.0305
395 403.3037 726.0985
396 347.1342 759.8539
397 469.4375 668.8923
398 356.4042 443.9395
399 328.1846 496.4261
400 374.6229 759.5454
401 498.6905 575.8565
402 337.3966 651.8959
403 340.0458 656.2714
404 342.6681 663.3837
405 345.1226 673.1120
406 352.1203 689.7636
407 363.6790 649.5342
408 368.5990 648.5511
409 373.6989 645.9166
410 392.0732 633.0671
411 460.9207 582.8805
412 327.6400 475.6624
413 336.1919 439.6701
414 348.2790 441.5711
415 359.8969 646.9653
416 463.4991 627.5535
417 320.2816 440.6524
418 363.9441 708.7157
419 315.0403 487.3154
420 341.4976 526.9575
421 336.3753 719.3517
422 404.0133 673.9277
423 379.1414 574.7146
424 385.6187 694.0587
425 421.1475 569.3627
426 396.6640 593.1828
427 437.3999 599.3602
428 344.0161 742.3604
429 352.6370 536.5907
430 420.2806 686.4969
431 397.2062 708.4346
432 418.2305 650.3972
433 479.9295 602.9375
434 440.9760 650.4080
435 489.6087 615.2704
436 411.7149 617.4676
437 339.9842 508.0955
438 340.8853 567.9475
439 353.1792 570.8113
440 332.7496 556.2459
441 349.7210 426.7359
442 379.0369 417.5396
443 405.0691 414.7235
444 427.2435 415.5324
445 443.1276 420.5978
446 455.3020 447.5903
447 508.1949 491.6228
448 441.1152 474.3863
449 422.1059 481.2141
450 397.6084 482.1270
451 374.4122 478.3153
452 356.5614 472.7769
453 344.1863 467.1232
454 508.5445 489.8754
455 352.7432 574.9692
456 328.4206 515.3765
457 327.9830 570.5257
458 317.9585 579.1690
459 327.8638 572.7806
460 347.5378 580.4180
461 314.8393 581.5823
462 313.1662 584.5178
463 345.2355 452.3452
464 334.3152 457.6327
465 328.8009 461.6372
466 431.2617 438.4309
467 439.9984 434.3129
