# Image: /home/yaroslav/Projects/Diia.AIContest-AdAstrum/fixtures/FLUXSynID-processed/0052489b4f9a/0052489b4f9a_m_live_0_e_d1.jpg
# Mode: stream
# Status: fail
# Errors: image_blurry_or_out_of_focus: Image is blurry (sharpness score: 21.47); strong_shadows_on_face: Strong shadows or uneven lighting detected (difference: 30.4); face_not_looking_straight_at_camera: Head is turned 174.1째 (max: 15.0째); head_is_tilted: Head is tilted 15.6째 (max: 10.0째)

# 2D Landmarks (index x y)
0 323.5385 653.0186
1 325.6091 580.5882
2 320.3762 601.2726
3 300.6935 507.8906
4 325.2210 558.5392
5 321.9132 528.5761
6 311.0118 455.9467
7 156.2322 455.1612
8 306.3647 410.1080
9 305.4805 382.5676
10 296.6833 273.4461
11 323.8198 663.3959
12 323.1632 670.1013
13 321.8971 671.9307
14 322.4063 673.0241
15 323.5054 680.6812
16 324.2255 690.6211
17 324.1409 701.1597
18 321.6581 719.5487
19 324.1764 591.1820
20 302.7125 589.8848
21 60.7201 378.9887
22 216.8220 471.0101
23 196.8102 473.9605
24 176.9751 474.5756
25 148.8615 464.4679
26 233.6509 464.6137
27 187.5666 426.6752
28 208.8511 425.6828
29 168.0284 430.6929
30 154.3408 437.1417
31 132.0684 480.4150
32 244.5586 760.3216
33 147.9572 450.2262
34 58.4167 471.7469
35 104.3667 468.0145
36 213.4571 564.5757
37 300.0420 651.3485
38 303.8008 671.0736
39 275.1883 659.7808
40 258.9590 669.7371
41 285.5324 673.7800
42 270.6229 676.8859
43 230.5221 700.0649
44 308.3810 581.0340
45 305.1997 559.9028
46 118.6633 419.7647
47 248.7387 506.4103
48 254.6475 576.6811
49 251.7739 564.5214
50 150.4459 565.6692
51 303.2996 531.9009
52 171.7423 397.7936
53 141.0166 405.5419
54 83.5038 341.0288
55 264.6304 408.1848
56 227.8583 429.3463
57 214.5171 683.4783
58 84.5710 667.2259
59 269.5171 587.6646
60 287.1482 592.8518
61 239.5993 683.5683
62 247.2876 680.7536
63 126.7382 391.6158
64 253.1165 585.9404
65 212.6285 397.1686
66 207.7520 379.2185
67 174.9941 288.7708
68 105.9350 364.9594
69 193.8968 331.5653
70 102.9061 410.2485
71 82.2480 395.3110
72 302.0512 663.7137
73 281.7362 669.0434
74 265.4256 674.0607
75 274.7035 590.9393
76 244.0826 682.6687
77 252.8231 683.1188
78 248.0104 678.8609
79 282.9455 580.6543
80 272.8979 674.6507
81 288.0433 673.4372
82 305.0319 672.5390
83 296.7783 721.8881
84 301.3569 702.1588
85 302.7050 690.6455
86 303.2980 680.9648
87 303.7799 674.2533
88 269.8721 676.9369
89 267.8628 679.3769
90 264.5379 684.8862
91 260.9543 691.7999
92 238.3675 644.4994
93 54.3674 563.4447
94 322.1882 594.6690
95 259.1963 678.2342
96 256.6217 679.9214
97 294.8604 602.4403
98 260.5765 598.4252
99 291.1766 597.8791
100 228.3250 520.5622
101 196.8627 537.7221
102 248.0039 574.0106
103 120.1334 310.2354
104 141.7123 342.8466
105 162.6405 380.0343
106 248.4771 708.9994
107 257.0734 380.6018
108 245.4912 327.5496
109 232.0761 277.6614
110 159.4942 471.7476
111 109.6662 497.6844
112 244.5326 458.6640
113 129.2157 442.8323
114 262.7872 491.5514
115 268.9924 568.4953
116 86.0011 512.9976
117 127.9000 512.9473
118 157.6319 519.7934
119 196.9737 513.2274
120 224.5998 501.5658
121 245.1017 489.9393
122 291.2107 462.3287
123 94.8559 558.5791
124 109.3325 441.1644
125 313.8968 590.8301
126 253.5562 528.5627
127 44.5156 468.8510
128 260.9706 477.5693
129 245.1246 574.8935
130 141.5648 453.5806
131 266.2020 553.7474
132 64.7608 614.4336
133 243.0123 450.2069
134 284.2955 540.4957
135 145.2744 718.7858
136 141.3840 740.1470
137 66.1335 562.3517
138 116.2362 690.4950
139 69.1112 429.7294
140 238.4905 781.2766
141 314.1808 594.2172
142 235.9595 545.8448
143 84.2069 472.5207
144 178.0530 460.5988
145 195.8114 461.4855
146 248.2085 687.8270
147 101.7656 600.9233
148 276.3737 805.2689
149 207.7741 783.6409
150 176.7874 766.6517
151 301.5376 326.4243
152 319.8084 804.6785
153 212.5188 459.1582
154 228.2449 454.8943
155 238.2503 452.4490
156 91.3536 437.1796
157 224.2671 435.1992
158 205.9905 430.1863
159 188.1672 430.1648
160 170.3796 435.0985
161 159.5425 441.6377
162 48.6863 418.8579
163 165.3697 458.0320
164 321.0288 616.9687
165 255.3737 630.4636
166 269.8150 584.4643
167 294.3804 620.9381
168 307.2362 431.7972
169 175.2412 745.1519
170 205.3929 763.9798
171 277.6055 792.1023
172 111.4180 709.2188
173 237.3511 443.9755
174 280.6730 497.8738
175 322.3939 790.5395
176 240.4614 797.2191
177 76.2543 608.8097
178 285.8353 675.1999
179 283.9170 680.1358
180 281.9012 687.9332
181 279.5789 698.1845
182 270.5237 716.8278
183 256.9564 679.2909
184 251.9139 679.1906
185 246.1289 677.0438
186 223.6019 663.4578
187 135.4010 611.9251
188 277.2101 475.4476
189 260.9751 437.2106
190 246.5580 440.4908
191 259.7453 675.8511
192 130.9676 661.9541
193 280.8086 436.0505
194 256.4702 738.6249
195 318.1117 503.4639
196 295.6778 485.9595
197 314.6103 480.1961
198 268.9432 533.5120
199 323.0807 769.2736
200 322.2794 742.6774
201 289.3101 745.4246
202 206.4566 708.6159
203 229.6020 593.1744
204 229.2553 726.9215
205 183.3129 591.8408
206 213.1311 616.1552
207 166.2419 627.6224
208 281.9298 771.4098
209 255.8919 546.2216
210 185.3223 723.3563
211 214.5097 743.4606
212 189.9441 684.9958
213 108.0948 636.4690
214 160.4098 686.0331
215 90.0442 651.3734
216 198.6076 646.7905
217 267.2203 512.6979
218 276.4989 577.7646
219 261.2776 583.5376
220 286.2692 563.3352
221 244.9408 423.8744
222 211.7401 417.4326
223 183.0360 417.4085
224 158.1959 420.9317
225 139.7376 428.8052
226 125.4292 460.6914
227 58.9346 516.6479
228 145.6358 489.1797
229 168.1486 494.3369
230 195.6097 492.0310
231 220.8038 485.0232
232 240.3055 476.6016
233 254.0956 468.8650
234 48.4032 515.7409
235 261.2163 588.9165
236 284.1849 518.3879
237 292.7754 578.4917
238 302.9037 587.4479
239 291.7446 581.4800
240 267.0840 594.7239
241 307.2620 589.4710
242 307.5068 592.9841
243 251.0669 452.1336
244 264.6786 456.9943
245 272.7285 460.6412
246 153.1599 446.3650
247 142.9447 443.5088
248 334.2192 505.8487
249 436.1293 439.7918
250 338.7751 587.3234
251 488.2383 358.8838
252 382.9653 462.1245
253 402.0857 462.7263
254 419.7681 460.8231
255 440.6912 448.1799
256 366.9327 457.7314
257 407.4056 416.0557
258 387.3910 417.2759
259 425.2955 417.8534
260 436.8886 422.6920
261 455.2007 461.6639
262 389.5526 747.3919
263 441.6084 434.5602
264 497.9643 447.5596
265 473.9782 447.1317
266 403.0246 551.9846
267 345.2487 647.9176
268 340.6816 668.1385
269 366.1959 652.4917
270 378.6043 660.1344
271 355.3747 668.1022
272 367.0094 669.2713
273 399.3621 686.3708
274 341.2456 578.8362
275 343.4501 557.5162
276 466.7811 401.6223
277 363.8327 499.5461
278 377.3777 568.5801
279 376.4349 556.2366
280 453.4746 545.6057
281 339.0679 529.7199
282 426.2325 385.9790
283 450.9248 390.2123
284 475.0120 323.5087
285 344.5987 404.6237
286 369.4588 422.8547
287 412.4647 668.0290
288 476.4089 638.7748
289 363.9546 581.1871
290 349.2580 588.6387
291 391.6270 671.6213
292 383.6965 669.9889
293 460.4147 375.5195
294 376.7520 577.5487
295 391.1088 389.1387
296 395.2602 370.8356
297 406.7120 279.3494
298 467.9909 347.8431
299 399.8914 322.8867
300 475.9671 391.1360
301 482.7870 375.4894
302 343.7262 660.4029
303 360.5147 662.6052
304 372.9491 665.4326
305 358.8820 585.1763
306 387.4667 671.2607
307 381.2404 672.9220
308 381.6395 668.4456
309 356.8612 575.4431
310 362.3179 667.6539
311 350.5001 668.5178
312 336.8557 670.1112
313 344.6419 717.8114
314 344.8657 698.5494
315 343.9128 687.1998
316 341.7624 677.9258
317 339.4299 671.4713
318 366.1603 669.4028
319 369.0132 671.4218
320 373.0541 676.2224
321 376.6527 682.4511
322 393.2946 632.9974
323 489.9840 536.5045
324 373.4177 669.3627
325 377.1448 670.5614
326 343.4614 599.0699
327 369.1747 590.9022
328 346.2806 594.1047
329 382.4785 511.1001
330 412.6453 524.0458
331 378.3758 565.2845
332 449.5682 296.2183
333 441.6932 329.4025
334 432.5249 367.5453
335 385.0614 697.5131
336 351.2722 376.8399
337 354.7295 323.0680
338 357.4861 272.7395
339 433.6353 456.1757
340 474.1769 476.0548
341 356.8549 452.9267
342 456.4388 425.2577
343 351.4989 486.3463
344 368.2428 562.0549
345 490.8358 488.6263
346 464.0139 492.3736
347 442.2816 502.1053
348 407.6815 500.2957
349 381.5041 492.3326
350 362.3728 483.1548
351 328.9817 460.2767
352 488.7723 533.1578
353 471.2939 421.5880
354 333.6432 589.4040
355 364.5626 521.7332
356 494.3295 444.7930
357 348.2368 472.6183
358 377.3107 566.0133
359 445.7144 437.1996
360 366.2453 547.4322
361 485.8963 586.3992
362 356.3366 444.5153
363 353.5381 536.1519
364 455.5513 693.6043
365 449.7567 714.3188
366 497.9400 534.9020
367 471.9335 663.2822
368 490.4860 407.7922
369 393.7890 766.8566
370 329.8192 593.1766
371 380.3616 536.5171
372 487.0374 449.7427
373 419.0152 447.5872
374 402.6980 450.5289
375 385.4711 676.7948
376 484.7254 574.7369
377 359.8082 797.2974
378 409.6594 764.9061
379 429.0944 744.0304
380 386.2163 450.2498
381 370.7297 447.5183
382 361.1219 446.1838
383 481.8972 416.1607
384 372.1060 427.9485
385 388.2293 421.1934
386 405.4495 419.0920
387 422.4320 421.9211
388 432.3875 427.1746
389 493.9755 396.7333
390 429.5222 443.5875
391 378.3425 621.3471
392 365.2386 577.9964
393 346.1914 617.1404
394 436.4450 722.5462
395 415.9726 744.8143
396 363.3952 784.1440
397 464.0948 681.7447
398 361.2258 437.5821
399 343.8462 494.0865
400 388.0071 783.3013
401 492.5706 580.4151
402 354.3271 669.7872
403 357.4048 674.3992
404 360.4865 681.5196
405 363.0008 691.4006
406 367.2811 708.6286
407 376.8980 669.9004
408 382.3280 668.8821
409 387.5933 665.9033
410 405.9891 649.6151
411 465.5429 588.8151
412 339.8104 471.9395
413 342.4341 433.1914
414 353.3715 435.3986
415 372.4407 667.1097
416 467.0628 637.1755
417 329.7744 433.7948
418 378.3896 727.7784
419 332.2262 483.8369
420 357.5673 527.9265
421 352.1102 739.7600
422 417.8108 691.3918
423 392.6862 581.9795
424 399.7032 712.2906
425 431.5202 574.7463
426 409.8163 602.2479
427 446.3709 607.6139
428 360.6365 764.3623
429 366.6674 539.1502
430 432.6184 702.6349
431 411.1360 726.2064
432 431.0708 666.2777
433 480.2347 609.9174
434 450.1814 663.4308
435 485.3938 622.8415
436 423.8762 630.3345
437 353.6852 507.4122
438 363.1378 571.8247
439 372.7838 576.0987
440 357.1790 558.7044
441 357.2312 418.4947
442 388.0278 408.8337
443 414.5927 406.3554
444 436.0695 407.3617
445 450.1000 413.0575
446 458.0885 442.2731
447 500.6184 490.5385
448 446.3990 471.4226
449 429.1770 478.8165
450 405.0675 479.9549
451 381.2969 475.9304
452 363.1215 469.8389
453 350.5555 463.6078
454 491.2993 490.4273
455 370.9682 581.4398
456 347.2538 514.5613
457 352.8659 574.2803
458 341.1099 584.5729
459 351.0541 577.1193
460 364.8950 587.9795
461 338.8860 587.1873
462 335.2336 591.0413
463 350.2742 447.2684
464 340.4590 453.2405
465 337.2149 457.2990
466 437.6351 431.2867
467 445.3818 427.6316
