# Image: /home/yaroslav/Projects/Diia.AIContest-AdAstrum/fixtures/FLUXSynID-processed/0052489b4f9a/0052489b4f9a_m_live_0_p_d1.jpg
# Mode: stream
# Status: fail
# Errors: face_not_looking_straight_at_camera: Head is turned 174.0° (max: 15.0°); face_not_looking_straight_at_camera: Head is tilted up/down 10.2° (max: 10.0°); head_is_tilted: Head is tilted 17.0° (max: 10.0°)

# 2D Landmarks (index x y)
0 327.2713 672.6783
1 332.5482 593.1319
2 324.8062 614.4424
3 304.9038 516.8486
4 332.5347 570.2648
5 328.7432 538.7051
6 316.0034 461.7262
7 148.8973 460.6888
8 311.5867 412.7806
9 311.1088 384.4835
10 302.3556 275.5170
11 327.2201 683.9508
12 326.0776 691.0236
13 324.2638 692.6467
14 323.9698 694.4958
15 324.9131 703.3411
16 325.3285 714.2794
17 324.8338 725.6776
18 321.5726 743.4171
19 330.3220 603.9829
20 304.6801 602.5921
21 48.2613 383.5333
22 214.6444 475.5108
23 193.1394 478.9330
24 171.5231 480.3786
25 140.8248 470.4242
26 232.4968 468.9066
27 182.8085 430.9383
28 205.7968 429.5924
29 161.6227 435.4398
30 146.7775 442.3426
31 123.0156 487.5784
32 236.8413 783.1782
33 139.5366 455.9703
34 44.4782 478.7298
35 93.8333 475.0191
36 206.9761 575.1949
37 299.9326 670.3585
38 303.1464 691.7887
39 270.4314 678.4869
40 251.2337 687.9313
41 281.3745 693.8764
42 263.7718 696.1713
43 218.3779 719.1701
44 313.1199 593.6384
45 309.9755 571.9180
46 110.8232 425.4069
47 246.6392 513.8191
48 250.6307 588.6349
49 247.4494 575.7061
50 140.3560 576.0179
51 307.9208 542.3738
52 167.5667 402.0109
53 134.9234 410.4376
54 73.5611 345.0098
55 266.2712 410.9992
56 226.2114 432.9828
57 201.5321 700.7846
58 65.9491 680.0392
59 266.5154 599.8756
60 285.9759 605.7204
61 226.8441 701.6616
62 235.4102 699.0462
63 120.2286 396.4570
64 248.0918 598.2068
65 210.8325 400.4820
66 205.9702 382.3962
67 172.3689 291.8541
68 97.7854 369.6328
69 192.0159 335.3223
70 94.1980 415.6399
71 71.6904 400.5858
72 301.7479 683.8361
73 277.3777 688.6475
74 258.1791 692.8127
75 271.9401 603.5139
76 231.7308 700.8239
77 241.8162 702.9502
78 236.6458 697.0603
79 283.0709 592.6294
80 266.2345 693.7063
81 283.9451 693.2908
82 304.0833 692.9356
83 293.0333 745.7312
84 297.9766 726.5492
85 299.8245 714.2685
86 301.0562 703.3270
87 301.9266 695.6423
88 261.9974 697.1872
89 259.5921 700.1275
90 255.4387 706.1848
91 251.1876 713.4897
92 230.3847 660.3073
93 36.8340 572.0729
94 327.4930 607.5654
95 249.7599 697.6449
96 246.3836 699.6123
97 294.8845 616.1288
98 255.6135 611.3718
99 290.6590 611.2136
100 224.5325 528.4665
101 190.7826 546.6966
102 242.7864 585.5580
103 113.2899 313.7337
104 136.3191 346.9654
105 158.1634 384.0872
106 238.6421 729.9253
107 258.8950 383.1078
108 247.1317 330.8317
109 233.4466 280.2077
110 152.3657 477.6984
111 99.0642 505.6497
112 243.9449 462.9144
113 120.7581 448.8766
114 262.3021 498.6041
115 267.8627 580.1602
116 73.0877 521.5016
117 118.2516 521.2091
118 149.7696 528.1042
119 191.9526 520.6623
120 221.4532 508.1196
121 243.4133 496.0734
122 294.4280 468.5642
123 80.8706 568.2626
124 99.9502 447.3299
125 318.5715 603.7359
126 250.7751 537.3230
127 28.9496 474.8447
128 260.7016 483.5089
129 239.2429 586.1446
130 132.9732 459.3204
131 264.3985 564.5193
132 46.0570 624.9029
133 241.8482 454.5664
134 285.9371 551.1275
135 130.4411 736.4832
136 126.0970 758.0676
137 49.5805 571.9147
138 99.7739 706.0354
139 56.7786 435.6891
140 230.3012 805.0293
141 318.2387 607.1649
142 231.1942 555.3621
143 72.3360 479.7050
144 173.0987 465.5344
145 192.4572 465.9057
146 236.5445 707.4883
147 86.4802 612.0247
148 270.8632 829.9527
149 196.8549 805.8902
150 163.7896 787.1095
151 307.2242 329.0715
152 318.0291 828.5115
153 210.2754 463.2209
154 227.0236 458.6921
155 237.2655 456.3572
156 80.8648 443.1885
157 221.6487 440.0133
158 201.8657 435.3631
159 182.5991 435.8512
160 163.4112 441.1402
161 151.6672 447.7645
162 34.4370 423.9637
163 159.1605 463.3873
164 324.9428 632.2210
165 249.2328 645.8051
166 267.4310 596.5790
167 294.0719 636.6602
168 312.0979 435.9229
169 162.3642 765.0200
170 194.5942 785.9371
171 272.7885 816.8060
172 94.2301 724.6379
173 235.6363 448.5611
174 282.1639 505.9909
175 321.2735 814.7512
176 232.0053 821.2282
177 58.5374 619.9692
178 280.9110 696.2676
179 278.4150 701.9559
180 275.6215 710.6632
181 272.6562 721.6286
182 263.1553 739.5492
183 247.1820 697.6912
184 241.6227 697.3169
185 235.4749 694.8358
186 213.0644 679.8626
187 122.3699 624.0042
188 278.6400 482.1460
189 261.6428 441.3467
190 245.9668 444.5117
191 250.5975 694.0923
192 115.7701 676.3704
193 283.1881 440.3825
194 249.0785 760.9051
195 324.2651 512.0745
196 299.2287 493.6215
197 320.1397 487.5046
198 267.9522 543.0869
199 322.5527 793.0858
200 321.8988 766.2050
201 285.4258 768.9133
202 194.3301 727.3560
203 222.2918 605.4222
204 218.9814 747.4686
205 174.2992 603.9601
206 204.8019 629.6879
207 154.7419 641.2168
208 277.7920 795.3955
209 252.5048 555.9930
210 172.5662 742.5126
211 203.9076 764.5703
212 177.0406 701.8216
213 92.0228 649.0954
214 146.1810 702.5745
215 72.2808 664.6291
216 188.1852 661.5455
217 266.5175 521.1247
218 276.0645 589.7572
219 258.0111 595.7478
220 287.9599 575.1357
221 244.7078 427.4706
222 209.2889 421.2283
223 178.6080 421.6929
224 152.0456 425.7111
225 132.1236 434.2260
226 116.2814 467.1991
227 43.7627 524.9405
228 137.4985 496.3027
229 161.5871 501.3645
230 191.2294 498.2112
231 218.1594 490.4190
232 238.9332 481.7002
233 253.7150 473.9559
234 31.8866 522.8468
235 257.2318 601.3128
236 286.0179 527.6905
237 295.0132 590.8722
238 305.5775 600.1326
239 293.3575 593.6701
240 263.2392 607.5487
241 310.8927 602.3621
242 310.3251 605.9570
243 250.7481 456.5368
244 265.1336 461.8933
245 273.7876 466.0589
246 144.9867 452.4140
247 134.7300 449.1126
248 341.6870 514.2298
249 446.1310 440.5893
250 346.8525 599.3494
251 494.0500 358.5184
252 388.9297 464.0565
253 409.0046 464.5788
254 427.9127 463.0325
255 450.3514 449.3452
256 372.4437 459.9056
257 418.0773 416.3542
258 396.1430 418.0599
259 437.2209 417.8952
260 449.0805 422.8911
261 464.4449 464.0209
262 394.7164 765.9320
263 452.1188 434.9213
264 503.1603 448.2232
265 482.9029 448.4017
266 412.7769 560.0480
267 351.9821 666.5730
268 346.1489 688.4732
269 375.4127 670.0166
270 388.5841 676.8108
271 362.8044 687.3011
272 375.4985 687.2765
273 409.7167 702.2479
274 349.8132 590.9079
275 352.6068 568.8126
276 478.4295 400.7043
277 371.1893 505.3836
278 389.7632 578.1262
279 388.3307 565.1899
280 463.3677 552.1389
281 347.6170 539.5068
282 438.6543 384.9890
283 463.5315 389.0098
284 482.8663 323.4470
285 352.6483 405.9561
286 376.6299 424.2700
287 424.1017 681.9906
288 479.6220 642.3576
289 375.1072 591.5022
290 358.7273 600.2114
291 403.2040 687.5216
292 394.3236 686.2776
293 472.4868 373.9241
294 388.9507 587.3905
295 402.3190 388.9572
296 406.8512 370.4581
297 416.4398 280.6596
298 477.9824 347.4145
299 410.4028 323.9801
300 486.8264 390.0160
301 491.1244 375.1454
302 350.0268 680.0803
303 368.7787 681.2535
304 382.3294 682.8355
305 369.6159 596.0095
306 398.6703 687.4910
307 391.3041 690.6664
308 391.7492 684.5943
309 367.0524 586.0601
310 369.9829 685.5360
311 356.9913 687.6563
312 341.5443 690.2422
313 348.0084 740.5655
314 349.3373 722.0579
315 348.4897 710.1922
316 346.2690 699.7245
317 343.6217 692.3486
318 373.8843 688.0464
319 377.1705 690.5095
320 381.8028 695.6783
321 385.5809 701.9523
322 404.1568 646.5359
323 491.9338 537.3488
324 382.1199 686.9727
325 386.5935 688.3974
326 351.7144 611.8305
327 380.5239 601.8190
328 355.1680 606.2835
329 390.3912 516.9682
330 421.4526 530.3863
331 390.1718 574.4232
332 458.8817 296.6760
333 452.7020 329.4262
334 445.0896 366.3619
335 393.2764 715.5296
336 360.1196 377.5796
337 363.3635 325.1184
338 365.9432 274.5316
339 442.7361 457.9922
340 483.2886 478.9258
341 362.3024 455.3231
342 467.2982 425.5087
343 358.2668 492.1819
344 379.5814 571.8489
345 499.4339 491.2247
346 473.5278 496.2941
347 451.4538 506.9632
348 415.4737 505.1331
349 388.3604 496.8045
350 368.7708 487.7560
351 334.9160 465.8595
352 498.2000 537.0006
353 481.5084 421.6435
354 340.8407 602.0081
355 373.1126 528.8440
356 496.3318 444.5930
357 354.2178 477.4219
358 388.5124 574.8918
359 456.1244 437.5966
360 377.3224 556.4292
361 488.7949 588.0791
362 362.0459 446.7176
363 363.3061 545.5651
364 461.7199 703.0855
365 453.5880 723.2697
366 504.4988 537.0448
367 477.9236 670.3273
368 497.0252 408.0515
369 398.1750 785.4533
370 336.1826 605.9158
371 389.5517 543.9152
372 494.8810 450.8919
373 427.4113 448.8605
374 409.9373 451.7763
375 395.9344 694.2854
376 493.9467 579.5520
377 361.3905 819.0175
378 413.6300 780.2105
379 433.0767 756.1235
380 392.4516 451.5505
381 376.3887 449.0127
382 366.6218 447.9861
383 490.9995 416.0156
384 378.8542 429.9664
385 396.1335 422.8770
386 414.8917 420.4913
387 433.0462 423.0162
388 443.4038 428.1084
389 497.9637 396.3076
390 438.7382 444.6943
391 389.2875 634.7143
392 376.4025 588.2495
393 353.6390 631.9795
394 442.3388 734.6544
395 421.1677 759.8697
396 365.9143 805.9729
397 467.5077 687.8931
398 367.3457 439.8077
399 351.2153 501.1876
400 391.3200 801.9814
401 499.1755 583.6879
402 360.4106 689.7806
403 363.9305 695.0038
404 367.5094 702.8540
405 370.0693 713.1767
406 373.5534 729.1335
407 386.6175 686.6283
408 392.7658 685.3328
409 398.5427 681.7901
410 417.2032 663.3036
411 475.1289 595.8466
412 346.2088 477.7165
413 348.1526 436.0104
414 359.3568 437.6101
415 381.1261 683.8350
416 475.5142 644.9039
417 335.6173 437.3259
418 383.8333 746.6420
419 339.0338 490.8967
420 366.6840 536.0717
421 355.0581 761.5803
422 427.2195 705.3346
423 403.8373 591.6050
424 407.2757 728.4728
425 441.5982 583.4630
426 420.2804 612.9630
427 456.3918 616.7544
428 363.7485 786.0050
429 376.5945 547.1236
430 440.6445 715.3322
431 417.6536 741.5418
432 441.6803 678.3955
433 488.7880 615.6713
434 459.4025 673.6923
435 491.6535 627.4700
436 434.3683 641.6223
437 361.6332 514.5655
438 374.0054 582.2389
439 384.7148 586.1893
440 367.6533 569.1909
441 364.4501 420.1161
442 397.7805 409.4324
443 426.1832 406.3954
444 448.5401 407.0344
445 462.2032 412.8176
446 467.7398 443.2235
447 506.4006 491.9856
448 455.5731 474.2938
449 437.5576 482.3606
450 412.3141 483.2086
451 387.6018 478.9976
452 368.8928 473.1071
453 355.9382 467.3600
454 492.6744 490.6591
455 382.7289 591.6807
456 355.6113 522.7880
457 362.7259 585.5886
458 349.4190 596.5167
459 360.6014 588.3053
460 376.0495 598.8806
461 346.7373 599.5151
462 342.6310 603.3946
463 355.7626 449.8700
464 345.7158 457.0097
465 342.6865 461.7907
466 448.5768 431.9964
467 456.7745 427.7666
