# Image: /home/yaroslav/Projects/Diia.AIContest-AdAstrum/fixtures/FLUXSynID-processed/0052489b4f9a/0052489b4f9a_m_doc.jpg
# Mode: stream
# Status: fail
# Errors: face_not_looking_straight_at_camera: Head is turned 177.4째 (max: 15.0째); head_is_tilted: Head is tilted 18.6째 (max: 10.0째); face_too_small_in_frame: Face occupies only 48.2% of frame (min: 50.0%)

# 2D Landmarks (index x y)
0 313.5249 628.4653
1 312.8848 558.2780
2 312.1839 578.2775
3 293.9851 492.2787
4 312.2850 538.1347
5 311.1042 511.1020
6 308.0678 445.9361
7 174.7540 444.5463
8 306.3417 406.2870
9 305.7415 381.7594
10 301.9620 282.1633
11 313.8080 638.3466
12 313.9537 644.7622
13 313.9932 646.5743
14 314.5262 650.0045
15 314.9340 657.7518
16 315.2970 667.6582
17 315.7906 678.4568
18 316.1707 696.4278
19 312.6796 568.0965
20 294.4992 566.4911
21 101.9556 377.1735
22 229.2250 458.3821
23 211.0222 460.9975
24 193.0899 461.5251
25 168.4176 453.0603
26 244.3147 452.8728
27 202.2930 420.2969
28 221.4855 419.3668
29 184.9684 423.8638
30 173.1559 429.4046
31 153.6122 466.9241
32 245.7444 729.6526
33 167.6773 440.7591
34 96.0502 460.4335
35 130.8023 456.4500
36 218.9000 543.0743
37 290.8509 625.5792
38 295.1167 644.6672
39 268.0975 631.4387
40 253.7028 639.3718
41 278.4696 645.6625
42 265.2636 647.3743
43 230.1799 667.9618
44 296.8314 558.1571
45 293.7860 539.0313
46 142.0475 414.0659
47 253.5511 490.9906
48 251.3407 552.9912
49 249.8918 542.2002
50 164.4570 543.2553
51 293.8427 513.7827
52 186.9491 395.0283
53 160.4681 401.5752
54 119.2975 343.0193
55 269.2215 404.8260
56 238.8249 422.4432
57 215.4368 650.5408
58 119.7699 639.7584
59 265.2293 563.2237
60 281.2702 569.0948
61 236.6854 651.0238
62 244.5376 649.3514
63 149.0856 389.3112
64 250.7877 561.4609
65 222.8806 394.7045
66 218.4005 378.6162
67 193.8463 295.9843
68 134.7147 364.5884
69 208.0308 334.7736
70 129.8433 405.5325
71 116.0188 391.7687
72 292.7664 637.3374
73 274.2079 640.5036
74 259.7270 643.8504
75 270.2152 566.6140
76 240.9105 650.5807
77 249.0063 653.0582
78 246.0800 648.0102
79 275.9043 556.8632
80 268.4071 645.7727
81 282.0110 645.7779
82 297.5062 646.2942
83 291.6017 696.9621
84 293.0268 677.8125
85 293.8649 666.3601
86 294.9433 656.5865
87 296.2000 649.9315
88 265.4800 649.3063
89 263.0384 651.6370
90 259.4537 656.7640
91 256.0071 663.3476
92 236.4541 615.7356
93 96.9477 544.7592
94 312.3836 571.7130
95 256.3702 649.2180
96 253.0391 650.4925
97 288.2069 578.4961
98 258.2451 573.4329
99 284.8341 574.0073
100 235.1871 503.3303
101 206.2032 518.3475
102 247.0694 550.9155
103 148.3042 315.3588
104 164.0551 344.9778
105 179.3749 379.2399
106 246.4888 679.2369
107 262.1223 380.1346
108 253.0701 330.9222
109 243.4746 285.8941
110 177.5779 459.1696
111 133.7830 482.0983
112 253.7716 447.6432
113 151.5988 434.2112
114 266.0879 477.8643
115 263.2970 545.7303
116 114.0350 496.1697
117 148.0878 495.3558
118 173.0848 501.6018
119 208.4042 496.2357
120 233.7360 486.2690
121 252.3144 476.0966
122 290.2144 451.6497
123 119.5889 537.1699
124 134.8907 432.8155
125 303.1228 567.4818
126 255.6579 510.8239
127 90.1597 458.8693
128 266.1941 465.2414
129 245.7462 551.9800
130 162.4172 443.8045
131 261.9967 532.7615
132 104.4208 591.3584
133 252.7114 440.3064
134 277.4893 521.1917
135 162.8573 686.5611
136 163.8564 707.4878
137 99.7595 542.0686
138 139.4570 660.0650
139 105.3734 422.6381
140 241.5320 749.7693
141 304.7320 571.0809
142 239.8779 526.1589
143 114.4238 460.6690
144 194.0913 448.8927
145 210.3325 449.5562
146 244.6113 656.9872
147 124.9190 576.0067
148 277.5855 775.3751
149 218.1680 750.5947
150 192.6803 733.0784
151 303.8953 329.8930
152 318.6192 777.3719
153 225.5488 447.5638
154 239.8565 443.9258
155 248.6594 441.9228
156 120.8165 429.3240
157 236.1504 427.6739
158 219.8083 423.6699
159 203.6312 423.6626
160 187.5111 427.8170
161 177.7282 433.5070
162 92.9158 413.3504
163 182.7056 446.8655
164 312.6137 593.8717
165 252.0165 603.2628
166 264.8962 560.2555
167 287.2229 596.3157
168 306.9816 424.8942
169 188.0346 711.9272
170 213.4469 731.2678
171 276.4002 762.2560
172 140.5935 678.5636
173 247.5106 434.8748
174 278.9755 483.3903
175 318.6443 763.7041
176 245.7768 765.4374
177 107.4822 584.6891
178 279.6001 649.3741
179 277.1769 654.1512
180 274.7806 661.8159
181 272.5358 671.9669
182 266.6505 689.4830
183 253.0653 648.5330
184 247.8454 647.5174
185 242.4119 644.9971
186 222.8852 632.2547
187 151.2437 585.9027
188 278.4294 463.5052
189 267.9148 429.3798
190 255.6812 432.0181
191 256.5687 645.8697
192 148.7965 632.7112
193 283.7271 428.8006
194 255.5536 709.2070
195 310.0954 488.5366
196 291.6872 472.6671
197 309.0711 467.6725
198 267.0529 515.1961
199 318.0918 743.1795
200 317.1368 718.0408
201 285.4879 718.2155
202 210.7778 676.0516
203 231.6872 568.9091
204 231.2626 695.4673
205 191.1541 567.6529
206 216.2082 589.8474
207 176.1657 600.2597
208 279.1388 742.4022
209 255.9692 526.3595
210 194.2112 690.6433
211 219.5780 711.5140
212 195.7197 652.6601
213 130.5655 609.0875
214 172.2256 654.7346
215 118.6874 623.9218
216 202.5493 617.2002
217 267.5557 496.7184
218 269.6822 554.1138
219 257.0672 559.2060
220 277.5311 541.4575
221 253.3171 417.8741
222 223.1811 411.9510
223 197.1816 411.8956
224 175.3855 414.8629
225 159.8901 421.8641
226 148.7372 449.9824
227 95.0891 500.6704
228 164.8271 474.6309
229 184.2294 479.1087
230 208.8209 477.2947
231 231.8702 471.2421
232 249.4396 463.8956
233 261.5588 457.1874
234 93.2368 501.4736
235 257.7064 564.1527
236 279.7225 501.6827
237 283.2065 555.1900
238 293.7646 563.9357
239 283.3173 557.8941
240 263.5920 570.0048
241 297.2221 566.0002
242 298.7272 569.6568
243 259.5207 442.1546
244 270.9270 446.8550
245 276.6345 450.2914
246 172.0842 437.5682
247 163.4378 435.0032
248 326.1495 491.1527
249 437.5585 434.3140
250 329.5890 565.2096
251 500.5768 363.7886
252 384.7708 452.4536
253 403.1506 453.6899
254 420.9377 452.9367
255 443.7643 442.4226
256 369.3861 448.0582
257 408.7651 412.0148
258 389.4979 412.6360
259 426.3070 414.3251
260 438.0995 419.0162
261 459.0987 455.6907
262 387.8637 724.3692
263 443.9447 429.9020
264 511.6109 445.7111
265 479.8888 443.5076
266 401.7724 536.8057
267 335.9245 623.9433
268 332.8094 643.2934
269 358.6612 628.4165
270 372.9790 635.2638
271 349.0931 643.2662
272 362.0826 644.0947
273 397.6665 662.0376
274 328.5654 556.9627
275 330.5547 537.6689
276 467.9733 401.4124
277 363.6590 487.1985
278 370.8655 549.1090
279 371.3349 538.2344
280 454.9103 532.8682
281 328.3839 512.5567
282 423.8298 385.2748
283 449.8524 390.1097
284 483.2254 330.6096
285 343.1065 401.4866
286 372.5965 417.2012
287 410.9058 643.7935
288 496.7225 626.2069
289 357.5905 560.2831
290 342.2130 567.2587
291 389.8172 645.8580
292 381.9219 644.6985
293 460.0754 377.2007
294 371.3808 557.8058
295 388.3244 387.6173
296 392.0894 371.1828
297 409.0752 288.5912
298 471.3203 352.3134
299 398.9936 327.5774
300 478.7764 392.3984
301 489.9727 378.4830
302 334.8058 635.8512
303 353.2223 637.9345
304 367.5294 640.2295
305 352.7839 564.0584
306 385.4936 645.6151
307 378.3046 648.6063
308 380.0503 643.4873
309 347.6241 554.2069
310 358.5036 642.5938
311 345.4367 643.6959
312 330.3640 645.0983
313 340.5605 695.1257
314 338.2912 676.1109
315 336.6078 664.8247
316 334.6029 655.2275
317 332.7224 648.7749
318 362.2020 645.8682
319 364.9081 648.0324
320 368.8825 652.8730
321 372.7351 659.1455
322 389.0270 610.6770
323 512.0714 530.0963
324 370.7047 645.3188
325 374.1378 646.3453
326 335.9230 577.0883
327 364.5597 570.2849
328 338.8694 572.3150
329 382.5838 498.2469
330 412.4785 511.1502
331 374.2125 546.9410
332 454.1748 304.7776
333 442.3100 334.5163
334 430.2107 368.9013
335 383.0974 674.2840
336 349.0828 376.3202
337 354.5241 327.1842
338 360.0872 282.0076
339 435.6739 449.3448
340 479.3173 469.6034
341 359.8167 443.4982
342 459.2284 422.4848
343 350.7471 474.7839
344 359.4326 542.4414
345 498.5364 482.3973
346 466.8824 483.8188
347 443.4582 491.8420
348 408.3652 489.0748
349 382.4813 480.9287
350 363.4169 472.0809
351 326.1330 450.2748
352 496.0989 523.5724
353 475.1181 420.0237
354 322.1290 566.7194
355 363.2074 507.2674
356 514.1825 444.2233
357 349.2464 462.1998
358 375.0675 547.9045
359 448.9939 432.7086
360 359.4542 529.5028
361 507.9228 577.0015
362 360.2367 435.9657
363 344.3716 518.9295
364 462.8149 675.5046
365 461.3916 696.4209
366 512.7398 527.3000
367 482.7240 647.5248
368 501.0213 408.5854
369 393.0820 744.0641
370 319.8966 570.5167
371 379.5677 521.5396
372 495.4242 446.7653
373 419.3412 440.1854
374 403.3739 442.0476
375 382.8260 652.1606
376 493.0572 562.7178
377 358.9884 772.3270
378 414.0412 743.1719
379 436.5454 723.9500
380 387.8639 441.1972
381 373.3595 438.5581
382 364.4164 437.3369
383 487.9320 415.7191
384 375.7924 422.0937
385 391.5182 416.7376
386 407.6664 415.4542
387 423.8959 418.3712
388 433.9318 423.3086
389 510.0856 399.2727
390 430.1611 437.2864
391 372.9621 599.3962
392 358.0567 557.0529
393 338.1998 594.6491
394 440.7778 702.5712
395 418.1271 723.5799
396 360.2672 759.1388
397 480.3799 666.1316
398 364.9737 430.1296
399 339.5872 481.3213
400 389.1981 760.0351
401 507.8201 570.2419
402 348.8558 646.9537
403 351.7200 651.5517
404 354.8390 658.8275
405 357.7751 668.7344
406 364.5302 685.8611
407 373.7267 644.4070
408 378.8296 643.1086
409 384.0115 640.2797
410 402.8519 626.1083
411 469.5577 574.4194
412 338.1199 461.3543
413 344.7942 426.3292
414 356.7402 428.0094
415 369.8090 641.9469
416 473.5061 620.9666
417 329.8727 427.0407
418 376.5934 704.6533
419 326.6675 471.4634
420 352.9711 512.2262
421 348.3308 715.8780
422 417.1797 668.6879
423 390.3229 563.7591
424 398.8361 689.4101
425 430.8230 559.2363
426 407.2864 583.4084
427 446.9212 590.6406
428 356.5110 739.5554
429 363.9045 522.8576
430 434.1004 681.7600
431 411.3441 704.4497
432 430.5805 644.2323
433 489.1273 596.0715
434 452.9374 644.4735
435 499.5710 610.0701
436 422.1834 609.5970
437 351.0158 493.8735
438 353.6918 551.0186
439 365.6929 555.6356
440 346.0803 538.9916
441 358.4365 413.5046
442 388.1139 405.0797
443 414.0989 403.0773
444 435.8246 404.7384
445 451.0209 410.6854
446 462.5589 438.1797
447 514.9023 485.8193
448 449.0555 464.0797
449 430.6882 470.0865
450 406.3140 470.0457
451 382.9882 465.5523
452 365.2683 459.6139
453 352.9392 453.6724
454 513.0606 486.8514
455 364.8677 560.8894
456 340.4405 499.6207
457 341.3031 552.9409
458 330.6986 562.4897
459 340.7277 555.5866
460 359.2849 567.1663
461 327.7695 564.7748
462 325.6765 568.6768
463 353.7678 438.4071
464 343.0076 444.0849
465 338.1171 447.9818
466 439.5987 427.0498
467 447.6694 423.9816
