# Image: /home/yaroslav/Projects/Diia.AIContest-AdAstrum/fixtures/FLUXSynID-processed/007efd1f0dcd/007efd1f0dcd_m_live_0_e_d1.jpg
# Mode: stream
# Status: fail
# Errors: image_blurry_or_out_of_focus: Image is blurry (sharpness score: 12.37); strong_shadows_on_face: Strong shadows or uneven lighting detected (difference: 55.2); head_is_tilted: Head is tilted 12.6° (max: 10.0°); face_too_close_or_cropped: Face occupies 76.1% of frame (max: 70.0%)

# 2D Landmarks (index x y)
0 329.7471 559.3532
1 314.9932 477.6197
2 318.3836 509.6955
3 271.9911 413.1920
4 309.2611 452.6347
5 300.8725 424.4369
6 281.0237 362.8966
7 96.9561 423.2046
8 267.7127 314.8703
9 260.5040 286.2104
10 236.0293 200.3706
11 332.4282 571.8191
12 334.4215 582.9444
13 334.9395 588.8577
14 347.3497 641.7764
15 350.5692 653.4806
16 354.1286 668.2033
17 357.6427 684.4826
18 362.3042 708.3416
19 317.3202 492.8547
20 289.0432 502.1348
21 -7.2758 387.8538
22 173.3114 419.1730
23 149.1151 428.2119
24 124.6172 434.7375
25 88.3219 434.8945
26 192.5610 407.5635
27 124.8107 369.4347
28 151.7312 363.4970
29 100.3745 380.5305
30 85.3526 394.7304
31 72.6919 456.3263
32 259.7482 762.9578
33 86.3700 421.5510
34 0.1986 483.2174
35 42.1503 452.7393
36 170.8726 511.7289
37 288.7461 566.0408
38 300.2006 592.5589
39 250.2316 588.2150
40 229.8381 609.5485
41 271.6434 604.4591
42 252.2386 617.3004
43 210.3871 676.6348
44 291.6765 483.5123
45 282.5292 460.7488
46 44.9451 384.3897
47 211.3749 441.0220
48 218.2083 502.9407
49 213.3343 492.6316
50 96.2179 533.0957
51 276.5633 434.2685
52 96.5193 337.5052
53 64.6746 357.5399
54 8.3601 336.6848
55 211.2021 323.9990
56 177.0701 364.8333
57 184.5108 651.0542
58 67.1303 705.2729
59 241.6135 511.2184
60 267.3418 513.0514
61 209.7283 648.3647
62 224.1771 644.3213
63 48.4015 349.5512
64 218.3686 516.0299
65 143.4753 324.7459
66 134.9496 308.8891
67 95.6290 250.0715
68 28.7325 342.3382
69 117.5768 276.9831
70 28.8739 382.6045
71 11.7351 386.3906
72 294.3002 580.9057
73 261.9888 597.8577
74 241.0714 613.4346
75 249.2646 514.6616
76 216.9988 646.8042
77 232.5555 657.9590
78 228.3413 642.3112
79 258.0873 495.8068
80 257.9755 615.3589
81 277.9724 605.2831
82 304.2317 596.6044
83 318.5105 715.6363
84 315.0403 690.9152
85 314.0598 674.4042
86 313.6597 658.4057
87 314.4599 647.9436
88 263.1667 651.9751
89 258.4584 657.0381
90 251.9279 666.1361
91 246.8567 676.0625
92 205.5431 590.8488
93 17.6356 596.9436
94 317.8782 500.9778
95 247.7617 650.5378
96 239.9767 653.3000
97 279.5684 521.3270
98 230.4766 529.9459
99 273.7139 517.3407
100 186.4199 462.1863
101 149.1139 488.1744
102 210.2657 506.4373
103 39.6360 290.1342
104 61.0588 305.3361
105 83.7544 324.2600
106 238.5022 694.3448
107 196.3592 297.4633
108 178.2640 259.1295
109 159.3320 222.4680
110 102.4946 437.9289
111 49.8951 480.6054
112 204.3668 397.3826
113 61.8626 413.1365
114 227.6988 420.2103
115 236.3818 486.3298
116 26.5275 507.9604
117 69.6137 486.6973
118 102.5689 482.1012
119 149.5403 464.6178
120 182.9567 445.7746
121 207.9410 427.2796
122 257.4848 376.5412
123 37.4885 552.1376
124 41.6935 417.4263
125 303.0138 495.6730
126 216.2951 460.1724
127 -6.7948 495.5520
128 225.3996 408.7222
129 207.7459 511.0716
130 76.9928 425.2609
131 230.9096 473.7434
132 35.3894 650.4983
133 201.9121 390.5016
134 253.6417 451.5645
135 131.9121 734.8757
136 139.9553 772.7532
137 15.4832 578.8469
138 95.1220 710.9689
139 5.0432 432.2091
140 260.1867 796.0599
141 306.1700 502.9356
142 195.9115 484.7169
143 22.7910 466.6903
144 124.2280 420.7336
145 146.3921 415.7514
146 225.5237 663.1605
147 50.3732 599.3848
148 322.1511 826.8250
149 224.4798 811.0207
150 184.3533 795.5833
151 248.0969 242.4919
152 387.3545 816.3548
153 166.4799 408.7173
154 184.6597 400.1496
155 196.1886 394.4593
156 24.0473 422.0555
157 177.9340 385.5975
158 155.8464 387.9478
159 135.4972 392.6999
160 114.9173 401.3717
161 101.4540 410.2690
162 -12.2108 437.5333
163 108.4748 422.7706
164 321.9188 526.3374
165 225.6188 567.5313
166 241.0544 506.2424
167 280.0688 540.4319
168 274.1562 340.9585
169 172.8224 759.7960
170 213.9054 778.5189
171 317.4167 801.5614
172 104.0003 745.6214
173 194.2217 387.4934
174 247.5638 415.3357
175 382.7935 792.2754
176 269.3542 822.8708
177 32.8814 629.4954
178 286.3072 651.0074
179 282.5164 659.4089
180 279.2569 672.2543
181 277.3971 687.6051
182 273.4153 709.3748
183 235.2040 630.5538
184 225.0515 630.3069
185 215.4245 628.4397
186 190.4013 618.9827
187 87.3607 594.7826
188 243.0085 396.8337
189 219.1665 366.0282
190 203.7934 374.8655
191 241.4934 625.8034
192 96.8422 662.4499
193 241.5956 355.3059
194 265.5884 732.8618
195 293.7901 402.8886
196 264.3656 395.6888
197 287.5154 383.2805
198 234.8726 455.4322
199 375.7448 761.5232
200 367.8768 730.7596
201 316.4419 739.0821
202 190.4038 691.9794
203 193.0451 537.3748
204 224.4450 716.8668
205 138.4523 551.5960
206 177.0164 568.5763
207 125.9023 599.3495
208 315.1155 770.3117
209 218.9590 475.2349
210 173.8630 722.0690
211 215.4036 744.6050
212 163.3801 661.2253
213 65.6555 641.3050
214 133.2307 679.0546
215 58.1418 674.6801
216 163.9519 607.2282
217 232.4112 437.5683
218 248.2729 493.7710
219 228.7504 507.7932
220 258.4457 472.5763
221 193.7954 350.9811
222 149.5156 348.5836
223 113.7926 356.1975
224 85.6789 370.0615
225 67.8261 389.0289
226 62.9933 438.0547
227 4.6175 531.0375
228 87.9153 459.2877
229 114.8942 455.9722
230 147.8677 445.7635
231 178.5416 431.6051
232 201.6409 416.9434
233 217.1661 404.1265
234 5.4297 546.8141
235 230.1258 515.5831
236 252.6769 431.9756
237 270.3254 487.1925
238 287.9663 497.2517
239 270.5910 492.8878
240 238.9052 522.3017
241 293.8011 497.0952
242 296.4142 504.1064
243 211.8894 387.3828
244 227.8714 387.4634
245 236.9256 386.3684
246 93.2795 416.5157
247 75.2909 409.7117
248 316.8929 401.7872
249 453.8098 330.5857
250 342.2919 488.7368
251 513.3998 257.0715
252 387.5155 363.6791
253 412.5165 360.0603
254 435.9648 354.3966
255 465.0774 337.6566
256 365.9445 362.7565
257 407.3134 296.7026
258 380.9710 304.7775
259 433.3904 294.6413
260 452.1664 300.3792
261 487.2765 350.2357
262 472.7197 706.6935
263 461.2261 324.5304
264 549.9064 343.2900
265 509.1318 333.4119
266 436.5286 443.9898
267 367.7638 545.8230
268 367.6116 575.5507
269 408.6383 547.6306
270 433.1592 557.6583
271 395.7575 572.7078
272 416.1315 575.4791
273 474.5898 608.6716
274 337.5532 472.0092
275 335.1085 447.3601
276 481.9408 271.9733
277 369.5739 400.8733
278 400.2034 456.7757
279 398.1802 445.6650
280 505.3246 428.5924
281 325.9003 421.7381
282 421.4412 254.1906
283 456.1559 256.9635
284 482.2800 218.0215
285 318.9449 296.7893
286 359.8539 318.1332
287 485.0977 573.9073
288 584.8893 570.3058
289 383.2794 475.3466
290 362.5830 489.0267
291 462.7669 583.9252
292 448.2165 586.9882
293 465.4620 242.3490
294 403.9434 469.1112
295 376.4438 265.3640
296 376.8088 247.1525
297 376.8556 180.1926
298 473.6808 229.4589
299 374.5692 212.4260
300 492.4308 263.6843
301 503.0991 261.8387
302 368.8847 561.8117
303 402.3737 561.8830
304 425.0085 566.4664
305 377.6944 482.1063
306 455.8908 585.8200
307 448.4839 602.7174
308 443.2873 587.2028
309 366.2426 468.4806
310 409.0917 576.6374
311 389.0748 576.7574
312 364.1720 581.3578
313 403.0792 693.7892
314 397.0973 669.9659
315 391.0873 654.6831
316 384.2146 640.4780
317 378.1879 631.7947
318 420.6582 611.4530
319 427.2064 613.7329
320 437.0897 618.7424
321 445.6908 625.2526
322 445.3380 529.3122
323 576.2124 453.9766
324 431.6419 603.3280
325 439.9718 602.1035
326 356.1279 501.7614
327 398.2690 487.2966
328 359.3650 495.8459
329 399.3949 408.0147
330 442.4531 413.5124
331 405.1928 456.9198
332 439.3300 190.4492
333 433.3257 211.2295
334 426.2511 236.4203
335 459.5023 637.3144
336 320.0355 266.3715
337 315.3728 224.9396
338 311.6914 184.6592
339 455.3865 346.7694
340 516.2325 361.6338
341 351.5410 359.3111
342 478.3939 306.1607
343 347.3329 389.7204
344 380.2546 450.0415
345 545.4419 375.6726
346 504.7275 375.7330
347 476.6426 386.8921
348 429.9886 393.2001
349 393.3139 392.1197
350 364.1749 387.3727
351 306.5958 364.1528
352 556.5903 419.1363
353 496.0809 301.0779
354 330.8512 488.7210
355 376.4417 419.4073
356 553.1349 353.7487
357 341.7607 378.9376
358 407.2411 460.2955
359 470.3628 323.6941
360 377.1601 436.5827
361 585.5733 508.8163
362 350.0257 351.9485
363 350.7508 426.7937
364 556.9195 622.7647
365 562.4617 660.2429
366 579.1257 434.5529
367 573.9893 585.4569
368 525.5105 300.2752
369 486.1073 735.7908
370 328.6152 497.2545
371 403.3711 431.8455
372 529.3204 337.5075
373 430.7142 341.2817
374 409.4321 347.3633
375 456.6356 604.1018
376 565.9364 466.8759
377 447.6910 793.4128
378 517.1240 732.6339
379 540.0330 700.2609
380 388.5590 350.9335
381 368.9968 352.1691
382 356.5373 352.7583
383 510.3594 297.8515
384 367.6941 336.3593
385 387.4161 327.9564
386 407.3097 321.9856
387 428.8067 319.7893
388 444.2133 321.3092
389 535.5667 299.8977
390 444.5777 335.5437
391 419.5807 517.9523
392 382.7739 470.4093
393 363.7957 518.9870
394 536.9962 663.2208
395 513.3912 698.5660
396 443.1243 768.3588
397 575.9351 621.3611
398 355.1374 345.7736
399 333.1736 393.4645
400 488.2251 764.2612
401 586.4950 486.7848
402 402.2908 621.1981
403 409.6088 626.7707
404 418.4110 636.6672
405 426.6652 649.3268
406 437.9498 667.0789
407 434.2562 579.5575
408 443.7065 574.3820
409 451.1291 568.1907
410 468.4971 547.7186
411 537.3194 479.0273
412 325.7407 375.8122
413 326.6253 338.4820
414 342.0247 339.1195
415 426.0645 578.5169
416 556.0752 543.0780
417 306.7121 338.7400
418 453.9504 683.5124
419 312.4156 383.4681
420 362.5203 422.9389
421 415.5299 713.1758
422 496.8383 612.2190
423 430.7121 476.7582
424 479.9753 650.1795
425 480.5306 463.9664
426 457.5639 496.7669
427 510.2274 500.3535
428 431.6950 739.6443
429 382.9929 433.5868
430 522.1585 630.4334
431 498.8228 669.7599
432 506.1744 572.3759
433 570.5659 510.7179
434 536.0639 574.2003
435 585.9153 537.5916
436 483.9674 525.1081
437 353.9731 406.5866
438 374.1254 461.8756
439 393.8453 466.0450
440 358.7296 447.1583
441 341.4284 313.0850
442 378.2945 289.6079
443 412.9070 279.3402
444 443.0172 278.5225
445 465.0255 287.0465
446 486.8622 329.0668
447 567.2299 387.4682
448 477.0110 359.6202
449 453.5801 369.3091
450 421.6300 375.5957
451 389.3647 377.5803
452 363.2794 375.3784
453 344.7530 371.2260
454 564.0964 404.4986
455 394.6975 473.8903
456 339.6797 409.8059
457 355.3382 465.5705
458 342.6883 483.3925
459 355.7293 471.3597
460 389.2222 484.2177
461 338.7195 485.8910
462 337.1714 493.9430
463 340.6726 353.9158
464 328.6860 361.3805
465 322.8359 364.3430
466 453.8881 323.1524
467 466.0324 309.0292
