# Image: /home/yaroslav/Projects/Diia.AIContest-AdAstrum/fixtures/FLUXSynID-processed/0069735d8477/0069735d8477_m_doc.jpg
# Mode: stream
# Status: success

# 2D Landmarks (index x y)
0 304.3420 603.1335
1 303.0951 528.5708
2 303.2399 551.4038
3 285.4137 456.0238
4 302.9379 505.9767
5 302.5589 476.5261
6 302.1913 407.7081
7 162.6077 403.9884
8 302.3566 364.5845
9 302.9492 337.8142
10 303.8906 237.0805
11 304.4799 613.7717
12 304.3854 621.5247
13 304.1998 624.4308
14 304.8679 631.8901
15 304.9953 640.7345
16 305.0487 652.1103
17 304.9188 664.6012
18 304.0823 686.3635
19 302.9089 540.0519
20 283.9257 538.3592
21 88.2152 333.8199
22 218.9991 422.2291
23 199.4765 424.3475
24 180.4713 423.8308
25 155.5515 413.1207
26 235.3890 416.4609
27 192.8241 375.6497
28 212.8787 376.2002
29 174.2952 378.6758
30 161.6284 384.7541
31 138.8551 428.7381
32 227.3730 721.9582
33 155.7391 399.2716
34 77.4356 423.8478
35 115.3281 416.4640
36 205.8383 512.2834
37 280.8039 599.8428
38 285.1679 621.6505
39 257.2030 607.7497
40 242.6982 618.3094
41 268.3026 623.8540
42 255.1788 627.4218
43 216.8657 652.4779
44 285.8915 528.0484
45 283.3755 506.3774
46 128.3786 364.8386
47 243.5924 456.6230
48 238.9754 522.5175
49 237.9221 510.8987
50 148.1796 511.9477
51 284.4641 478.9997
52 175.5038 342.9831
53 147.7458 350.0596
54 108.1338 295.6817
55 262.7846 360.0398
56 231.0884 381.1232
57 202.1685 633.2252
58 91.6026 627.0323
59 253.7196 534.5250
60 270.4561 541.0620
61 226.5638 634.6370
62 235.1691 632.5898
63 135.9048 336.4393
64 238.6027 532.4217
65 213.5915 344.9567
66 209.4376 327.4253
67 189.6727 246.4398
68 122.4086 314.7535
69 201.2720 284.5127
70 115.9830 356.1769
71 102.2028 345.6322
72 282.7298 612.8818
73 263.7024 617.9309
74 249.2340 623.3910
75 259.0370 538.2507
76 231.2779 634.0692
77 238.7046 636.4643
78 236.7309 631.0620
79 264.4096 527.1989
80 258.6247 626.1005
81 271.9507 624.7232
82 287.5518 624.3821
83 278.5437 685.8788
84 281.1824 663.2860
85 283.0348 650.2581
86 284.6777 638.8714
87 286.4015 631.5977
88 255.6124 631.6696
89 252.8020 634.4079
90 248.5632 640.0144
91 244.2555 647.2338
92 223.5812 592.7921
93 73.4530 520.9413
94 303.0256 544.5051
95 246.6567 632.0593
96 243.1326 633.4472
97 277.8633 551.2957
98 246.4248 546.0746
99 274.2190 546.4506
100 223.8448 470.0053
101 193.0385 485.5217
102 234.9373 520.9056
103 140.0570 265.5375
104 153.7470 293.2174
105 167.8769 325.8542
106 232.5336 665.1065
107 256.1820 332.6885
108 249.6329 283.6926
109 242.5492 238.2596
110 164.5033 420.4216
111 117.1536 445.2694
112 245.5470 410.8033
113 138.4023 390.1305
114 257.1472 442.0483
115 251.5282 514.3020
116 95.2681 461.3769
117 131.9859 459.5987
118 158.3117 466.6838
119 195.7280 461.9851
120 222.7909 451.9086
121 242.9433 440.9696
122 283.2664 413.3980
123 99.3681 506.5902
124 120.6912 388.1421
125 292.6294 539.0282
126 245.1442 477.6604
127 71.4694 425.4771
128 257.9903 429.0927
129 233.7962 522.7286
130 149.7691 402.1452
131 250.7966 500.1953
132 77.5717 572.8898
133 244.9242 402.8522
134 267.1792 487.2493
135 137.0234 675.4447
136 135.3574 701.6944
137 76.3199 514.5968
138 113.1950 646.0934
139 89.6408 381.2749
140 220.1339 746.3550
141 294.8500 543.6103
142 228.1519 494.4448
143 97.5838 421.5019
144 182.0481 410.3294
145 199.2125 411.9922
146 233.8366 640.7433
147 103.0707 550.0841
148 257.0000 778.4850
149 192.4392 749.7893
150 165.2786 730.1649
151 303.5480 285.3804
152 302.3098 782.0790
153 215.6894 410.5121
154 230.9302 406.9584
155 240.3517 404.7981
156 106.0029 385.0662
157 228.0224 389.1593
158 210.9963 384.4387
159 194.2321 383.4798
160 177.4694 386.8137
161 166.9756 392.2160
162 76.8066 374.3334
163 170.4536 407.1572
164 303.6457 567.3250
165 239.6146 578.4730
166 253.2490 530.9861
167 276.6076 569.6909
168 302.0980 385.5500
169 163.1675 703.7329
170 190.1851 725.6072
171 257.5226 760.4839
172 112.1487 669.9694
173 239.7283 396.9200
174 270.2280 447.0537
175 302.9600 763.6260
176 222.2665 766.6774
177 81.9811 562.2712
178 269.6906 631.1706
179 266.7885 636.5575
180 263.6056 645.1167
181 260.4145 656.5692
182 252.6585 676.9572
183 243.6451 630.4420
184 237.9581 629.3633
185 231.9815 626.4779
186 209.9363 611.8642
187 132.0810 559.8106
188 270.5216 426.2549
189 261.3623 389.9921
190 248.5490 392.9802
191 247.2524 627.4736
192 126.4124 613.3841
193 277.7094 388.9848
194 239.7813 698.7467
195 302.4023 452.4347
196 283.7633 435.2692
197 302.2391 430.3215
198 256.7529 481.4931
199 303.5029 738.5419
200 303.9492 710.0343
201 271.1553 709.2018
202 193.5067 661.1452
203 218.8795 541.0818
204 214.3376 682.9944
205 176.1317 538.6843
206 202.2836 563.7761
207 159.0725 575.2267
208 262.5879 736.2459
209 244.9400 494.1881
210 173.0127 677.9556
211 199.6755 701.7551
212 178.6219 634.8757
213 107.1642 587.4825
214 151.3351 637.4337
215 92.2869 606.1430
216 187.4395 594.5205
217 257.9872 461.9228
218 258.0053 523.7603
219 244.9359 529.5996
220 266.3426 509.2580
221 246.1954 375.2917
222 214.2741 365.8255
223 186.8396 363.9912
224 163.8461 366.8986
225 147.5676 375.1203
226 134.5667 409.2235
227 73.8840 468.4721
228 150.3895 437.2370
229 170.5664 442.7104
230 196.6189 441.7643
231 221.4365 436.0112
232 240.4678 428.2510
233 253.5505 420.9639
234 72.5517 473.2092
235 245.7578 535.3940
236 270.2770 466.4383
237 271.8552 524.7536
238 282.8281 535.2782
239 272.0505 528.2975
240 251.9809 542.0127
241 286.4042 537.4775
242 288.3659 541.8865
243 252.2245 404.5577
244 263.8798 409.6485
245 269.6681 412.7059
246 160.7837 396.0864
247 151.1950 391.4083
248 319.0811 456.1801
249 438.0120 406.9240
250 321.5726 538.2455
251 512.2130 337.5214
252 382.5396 423.7662
253 402.2535 425.9527
254 421.0389 425.5156
255 445.0006 415.8082
256 366.0837 417.8905
257 409.3072 379.2156
258 389.3220 378.8831
259 427.4904 382.6041
260 439.6036 388.7818
261 461.8391 430.7799
262 378.2921 721.2508
263 444.6622 402.8548
264 521.3413 426.2675
265 484.9653 418.8730
266 397.8179 512.0521
267 327.6253 599.1164
268 323.3431 620.8510
269 351.0242 605.9182
270 365.3495 615.5770
271 340.0283 622.2188
272 352.8635 625.0159
273 390.1845 649.8582
274 319.8838 527.9494
275 322.1031 506.3178
276 473.2661 369.4951
277 359.2900 457.0286
278 365.0867 522.1980
279 365.7907 510.4982
280 454.1257 511.9216
281 320.5621 479.0490
282 427.8833 347.7644
283 454.7302 355.1565
284 494.0241 299.3461
285 341.8604 361.5773
286 371.0629 383.2142
287 404.4570 630.3305
288 503.3565 627.7643
289 350.7756 534.0508
290 334.6537 540.7413
291 381.4528 631.1415
292 372.5545 629.3346
293 466.6865 341.9387
294 365.4148 531.8665
295 390.6468 348.4335
296 395.5595 330.8443
297 416.2527 248.9727
298 480.3007 318.9534
299 404.5787 287.3518
300 485.5985 361.0005
301 499.2566 349.8002
302 325.8960 612.1094
303 344.7976 616.0875
304 359.0768 620.8126
305 345.7064 537.8546
306 376.6589 630.6355
307 369.6508 633.5427
308 370.5622 627.9548
309 340.4850 527.0045
310 348.8973 623.7357
311 335.8564 623.1661
312 320.5640 623.5761
313 329.4380 685.4952
314 328.2343 662.7241
315 326.9326 649.6730
316 325.1268 638.4267
317 323.2570 631.1132
318 352.8726 629.5190
319 355.8126 632.1595
320 360.0830 637.8880
321 364.3036 645.2480
322 382.5679 590.9435
323 521.6937 522.7555
324 361.2401 629.5079
325 364.9757 630.7334
326 328.0275 550.8582
327 357.8867 545.2016
328 331.1643 546.0224
329 379.1803 470.2781
330 410.0759 485.5900
331 368.7279 520.3865
332 463.8295 268.9653
333 450.5387 297.2503
334 435.9415 330.6066
335 374.8459 663.1687
336 349.5300 334.5339
337 357.3119 285.0379
338 364.7596 239.6178
339 436.4179 422.5241
340 483.3858 446.8806
341 355.9260 412.0939
342 462.5550 394.0600
343 345.8651 442.5429
344 352.9066 514.2297
345 504.3585 462.9418
346 469.0814 460.5975
347 443.6577 467.1912
348 406.8526 462.4496
349 379.7074 452.5996
350 359.4479 441.7583
351 320.7359 413.7499
352 500.1430 507.3495
353 480.2132 391.7850
354 313.1119 539.1186
355 358.1821 477.8509
356 525.5975 428.0403
357 344.5668 429.9947
358 369.6650 522.0914
359 450.7434 405.7287
360 353.1518 500.0938
361 517.0746 574.2637
362 356.4162 404.3697
363 337.2879 487.2736
364 463.3751 674.7159
365 462.9331 701.2648
366 520.7642 516.1255
367 485.3939 646.0027
368 510.4634 384.4835
369 384.5145 745.6905
370 311.0760 543.5435
371 375.1255 494.3730
372 502.2558 424.0316
373 419.1241 412.4142
374 402.2444 413.9381
375 374.5137 637.7974
376 496.1877 550.5290
377 347.0002 778.3015
378 409.2921 749.1084
379 435.0627 729.4007
380 385.8130 412.3098
381 370.5166 408.4018
382 361.0189 406.2989
383 494.8618 388.5797
384 373.5140 391.3109
385 390.4665 387.3202
386 407.1631 386.9287
387 423.6249 390.6359
388 433.9010 395.8977
389 521.9966 377.6609
390 430.3711 409.6427
391 366.1333 577.1677
392 351.4043 530.6456
393 330.1159 569.0998
394 438.6651 702.8006
395 413.0549 724.7882
396 347.9044 760.2777
397 484.0560 670.1072
398 361.6597 398.5862
399 333.6373 447.5038
400 381.0308 766.2411
401 514.8136 563.2973
402 339.6002 629.8719
403 342.4005 635.1689
404 345.7976 643.7699
405 348.7853 655.2956
406 355.1076 675.8235
407 364.2481 627.4169
408 370.1325 626.2191
409 376.0925 623.2304
410 396.4339 609.3249
411 469.4336 559.5623
412 332.9245 426.7705
413 341.3475 391.2883
414 353.2810 394.5210
415 360.1254 624.6524
416 474.1798 612.9735
417 326.0743 389.7884
418 366.7856 697.7532
419 320.4550 435.5428
420 346.7543 481.6481
421 336.2459 708.7435
422 411.5766 659.3773
423 385.1195 540.2839
424 391.4384 681.6166
425 427.6138 538.2365
426 402.3007 562.7285
427 444.4701 574.5064
428 343.9447 735.9594
429 358.3891 494.1354
430 430.4256 676.7309
431 405.0628 700.6574
432 426.1674 632.9100
433 491.9209 587.6039
434 451.3252 636.3996
435 504.8393 606.7180
436 417.4757 592.8642
437 345.4071 462.2348
438 346.7740 523.7020
439 359.4871 529.2196
440 338.7399 509.3118
441 356.7416 377.1427
442 388.7425 368.7593
443 415.9826 367.9091
444 438.5540 371.2864
445 454.0946 379.5474
446 465.9300 412.1650
447 523.8882 470.5110
448 450.6172 438.7945
449 431.1334 443.8109
450 405.4353 442.8299
451 380.5665 437.0437
452 361.5394 429.3268
453 348.5471 421.9703
454 523.2638 475.3631
455 358.4566 534.9087
456 333.7610 466.6681
457 333.6067 524.6893
458 322.5687 535.2394
459 333.1828 528.2107
460 352.4721 541.4536
461 319.3750 537.3934
462 317.3862 541.8763
463 349.3826 405.9526
464 338.4108 410.7315
465 333.3431 413.6652
466 439.9719 399.7489
467 449.5916 395.3488
