# Image: /home/yaroslav/Projects/Diia.AIContest-AdAstrum/fixtures/FLUXSynID-processed/0069735d8477/0069735d8477_m_live_0_e_d1.jpg
# Mode: stream
# Status: fail
# Errors: strong_shadows_on_face: Strong shadows or uneven lighting detected (difference: 63.2)

# 2D Landmarks (index x y)
0 292.7841 556.9013
1 281.3143 479.1428
2 290.8361 507.2123
3 266.8211 412.5610
4 279.9196 455.9348
5 281.3937 428.5436
6 288.3234 367.1919
7 160.9563 385.0925
8 289.3698 319.8860
9 288.1409 293.2166
10 289.5450 214.1404
11 293.7815 568.3636
12 295.4924 578.5206
13 297.4170 584.1341
14 297.6168 595.8418
15 297.4693 605.8119
16 297.6733 618.6870
17 298.6812 632.8992
18 302.1230 656.4431
19 284.3989 492.4710
20 268.6771 495.8970
21 109.2741 337.4075
22 214.8445 395.6308
23 196.1082 399.5666
24 178.2989 401.5337
25 155.8627 394.9557
26 230.6430 388.3975
27 185.3808 346.0551
28 206.1832 345.0306
29 167.0001 351.7690
30 155.7271 361.1121
31 142.2435 413.1232
32 225.5190 696.8485
33 154.7538 381.7377
34 100.2658 421.0043
35 123.4681 403.5879
36 197.3240 483.6247
37 267.4092 556.4043
38 275.3325 581.3352
39 243.8690 569.2630
40 231.8979 584.0819
41 259.0271 586.4508
42 247.7059 593.4833
43 212.0181 627.0675
44 264.1668 480.8491
45 259.9149 459.1166
46 128.1919 344.9873
47 234.7365 425.2735
48 223.6294 486.7714
49 223.2603 475.8689
50 146.2525 490.9602
51 262.9093 433.4260
52 164.8580 312.2792
53 141.9153 324.9978
54 120.6282 297.0877
55 247.8246 318.4084
56 225.2466 349.7432
57 197.5390 607.8813
58 124.7557 620.2035
59 240.4704 497.9266
60 257.5499 502.5826
61 220.7392 608.2400
62 231.2932 605.2279
63 132.7157 315.1360
64 225.8410 498.3368
65 199.0905 308.5939
66 194.4642 293.3348
67 184.4972 237.6200
68 126.1114 305.6084
69 190.6245 264.1027
70 119.6743 340.5967
71 114.1974 340.3142
72 270.7220 570.3128
73 251.9294 579.5461
74 239.5688 589.0667
75 246.5541 501.7546
76 226.0525 607.3142
77 231.9544 609.2749
78 234.1023 603.1901
79 247.3205 486.3528
80 253.5888 592.7216
81 265.0242 588.5230
82 280.0756 585.8593
83 274.1052 657.4261
84 272.5129 633.2513
85 273.5175 618.8167
86 275.3034 605.5311
87 277.7802 597.1397
88 249.1943 601.2256
89 245.5157 604.9572
90 240.2780 611.9128
91 235.7963 620.4821
92 213.6977 560.8415
93 109.6910 518.9778
94 287.6361 498.9201
95 242.2231 603.0471
96 237.2811 605.1358
97 264.8983 511.4449
98 235.5645 512.2322
99 261.2922 507.3475
100 215.8741 441.0003
101 186.4216 459.3944
102 222.4118 487.6424
103 143.7174 262.9423
104 149.9495 279.2227
105 157.7795 298.8404
106 227.0978 638.9688
107 239.8391 292.9618
108 235.7140 258.3748
109 231.5042 223.1245
110 163.9088 400.5256
111 123.6730 432.1391
112 240.7035 381.3326
113 138.9114 372.0667
114 247.3173 408.6722
115 233.2268 474.5979
116 106.5111 451.3395
117 133.9913 443.3894
118 155.7416 446.1260
119 190.6899 436.7968
120 216.6173 423.9883
121 236.0683 410.9734
122 270.0156 375.1332
123 108.4543 493.9594
124 125.3427 372.4813
125 273.8968 492.7033
126 234.0677 444.6015
127 105.3779 427.9900
128 250.0678 396.9945
129 223.3790 491.0503
130 149.5385 384.2827
131 233.5653 461.7400
132 113.2310 568.6206
133 240.9401 374.0432
134 247.3557 444.9445
135 148.6182 659.1633
136 154.8057 688.3498
137 98.7333 507.5788
138 130.4148 632.7962
139 107.8906 378.2275
140 220.8037 723.6092
141 279.2934 498.9600
142 218.7655 463.8171
143 110.9306 412.1498
144 178.9119 388.0149
145 195.2116 387.6412
146 226.7362 614.3258
147 113.5482 535.8792
148 261.2882 757.1189
149 200.4660 730.9323
150 177.9458 713.5003
151 288.4966 253.8884
152 310.3348 759.2964
153 210.9569 384.7126
154 226.2100 379.9165
155 236.0688 376.7596
156 115.5728 373.5729
157 223.5190 364.9277
158 206.2885 362.8508
159 189.5372 363.6531
160 173.6364 368.2907
161 164.0450 374.0682
162 104.4928 378.2619
163 168.2196 386.9128
164 291.9728 522.8802
165 227.9964 544.1328
166 238.8349 493.4919
167 263.4807 529.0542
168 290.5136 344.7743
169 170.4207 684.8344
170 194.0323 704.4071
171 257.3130 736.0066
172 139.2020 659.9553
173 235.3611 369.7207
174 255.6809 408.8336
175 305.8724 738.0488
176 226.7853 746.3206
177 104.5758 553.4753
178 261.6551 598.6309
179 257.8528 605.1348
180 253.9756 615.3749
181 250.9835 628.4026
182 247.0798 650.0444
183 238.3338 599.9638
184 230.8078 599.0917
185 223.9017 596.5311
186 202.6761 583.0817
187 135.4728 540.4769
188 259.0671 390.3853
189 254.0648 356.4689
190 243.4563 361.7788
191 244.0746 596.4812
192 135.4470 596.2558
193 266.9915 351.5143
194 236.4416 672.2429
195 283.9176 406.9460
196 267.6361 394.5495
197 286.0616 387.4322
198 242.0374 444.1502
199 303.5290 710.3278
200 302.6820 680.4994
201 267.6297 681.0271
202 191.5767 636.9314
203 209.8079 511.0502
204 211.6151 658.0047
205 170.8477 512.7260
206 194.9447 534.7369
207 157.8986 551.5298
208 259.7994 709.2838
209 232.3117 459.8054
210 175.0937 656.4635
211 199.6119 678.3332
212 176.9345 611.1444
213 119.3488 572.8872
214 154.8616 617.2604
215 113.8341 595.7355
216 183.0586 567.5047
217 245.4852 426.3752
218 240.0699 483.2332
219 229.9686 492.8731
220 244.9765 465.5695
221 237.0675 339.5721
222 204.5230 331.4261
223 177.5117 333.1990
224 156.3288 340.5916
225 143.7553 353.1314
226 138.4191 393.6438
227 96.7669 463.6860
228 150.9839 419.2446
229 168.6751 421.4259
230 192.8305 417.1793
231 216.4556 408.8935
232 234.9908 399.2751
233 247.5940 390.3825
234 108.6933 473.4875
235 232.7332 499.9576
236 253.0644 425.9223
237 251.3076 480.4466
238 265.5847 491.4270
239 253.8299 485.3629
240 240.2032 506.7658
241 268.2233 492.3108
242 272.8930 498.5059
243 247.5129 373.7809
244 257.3602 377.1434
245 260.8809 378.6562
246 158.6887 378.4104
247 148.6183 371.1833
248 302.9011 409.2900
249 446.2510 357.6466
250 309.0514 492.0316
251 531.8539 295.2791
252 387.5199 378.2432
253 407.7116 378.6181
254 428.0713 377.3409
255 456.3537 366.2658
256 370.6453 374.5284
257 409.8546 324.0379
258 388.3758 327.0658
259 431.1079 325.7678
260 446.4939 332.6367
261 475.3306 381.8486
262 394.0257 686.9890
263 454.0921 352.9287
264 550.1129 380.2197
265 500.7666 368.6337
266 404.0255 464.8990
267 320.0151 551.2898
268 318.3478 577.4013
269 350.9329 559.5614
270 370.2507 571.2657
271 340.1910 579.1795
272 357.0448 583.6163
273 405.4763 611.3491
274 300.3886 477.3357
275 301.8490 454.9634
276 477.6722 312.2835
277 359.5771 413.5251
278 361.3188 473.9187
279 363.4709 463.2373
280 469.0165 462.0388
281 302.1174 429.7903
282 423.8190 288.6445
283 454.2043 296.0714
284 502.6239 257.2947
285 333.4535 310.5783
286 370.5932 335.4374
287 420.2742 588.9896
288 559.8001 589.9430
289 346.4128 487.9156
290 328.0718 496.0107
291 394.1936 592.7522
292 383.9699 591.6285
293 466.0305 284.3041
294 364.7357 485.8356
295 384.5076 291.3713
296 387.1587 275.3397
297 407.9403 212.5700
298 483.8508 270.0567
299 395.2108 242.8394
300 491.8066 305.6727
301 511.5958 301.7813
302 319.3611 565.6430
303 344.6231 571.1425
304 363.1335 577.6593
305 341.6283 492.7737
306 388.7133 592.6709
307 379.2675 596.0339
308 381.9224 590.1861
309 329.7301 478.3037
310 353.8684 583.7336
311 337.0844 582.0629
312 317.3965 582.2329
313 332.3379 653.3353
314 327.0017 628.7516
315 324.3135 614.3439
316 321.5548 601.4875
317 319.8525 593.5754
318 357.9119 591.5133
319 361.3464 594.4432
320 366.6765 600.7468
321 372.4174 608.5642
322 389.3551 545.3221
323 573.1223 481.6092
324 369.5748 591.9006
325 373.6495 593.0430
326 320.6505 506.5117
327 359.0704 501.3445
328 324.2515 501.4139
329 382.9745 425.3655
330 417.2256 437.9540
331 369.2095 474.3407
332 463.5886 228.4383
333 447.2959 249.2667
334 431.1201 273.4384
335 387.3311 626.6832
336 338.0304 283.7663
337 344.2678 246.5781
338 352.0893 209.1831
339 445.9906 373.3209
340 500.6139 397.3674
341 359.5876 369.7008
342 472.0923 340.5974
343 342.8738 399.6770
344 343.5556 464.2444
345 528.0482 413.4831
346 484.2777 410.7249
347 455.1257 418.2113
348 413.7209 415.6446
349 384.0266 407.9578
350 361.3250 398.9664
351 309.6547 371.3964
352 527.3829 457.5279
353 490.8814 338.4011
354 295.5329 490.5895
355 357.7699 433.1369
356 565.2199 387.0031
357 343.6729 387.9826
358 373.2134 477.6231
359 462.4873 354.3899
360 345.8998 451.3225
361 572.2996 533.9462
362 360.3930 362.4555
363 323.4982 437.9159
364 501.3403 636.6307
365 510.0988 668.0820
366 560.3253 469.3381
367 528.3056 605.8725
368 531.3746 338.2463
369 403.7371 714.0168
370 296.5015 497.3245
371 378.6601 449.2871
372 522.3668 374.3896
373 424.7529 363.7978
374 406.8802 366.2692
375 385.7456 600.2162
376 527.9147 501.9969
377 362.3478 752.5412
378 441.3110 719.2225
379 474.3157 697.9092
380 390.1197 366.5080
381 375.0982 364.9913
382 365.3899 363.9499
383 508.5469 336.6859
384 375.7016 350.0528
385 392.1085 344.6079
386 408.7767 342.1231
387 426.9074 343.3369
388 439.6000 347.0549
389 552.0425 336.0358
390 437.2446 360.7741
391 369.3589 531.7464
392 345.2981 483.2634
393 323.3364 523.4636
394 471.2783 666.6236
395 440.0130 690.9844
396 358.4169 730.9806
397 537.3153 635.0776
398 364.8719 357.3555
399 323.9548 402.4352
400 404.6163 738.0865
401 559.0718 517.9407
402 340.2332 591.7530
403 343.6093 597.3714
404 347.8013 607.1556
405 352.2934 619.8728
406 363.2688 641.4723
407 372.5158 587.8708
408 378.9481 585.7138
409 385.5563 581.6078
410 407.4537 565.0904
411 492.5805 510.7706
412 325.7936 384.1651
413 339.8911 348.4675
414 354.2231 350.9160
415 368.5169 585.6728
416 506.2029 568.2523
417 318.7049 346.7826
418 379.7526 663.1081
419 306.7219 390.8886
420 340.6975 435.0205
421 341.5264 676.5964
422 431.6110 619.1263
423 391.5156 495.0833
424 409.4385 644.5137
425 438.0961 489.3079
426 411.0186 516.0047
427 461.1789 526.2651
428 351.1088 704.2300
429 357.4013 448.3650
430 456.5051 637.6206
431 427.1230 664.2800
432 445.8447 589.7610
433 527.2857 541.2463
434 478.3346 593.5380
435 550.8442 563.7036
436 430.2120 546.6220
437 340.4734 417.4971
438 336.2670 474.0039
439 354.4436 481.1624
440 323.4339 458.1593
441 354.3977 328.4828
442 386.3544 314.1275
443 414.8606 310.0798
444 440.0792 313.0819
445 459.5292 322.7936
446 479.0270 361.5328
447 557.8683 423.6144
448 463.0336 389.5693
449 440.4678 395.5781
450 412.0512 395.9217
451 385.4788 392.1894
452 365.1632 386.5853
453 350.4687 380.3857
454 569.5506 434.3665
455 355.7293 488.6623
456 321.8268 419.5045
457 317.4351 474.2295
458 307.9476 487.3839
459 319.3012 479.1636
460 351.0394 497.0348
461 303.0271 488.9861
462 304.0733 495.6808
463 351.7591 363.6973
464 338.4049 369.5475
465 329.8545 372.1512
466 447.4667 350.2956
467 459.1613 341.4658
