# Image: /home/yaroslav/Projects/Diia.AIContest-AdAstrum/fixtures/FLUXSynID-processed/00bf04242f4a/00bf04242f4a_m_live_0_p_d1.jpg
# Mode: stream
# Status: fail
# Errors: strong_shadows_on_face: Strong shadows or uneven lighting detected (difference: 42.1); face_too_small_in_frame: Face occupies only 43.2% of frame (min: 50.0%)

# 2D Landmarks (index x y)
0 330.3799 567.9449
1 318.3637 502.4066
2 322.2924 525.0668
3 289.7320 446.1307
4 314.1412 482.8853
5 308.5537 458.8163
6 295.8899 403.8713
7 172.4709 431.9123
8 288.8346 370.1449
9 284.5470 348.4008
10 267.4987 269.1286
11 332.2884 577.5281
12 333.7997 584.7141
13 334.4402 587.7041
14 337.2798 595.0396
15 338.9321 602.2877
16 341.0928 611.9293
17 343.6518 623.2616
18 348.6530 645.3278
19 320.4819 513.3024
20 303.1060 516.8166
21 97.7085 397.4720
22 225.1573 434.9006
23 208.2132 440.4752
24 191.5238 444.3808
25 167.5649 441.9366
26 238.8744 427.0302
27 194.9205 401.5863
28 212.6262 397.6949
29 178.9406 408.3442
30 168.5965 416.6244
31 155.3577 459.2644
32 284.0431 695.6605
33 165.5704 429.9567
34 102.1444 473.9629
35 133.1324 455.8960
36 226.4191 513.5432
37 306.4890 569.8267
38 313.7791 588.9250
39 283.7556 581.5869
40 270.5174 594.2209
41 296.8355 594.1316
42 283.9575 600.3038
43 255.2607 631.8378
44 302.8547 505.5351
45 296.5008 487.3484
46 137.8884 410.3739
47 252.6996 458.8599
48 258.5582 512.9027
49 255.5931 503.6117
50 174.1002 525.5269
51 292.7280 464.7536
52 176.4749 380.1513
53 152.9579 392.9479
54 109.2282 359.8350
55 254.5947 374.2255
56 229.4616 397.9971
57 237.5933 616.7452
58 148.2763 649.4619
59 273.9664 520.3835
60 290.5348 522.8742
61 256.9569 612.7277
62 265.0230 609.7271
63 141.0189 385.4818
64 259.4692 522.0456
65 209.9283 372.7026
66 203.3913 359.6123
67 171.3764 299.8607
68 125.3608 371.2898
69 188.3061 327.0971
70 126.0657 407.1148
71 112.3168 402.8285
72 310.0952 581.2257
73 291.3878 589.4303
74 277.4974 597.5927
75 279.2961 522.9140
76 261.1617 611.4595
77 270.1768 612.7226
78 266.8922 608.5497
79 283.4337 510.7420
80 287.1684 598.7911
81 300.5405 594.6417
82 316.5829 591.1647
83 323.1948 650.2895
84 319.8213 627.0215
85 318.5941 614.8051
86 317.9737 604.9169
87 318.1873 598.6882
88 286.7800 605.4015
89 284.6259 608.1449
90 281.7940 613.8423
91 279.5196 621.3485
92 252.0208 577.2826
93 114.2187 562.0110
94 321.3315 518.3399
95 277.7387 607.8124
96 274.0050 609.3463
97 298.8481 530.2615
98 268.6018 532.7030
99 294.7864 526.6624
100 236.6533 474.3544
101 210.9123 493.4184
102 254.3275 513.2968
103 132.0373 326.9327
104 149.0947 345.7165
105 167.3162 368.4935
106 273.7449 640.7330
107 244.1072 353.2891
108 229.1233 315.7227
109 215.1364 282.0060
110 176.7895 445.4327
111 138.5930 478.2707
112 247.2119 420.1894
113 149.4687 428.0194
114 262.5965 443.4750
115 269.1183 502.3482
116 121.8774 497.7685
117 153.4373 485.6283
118 177.5402 484.9040
119 210.3316 473.2288
120 233.3351 459.5042
121 249.8378 446.2818
122 280.3739 412.7239
123 131.4449 534.3955
124 133.9832 431.5322
125 311.0947 514.4232
126 257.0389 475.7429
127 97.1870 480.5080
128 261.3556 432.9061
129 253.3138 515.9349
130 160.6653 434.4564
131 266.0427 491.1762
132 126.9500 605.7958
133 245.3802 413.5794
134 278.8086 475.9630
135 194.4695 675.1062
136 199.9755 702.1851
137 114.6842 550.6750
138 168.1342 655.8987
139 106.4371 435.4750
140 283.6623 720.1442
141 313.8499 519.1415
142 244.0428 493.7396
143 118.7891 465.1863
144 190.7351 431.9634
145 205.8833 429.6177
146 266.4536 617.5290
147 141.0768 571.4037
148 325.6600 742.0730
149 260.5038 731.0945
150 232.1856 719.9598
151 275.4882 306.7765
152 368.9969 735.8964
153 220.1065 425.3376
154 233.1905 419.6804
155 241.5301 416.2354
156 121.0641 433.4275
157 227.7474 405.0193
158 212.0329 404.0295
159 197.2128 406.4096
160 182.8307 413.0065
161 174.3894 420.3888
162 93.9747 435.0317
163 180.0124 432.3784
164 324.8665 538.6271
165 266.1208 561.4032
166 273.1648 517.1348
167 299.6014 545.9752
168 292.2164 387.0504
169 223.5340 694.2091
170 252.2009 707.9918
171 321.3221 724.3101
172 173.8321 681.0458
173 239.6657 409.4335
174 274.7863 443.4307
175 365.0371 717.7801
176 290.9782 739.1846
177 127.2266 590.7387
178 301.0909 601.8504
179 299.4001 606.8462
180 298.2533 614.7934
181 297.9267 625.7679
182 295.9915 647.5423
183 272.4267 605.5836
184 266.7248 605.4943
185 260.6629 604.0748
186 240.9046 596.4257
187 167.2099 571.5062
188 271.7697 426.8343
189 258.0338 399.5974
190 246.9863 404.5080
191 275.9637 602.6903
192 171.8273 621.2791
193 271.8643 395.0340
194 289.5908 670.9024
195 304.1765 439.5385
196 284.6243 429.9961
197 300.0611 421.8969
198 268.5176 475.1771
199 359.7477 693.9329
200 353.5998 667.1906
201 321.5023 673.5052
202 238.8749 645.4581
203 242.6341 535.0663
204 262.6543 661.7585
205 202.9574 542.2951
206 230.1804 557.9564
207 193.2201 577.7124
208 319.8331 700.6700
209 259.4691 489.0368
210 225.6626 666.8065
211 254.5803 682.9546
212 219.8688 624.4374
213 150.9537 603.7475
214 197.7803 635.1114
215 143.4393 626.6281
216 220.2192 586.9294
217 266.3925 459.2652
218 276.7885 508.9828
219 265.3085 517.6405
220 281.8122 494.1470
221 242.5102 390.2817
222 212.9621 389.1660
223 188.4613 393.7940
224 168.5543 401.6778
225 155.2993 412.8926
226 148.9030 444.7439
227 105.6891 512.0743
228 166.7359 462.9291
229 185.4623 462.5689
230 208.4102 456.0019
231 229.5652 446.3571
232 245.5176 436.1209
233 256.0208 427.2675
234 105.5748 521.3997
235 266.7133 522.9135
236 278.2026 458.7814
237 289.6273 506.0083
238 301.7411 513.5946
239 290.6477 509.5513
240 273.2402 527.7907
241 305.2764 514.4247
242 307.7049 518.9760
243 252.2510 413.5960
244 263.4115 415.5311
245 268.8541 416.5556
246 169.4845 425.6272
247 160.3659 425.0962
248 319.8862 439.8372
249 416.5300 381.0133
250 337.0995 509.6444
251 468.9904 319.2292
252 370.6190 404.8476
253 388.5069 402.8793
254 405.1948 399.4776
255 424.8638 388.1514
256 354.7492 403.2051
257 385.4133 362.2444
258 367.4859 365.5351
259 402.4183 362.3062
260 414.5435 365.7383
261 443.0645 398.4656
262 428.7207 664.4875
263 421.8127 376.6893
264 495.4851 389.9882
265 461.3968 386.2037
266 402.7292 476.1853
267 352.9795 559.9537
268 353.5600 580.5360
269 378.2187 561.8500
270 395.2205 567.9852
271 371.1238 578.5076
272 385.2604 578.9527
273 425.9104 595.7396
274 333.6302 498.7625
275 331.6138 479.8496
276 439.8444 347.2803
277 356.5700 437.0029
278 374.8456 488.2905
279 373.3009 478.7354
280 454.2612 465.7711
281 325.3744 457.8349
282 394.3666 335.1562
283 420.0539 337.5291
284 444.6384 289.5507
285 321.7276 360.3079
286 352.0094 372.5317
287 435.1402 574.8694
288 525.8351 568.0562
289 364.0258 501.3534
290 350.2692 510.3991
291 415.8193 579.4463
292 407.3274 579.9003
293 427.7621 325.8967
294 377.5133 497.2680
295 361.6119 341.3792
296 362.6049 326.6275
297 366.2273 259.1881
298 435.3677 306.4359
299 362.5264 290.8459
300 449.0864 339.4906
301 458.9573 329.8723
302 354.0079 571.9919
303 374.2704 571.9296
304 390.1787 573.8085
305 360.1737 505.9771
306 411.3539 579.8696
307 404.5427 584.5040
308 404.9950 579.5774
309 352.5743 495.7997
310 381.6440 578.8768
311 367.7233 580.4400
312 351.8224 583.5984
313 373.8648 639.3798
314 366.7733 616.9526
315 362.7149 605.4356
316 359.0627 596.2154
317 356.1190 590.7240
318 386.8606 584.1816
319 389.9869 585.7946
320 395.0019 589.9283
321 400.3098 595.8522
322 405.6137 544.6049
323 519.3562 475.0773
324 395.7938 582.9285
325 399.6829 582.8859
326 345.8070 520.4826
327 373.4037 510.9465
328 347.8675 515.7301
329 377.4188 444.6030
330 408.4634 451.4494
331 378.2401 487.1360
332 411.7464 268.4814
333 404.6760 292.5238
334 398.1619 320.6059
335 413.7320 610.9107
336 323.2695 336.9085
337 321.2077 296.5622
338 320.1052 260.1530
339 418.3191 394.7088
340 465.6694 408.6422
341 344.2388 400.3732
342 435.8671 368.1614
343 341.5408 426.9244
344 361.6942 482.6218
345 488.2923 419.6207
346 455.8162 421.2901
347 434.5198 430.2624
348 400.5372 432.9103
349 374.0836 429.8998
350 353.5773 424.5711
351 313.3824 405.7914
352 494.9879 456.6531
353 451.2282 364.5826
354 329.4915 510.5122
355 359.9176 454.1473
356 501.4885 394.3799
357 337.7659 417.0950
358 379.7610 489.2776
359 427.9786 378.8837
360 359.3056 471.4402
361 526.2843 519.8174
362 343.0084 393.6927
363 342.1620 462.5234
364 498.3095 609.8535
365 504.0334 636.7369
366 515.3232 464.7865
367 512.9282 581.7795
368 476.6353 356.9482
369 439.4558 686.4240
370 328.3199 515.9900
371 378.7986 465.3255
372 477.8161 388.6700
373 400.6802 388.2191
374 386.1158 392.3215
375 409.7949 587.4564
376 501.6406 494.3483
377 410.7261 723.7509
378 464.1115 687.3219
379 484.0390 665.7120
380 371.1572 394.1735
381 356.7239 394.2591
382 347.6460 394.5577
383 463.5374 360.9613
384 355.6652 378.4358
385 369.8344 371.2463
386 384.3668 367.6454
387 399.8468 368.0897
388 410.2857 371.3924
389 486.7960 351.9115
390 410.2261 384.3284
391 386.9124 535.9576
392 363.7137 497.8051
393 350.6156 535.2394
394 481.2062 638.9438
395 462.1174 662.9229
396 407.3795 705.7265
397 517.2388 606.9970
398 346.5671 387.4387
399 331.3933 431.4916
400 440.6315 706.9623
401 520.9301 506.2371
402 372.7525 586.6774
403 376.5212 590.3955
404 380.9693 597.2050
405 385.9655 607.0263
406 396.9971 625.9978
407 398.1234 579.2875
408 403.3855 576.7692
409 408.3177 573.0751
410 423.2566 557.6347
411 478.9186 504.8459
412 326.7731 415.3312
413 326.9988 385.4595
414 338.2851 385.7469
415 393.6739 577.9091
416 495.3725 551.8408
417 313.6307 386.3690
418 412.8325 644.5794
419 317.2079 423.1008
420 350.0488 457.9357
421 385.4222 659.7580
422 446.4683 601.1839
423 397.0340 502.4942
424 432.5361 625.5543
425 435.5027 492.6445
426 417.3456 518.0882
427 458.6277 520.8421
428 398.5514 683.6069
429 363.4102 467.2188
430 467.6680 614.9138
431 449.2312 641.2174
432 454.2232 574.3148
433 506.2506 527.5877
434 478.5098 574.9347
435 521.9260 545.3650
436 437.9671 540.2384
437 345.0800 442.7171
438 357.7891 491.5763
439 370.9599 495.1075
440 347.5301 480.0572
441 337.8924 370.6447
442 364.5074 357.8609
443 388.6095 352.5377
444 409.4514 351.9900
445 425.2217 356.9086
446 442.7620 382.8473
447 507.6454 426.1516
448 434.6683 406.2898
449 418.0611 413.1360
450 394.9280 416.7298
451 371.6037 416.6688
452 352.9585 413.9320
453 339.7783 410.0698
454 510.2854 434.8815
455 371.4643 500.8455
456 335.0997 446.7756
457 345.5834 493.8670
458 337.3026 506.0100
459 345.7619 497.6318
460 367.4206 508.2052
461 334.7513 508.0745
462 333.8672 513.5216
463 337.0260 396.2995
464 328.4163 402.2792
465 324.5318 405.1825
466 416.6594 374.2804
467 424.8497 370.1912
