# Image: /home/yaroslav/Projects/Diia.AIContest-AdAstrum/fixtures/FLUXSynID-processed/014618edeef8/014618edeef8_f_live_0_a_d1.jpg
# Mode: stream
# Status: fail
# Errors: image_blurry_or_out_of_focus: Image is blurry (sharpness score: 51.32); strong_shadows_on_face: Strong shadows or uneven lighting detected (difference: 56.9); head_is_tilted: Head is tilted 22.7° (max: 10.0°); face_too_small_in_frame: Face occupies only 48.4% of frame (min: 50.0%)

# 2D Landmarks (index x y)
0 283.4935 590.6815
1 273.5250 518.6132
2 281.7250 549.7683
3 261.1801 465.1557
4 272.9601 497.7618
5 275.3408 476.0923
6 284.4731 430.0275
7 149.6124 454.2506
8 286.9666 388.3134
9 286.7429 362.9077
10 291.6948 287.9545
11 284.1812 600.8571
12 285.3642 610.7792
13 286.9303 616.8095
14 285.8711 628.6151
15 285.5064 636.0925
16 285.2344 646.6751
17 285.5325 659.5551
18 287.5915 684.8924
19 276.0067 532.0078
20 261.4584 537.6885
21 98.0555 411.8921
22 204.3393 466.3177
23 184.1463 469.2382
24 165.8995 469.3932
25 143.9204 463.2975
26 222.0939 459.7347
27 178.3591 412.2884
28 200.2234 412.6354
29 158.5539 417.5273
30 146.0664 427.2868
31 128.5764 478.5288
32 206.7922 725.8263
33 144.2027 450.3942
34 84.8671 490.4250
35 110.0767 469.8961
36 184.9038 535.9449
37 256.6119 590.6357
38 263.1765 613.5537
39 230.9269 604.2257
40 216.6462 619.6946
41 245.1879 619.7595
42 231.9223 627.9729
43 194.3862 662.1251
44 256.6693 520.0426
45 253.1438 500.7176
46 117.9150 411.7952
47 226.6324 485.7904
48 215.3913 531.6726
49 215.2316 523.7356
50 127.9203 545.2091
51 256.6300 480.4018
52 157.8833 378.9268
53 133.1446 391.2750
54 111.5229 370.1969
55 243.5652 386.7457
56 219.8857 419.0118
57 179.6097 645.2824
58 103.0332 677.9129
59 232.4444 542.0338
60 250.0665 546.4861
61 202.1883 644.0340
62 213.0021 641.8596
63 124.0699 382.3489
64 217.2318 543.7808
65 193.4604 376.2586
66 189.5324 361.4418
67 180.0541 308.8773
68 117.6234 375.3876
69 186.2357 332.9090
70 109.2232 408.7418
71 103.4805 410.9129
72 259.2512 602.9673
73 238.3805 613.0153
74 224.0265 623.7596
75 238.5278 546.0860
76 207.5317 643.3055
77 214.5429 643.8222
78 216.2554 640.6131
79 239.3741 528.2606
80 237.7653 627.9698
81 251.1792 622.4288
82 267.6860 618.7718
83 258.9938 685.6222
84 258.8755 660.0801
85 260.1760 647.0496
86 262.0982 636.3074
87 264.7197 630.0018
88 233.1076 636.0894
89 229.4055 638.5526
90 224.1593 644.2513
91 219.5306 652.0481
92 199.4392 600.9611
93 89.7334 587.1106
94 278.9444 540.1301
95 225.0240 639.1772
96 220.0292 640.4725
97 256.4342 554.3275
98 226.2735 557.2460
99 253.4660 550.6139
100 205.2694 500.4613
101 172.8539 516.2878
102 213.8294 535.3891
103 136.6859 335.0759
104 143.2991 348.4391
105 151.3708 366.1094
106 210.1686 671.5359
107 236.1376 361.7100
108 233.2808 327.4616
109 229.9357 294.9731
110 151.3055 468.3293
111 108.0534 495.4628
112 233.8887 452.8096
113 127.8500 439.2496
114 240.6812 469.9867
115 225.4224 518.4929
116 89.5703 514.2605
117 117.8056 504.4020
118 140.5447 505.6615
119 177.8458 498.1058
120 205.9657 487.5483
121 227.9437 475.4693
122 265.4137 437.4955
123 88.9919 552.6926
124 113.7614 439.7642
125 266.1074 532.2241
126 226.1302 500.6649
127 88.9413 502.1173
128 243.4967 461.9899
129 214.3170 540.3450
130 138.2201 452.9780
131 226.0303 508.9836
132 92.7384 632.0841
133 235.5001 445.9369
134 240.6774 492.1795
135 127.6694 701.5912
136 133.5258 732.1649
137 79.3478 570.2566
138 107.9839 681.4359
139 94.9780 448.8937
140 201.9843 750.5201
141 271.1332 540.1082
142 208.9178 518.6558
143 96.4345 478.6298
144 166.7506 458.2585
145 183.7074 458.8764
146 209.2283 648.6520
147 92.1243 591.6079
148 242.2378 780.7684
149 181.7312 762.3467
150 158.5000 750.2308
151 288.8081 324.5449
152 290.1640 783.1162
153 201.1006 456.9279
154 217.9568 452.7852
155 229.4339 449.4163
156 103.2084 441.7861
157 217.5696 433.3118
158 199.8890 429.2856
159 182.4926 429.0294
160 165.4133 433.5026
161 155.0301 440.1232
162 91.1686 453.2068
163 156.2430 456.3913
164 282.8838 563.4929
165 216.2597 585.0095
166 230.6070 536.9933
167 253.7567 569.1951
168 287.3446 411.4643
169 151.3382 721.5945
170 175.0216 736.0379
171 238.7399 759.8261
172 117.1160 710.9119
173 230.1009 440.4489
174 249.7864 465.7272
175 286.8495 761.9484
176 208.1473 772.6100
177 83.6551 612.5966
178 246.9061 632.1294
179 243.0669 637.0070
180 239.1356 645.3216
181 236.2026 657.0616
182 231.1390 679.9036
183 220.8898 636.0077
184 213.1432 634.9422
185 206.3785 632.7966
186 185.9650 621.7787
187 114.1139 592.1134
188 253.6052 452.2099
189 248.7452 426.2648
190 238.1121 432.4194
191 226.8291 633.5476
192 113.4745 644.7309
193 262.5628 418.6214
194 218.5027 702.8218
195 278.5416 460.0922
196 262.6727 451.9341
197 281.4287 445.4794
198 234.6536 496.3958
199 285.8633 736.2541
200 286.6665 708.5200
201 250.4456 709.1298
202 174.1257 673.4933
203 199.0660 559.0535
204 194.0088 691.3760
205 154.0847 562.4578
206 180.7471 580.4360
207 138.5385 598.7801
208 241.7798 735.2995
209 224.3146 512.0230
210 156.6591 693.3400
211 181.0269 711.1469
212 158.6482 650.5342
213 97.2347 625.8094
214 134.9576 659.7619
215 91.9397 650.5833
216 165.8526 610.3174
217 238.5845 483.0329
218 232.0574 525.2044
219 221.6507 536.5751
220 238.0810 507.9763
221 231.6541 409.0914
222 198.2760 399.3782
223 169.9243 399.5708
224 147.6003 406.6172
225 133.7017 419.6015
226 126.2181 461.0780
227 79.2654 529.8301
228 136.9151 483.7740
229 155.2160 485.3137
230 180.4926 482.7459
231 206.0182 476.2504
232 226.6679 467.5451
233 240.6075 458.7059
234 90.1011 545.3162
235 224.2212 544.3218
236 246.6474 478.2463
237 244.1766 520.5200
238 258.3776 532.0533
239 246.4027 526.2005
240 231.4084 551.3443
241 260.6848 532.1026
242 265.2486 539.8782
243 241.9981 444.9001
244 251.5409 445.8082
245 255.3521 444.6385
246 148.9041 445.4084
247 138.0474 438.8529
248 297.7850 463.2594
249 452.5414 436.9618
250 299.7036 535.3528
251 538.7481 387.7347
252 391.7348 454.4300
253 412.9821 455.4087
254 433.5230 454.2212
255 461.8509 445.4148
256 373.3187 450.1728
257 413.9766 399.3301
258 391.4354 402.2276
259 436.3060 402.0596
260 452.3530 410.3244
261 480.4543 459.9124
262 377.2585 720.8149
263 459.8573 432.4074
264 553.6099 467.5110
265 505.5032 449.8531
266 402.1843 524.6221
267 311.7593 586.8213
268 309.6615 610.6090
269 343.5166 596.5126
270 363.7368 609.3498
271 332.5231 613.9534
272 350.1578 619.8132
273 394.9680 651.0333
274 292.3817 517.9532
275 294.7041 498.4064
276 484.1129 393.2439
277 357.9008 478.6179
278 354.3090 523.7935
279 357.1004 515.8652
280 472.2192 527.7088
281 296.0375 478.4495
282 428.3020 366.3145
283 460.1057 375.2742
284 511.1744 347.2658
285 333.6691 382.9661
286 372.5684 410.6759
287 411.6865 631.9120
288 549.8540 662.1662
289 338.2640 535.4698
290 318.6018 542.3140
291 386.4555 631.5292
292 376.3438 630.4675
293 472.7071 365.5066
294 357.0455 535.8213
295 387.1210 367.3516
296 390.0571 352.0599
297 415.8365 294.1822
298 491.2220 355.2930
299 400.4095 321.1218
300 498.4054 388.9770
301 518.0452 389.1380
302 311.0001 599.3901
303 337.1163 606.2522
304 356.5252 614.4580
305 332.9842 540.2174
306 381.0840 631.1487
307 370.4072 633.1173
308 374.2716 629.8487
309 321.9119 523.0110
310 347.0413 620.5422
311 329.1525 617.1567
312 308.4029 615.9682
313 318.1878 683.0956
314 313.9035 656.8682
315 312.2029 643.6839
316 310.3596 633.1066
317 308.9475 627.0788
318 348.7838 628.1472
319 351.7617 630.3095
320 356.6516 635.6105
321 361.7607 643.1052
322 382.7129 590.5002
323 570.6090 566.9823
324 361.0272 630.0438
325 365.0680 630.5391
326 311.1133 551.0670
327 350.7103 550.3374
328 314.5730 546.9458
329 382.7370 490.8474
330 418.6624 503.2226
331 362.3376 527.0436
332 472.4805 315.1040
333 454.1538 331.6908
334 436.0872 352.3958
335 375.2646 663.2716
336 339.1309 357.2544
337 347.3318 320.8843
338 357.5185 286.5499
339 451.7285 451.4753
340 505.3476 475.2343
341 361.0484 444.8847
342 477.8637 420.7824
343 340.4908 464.6085
344 336.8801 511.9943
345 532.0213 492.5352
346 489.1575 485.0610
347 459.0739 488.8893
348 416.3400 485.1098
349 385.4589 477.4070
350 361.1030 467.9673
351 306.3598 435.3953
352 530.5468 531.5385
353 496.4950 420.2768
354 286.8789 530.9571
355 354.3226 493.7530
356 567.8421 479.3464
357 342.5540 456.3366
358 366.7380 532.0085
359 468.3346 434.4899
360 339.8132 502.7348
361 565.8122 613.7619
362 361.0399 438.2491
363 317.3980 487.9998
364 488.1781 689.5565
365 493.9298 722.1053
366 560.0730 549.0318
367 518.9049 666.6144
368 536.5406 426.3370
369 383.9870 746.1825
370 287.3042 539.1741
371 375.5669 509.7077
372 526.8229 457.3834
373 431.3877 442.6333
374 412.8742 444.5691
375 376.5527 637.4007
376 528.9883 572.0103
377 340.8517 779.1167
378 419.9659 757.3344
379 454.6932 743.0942
380 395.0539 444.3313
381 378.5446 442.3968
382 367.2702 440.6642
383 514.1490 420.9588
384 377.8359 424.2000
385 395.2791 418.1732
386 412.5940 415.7653
387 431.4478 417.9915
388 444.5278 423.3003
389 556.7599 429.4755
390 443.8857 439.8499
391 361.4017 576.8956
392 337.6564 530.2823
393 314.5215 565.4158
394 454.6460 712.3211
395 421.1681 729.6253
396 338.6760 757.7660
397 524.3063 698.2922
398 365.7781 432.5498
399 319.9268 462.1027
400 382.5356 769.3828
401 555.9749 592.8477
402 330.3418 626.7163
403 333.4223 631.0589
404 336.6646 639.1779
405 339.9314 650.8957
406 349.8948 674.4576
407 365.8648 625.8454
408 372.4786 623.6536
409 379.2188 620.6816
410 400.7833 609.2720
411 493.8459 574.4793
412 322.8913 448.5442
413 340.0128 421.4590
414 355.0268 425.8618
415 361.8783 624.3586
416 501.6012 628.4456
417 317.1199 416.0442
418 365.0566 697.4655
419 302.2171 449.9299
420 336.0591 490.9490
421 326.2463 706.6250
422 419.7095 662.5056
423 385.5005 549.0673
424 395.5609 683.3195
425 438.0926 548.4415
426 406.6692 568.7857
427 459.9595 583.7265
428 333.8441 732.8222
429 352.4756 505.0665
430 442.7321 682.9491
431 411.0798 703.5930
432 436.9431 637.2547
433 525.2020 607.6135
434 469.9590 646.0601
435 544.7301 632.9388
436 425.5472 597.3129
437 336.7905 477.7540
438 328.9850 519.4070
439 347.1760 529.1286
440 316.2715 503.6862
441 355.8432 402.9629
442 389.3149 389.5780
443 419.1415 386.1878
444 445.4731 390.4666
445 465.7185 401.7693
446 484.3031 441.9889
447 559.7793 507.5053
448 468.3638 465.7192
449 444.9490 469.5978
450 415.9421 469.3176
451 388.3197 465.4015
452 366.5309 459.1675
453 350.7727 452.0735
454 569.9938 523.8996
455 347.8715 537.0407
456 316.9969 474.5360
457 309.4058 516.8755
458 298.9299 529.7223
459 311.2258 522.3128
460 342.4818 545.0977
461 294.1050 530.2613
462 294.5574 538.2510
463 352.1426 438.2850
464 338.0613 440.8712
465 328.4486 440.7053
466 452.6307 427.8534
467 465.1651 420.7738
