# Image: /home/yaroslav/Projects/Diia.AIContest-AdAstrum/fixtures/FLUXSynID-processed/014618edeef8/014618edeef8_f_live_0_e_d1.jpg
# Mode: stream
# Status: fail
# Errors: strong_shadows_on_face: Strong shadows or uneven lighting detected (difference: 57.4); face_not_looking_straight_at_camera: Head is turned 174.0째 (max: 15.0째); head_is_tilted: Head is tilted 15.5째 (max: 10.0째)

# 2D Landmarks (index x y)
0 287.9201 678.4134
1 282.6788 610.8722
2 289.2546 629.9203
3 275.3790 534.8455
4 283.1643 588.9034
5 287.2730 558.6270
6 300.8665 483.6165
7 172.6293 459.2514
8 306.2774 433.6305
9 307.1467 405.0748
10 318.5182 289.9322
11 288.0369 688.5713
12 289.0606 694.9838
13 290.7978 696.4199
14 290.2953 699.7976
15 289.4087 707.4074
16 288.7587 716.9731
17 288.9409 727.1750
18 291.1805 742.7584
19 284.2045 621.0191
20 269.2293 616.3178
21 122.1966 371.7384
22 227.9750 483.8508
23 208.2039 483.4923
24 189.4216 481.1553
25 166.8916 467.2921
26 244.3761 480.6002
27 201.8386 433.3796
28 223.4591 435.8286
29 182.6073 434.9828
30 170.4315 440.0551
31 150.7428 480.5696
32 219.9053 766.2285
33 166.7825 453.7326
34 108.1493 462.6330
35 132.2447 464.9308
36 202.2089 575.1719
37 263.9382 672.9523
38 269.0995 692.4819
39 241.0317 676.2144
40 227.7501 682.2813
41 252.6604 691.5244
42 240.2428 691.6795
43 207.0443 706.5266
44 266.5904 608.6273
45 264.4046 587.3509
46 142.0040 420.6851
47 245.3681 524.0690
48 228.5598 594.8191
49 230.1052 582.2797
50 148.0592 565.8971
51 269.4784 559.2839
52 183.8115 405.6335
53 158.3374 409.2942
54 136.7454 336.9594
55 266.6413 426.8521
56 242.3241 442.9655
57 192.6118 687.7576
58 127.1728 655.0115
59 242.5446 608.0044
60 258.3978 616.3935
61 213.5780 691.5084
62 222.2548 690.9816
63 149.9354 394.2706
64 229.3850 603.1712
65 218.9240 409.6468
66 215.3101 391.4328
67 205.4434 294.1315
68 143.4271 364.4164
69 211.8771 340.9828
70 132.9832 409.3934
71 127.0263 391.1525
72 265.6559 684.9025
73 247.1624 686.1101
74 233.7841 687.5963
75 247.7450 611.9698
76 218.0177 691.6537
77 225.1971 694.8677
78 224.7026 689.8398
79 249.7326 603.7082
80 245.3894 690.1991
81 258.1669 691.7192
82 273.3790 694.1399
83 265.9660 740.9040
84 265.5887 723.8654
85 266.6470 712.9658
86 268.4447 703.9847
87 270.9551 697.4518
88 241.5407 693.0859
89 238.4683 694.9277
90 234.2409 699.3554
91 230.5782 705.2006
92 211.9609 655.7123
93 114.5876 550.7559
94 286.7227 624.1973
95 233.8067 692.0119
96 229.5676 692.8157
97 264.4873 626.9583
98 236.8479 616.2477
99 261.4465 621.9501
100 225.5507 534.2814
101 193.0170 545.9304
102 228.0688 590.6216
103 162.5189 310.4671
104 170.3403 346.8476
105 177.9065 387.3006
106 222.3168 718.6163
107 259.9392 398.2115
108 257.7110 341.7174
109 255.7132 288.0941
110 174.5593 475.7936
111 129.7928 494.3628
112 254.7990 476.5748
113 151.1104 443.7066
114 258.6158 511.7237
115 237.9239 589.5100
116 111.6616 505.8299
117 139.6475 511.5867
118 162.6176 522.3376
119 199.9181 521.7180
120 227.5689 514.8368
121 247.5502 506.8969
122 282.7302 487.2876
123 110.8683 550.8784
124 136.3207 439.9205
125 274.5491 619.0335
126 243.7038 546.8555
127 113.3439 457.7964
128 262.3695 497.3202
129 229.1768 590.7649
130 161.7360 455.6476
131 240.4404 574.4030
132 117.8087 601.4656
133 255.7267 467.9700
134 254.2381 564.5848
135 150.4710 711.9055
136 157.7594 732.0342
137 102.9584 550.9625
138 130.5808 681.6058
139 117.3621 423.2000
140 217.3406 783.6647
141 278.9036 622.6230
142 226.9021 560.5935
143 118.4035 466.7054
144 190.8162 467.7628
145 207.9488 471.3295
146 220.6907 698.2803
147 113.9240 592.9147
148 253.1195 811.7672
149 202.3353 780.7332
150 181.6414 760.9232
151 312.3663 346.2612
152 292.8723 819.5977
153 224.9697 471.6324
154 241.0330 470.0599
155 251.0396 469.3772
156 125.4105 433.6078
157 239.8199 450.1178
158 222.9388 441.9377
159 204.6562 439.0020
160 186.8281 441.3790
161 176.2868 446.5327
162 114.8805 409.5965
163 179.7373 463.4805
164 289.5126 644.7934
165 227.6050 645.4934
166 241.1564 605.1927
167 262.2994 644.0731
168 305.5035 456.9844
169 172.7955 740.3135
170 194.1840 762.0054
171 248.2673 801.0100
172 140.5802 699.1790
173 250.7340 460.9826
174 266.1388 521.3876
175 289.8887 807.5846
176 224.7768 798.2580
177 107.4063 597.2656
178 254.4683 694.9345
179 251.1437 699.1950
180 248.0638 706.0805
181 245.7355 715.4090
182 241.5265 730.6942
183 229.3942 691.5891
184 223.3692 690.0174
185 217.8817 686.6200
186 198.7071 670.5141
187 133.7648 608.5921
188 271.1001 498.2159
189 269.4841 456.5788
190 258.5263 457.8512
191 234.5959 689.0480
192 134.2237 656.2329
193 282.4658 458.0174
194 229.9632 748.3990
195 291.8353 533.0845
196 278.2517 512.1955
197 296.2505 509.2260
198 250.4218 554.6513
199 289.2093 788.6410
200 290.1748 764.2962
201 258.0911 761.2389
202 188.9329 710.9959
203 213.1935 605.7677
204 208.0768 732.0274
205 171.1753 596.8240
206 195.0564 624.9674
207 155.4425 628.2527
208 250.0919 783.7948
209 240.7501 564.7381
210 175.0566 721.4536
211 197.5998 744.7479
212 174.0155 685.8400
213 119.4943 628.4281
214 153.8657 682.7681
215 115.3060 640.5069
216 180.1437 651.1357
217 255.3757 533.7874
218 243.2028 599.8192
219 233.3625 602.6537
220 249.6952 587.4788
221 254.2134 439.9329
222 221.9130 428.5271
223 194.2266 425.0162
224 171.9478 425.5759
225 157.7192 431.4054
226 148.8731 460.5673
227 102.8092 506.0016
228 159.7209 490.8846
229 178.2054 499.0612
230 203.9392 500.9161
231 228.7187 497.9975
232 247.5298 492.9747
233 260.4807 487.6347
234 114.7430 503.8028
235 235.2076 607.5633
236 261.6323 542.6152
237 254.2922 603.4850
238 266.6846 613.6857
239 256.1089 605.9479
240 241.3853 614.0158
241 269.0645 616.6913
242 273.0056 620.2081
243 261.6923 471.0467
244 271.0378 477.4735
245 274.1898 482.2931
246 170.8018 450.4285
247 161.9927 445.6154
248 309.8824 537.5367
249 462.8011 481.3014
250 307.4052 619.8257
251 566.7766 400.6946
252 398.9684 496.4076
253 420.0090 499.1957
254 441.1375 500.0687
255 471.4738 490.4546
256 381.3810 490.7501
257 429.8981 449.1510
258 407.0800 448.1610
259 450.8147 453.9921
260 465.5267 461.3628
261 490.3014 506.1442
262 369.7510 781.8262
263 471.8628 476.7659
264 570.2633 496.5167
265 519.3076 493.7736
266 405.1364 591.2038
267 314.2044 676.7586
268 311.7582 695.7614
269 342.4190 684.2417
270 361.6088 692.5751
271 332.6507 697.9096
272 349.9267 699.8621
273 391.0619 721.8954
274 300.5124 611.4766
275 303.9925 590.3638
276 500.8896 446.0803
277 366.5925 533.2698
278 358.9110 605.5206
279 362.1463 592.9265
280 473.8657 591.7375
281 306.7736 562.1001
282 443.8834 422.6077
283 476.4899 431.1150
284 541.1809 361.9370
285 348.8833 432.0319
286 387.3226 452.7519
287 408.3404 705.1246
288 543.5045 692.5648
289 343.4106 616.5794
290 324.8314 621.9515
291 384.8857 704.2358
292 376.7014 702.1599
293 491.1498 417.3168
294 361.1589 614.0713
295 401.6520 421.2183
296 406.5467 403.1721
297 444.3685 307.4751
298 514.9797 388.3161
299 422.4523 353.1850
300 517.9255 436.1777
301 541.9613 419.4413
302 312.9230 688.6512
303 336.3811 693.2009
304 355.1366 696.8599
305 338.2651 619.6307
306 380.2358 703.4911
307 369.7304 705.7176
308 375.2113 700.9763
309 328.3434 610.6968
310 347.4613 697.5038
311 330.2854 697.2075
312 310.8441 696.9551
313 318.0894 745.6634
314 314.2100 728.1505
315 313.1136 717.0157
316 312.3392 707.7078
317 311.8224 700.9419
318 350.3827 701.4038
319 352.5582 703.6302
320 356.0082 709.0508
321 359.5232 715.7405
322 381.1752 669.1310
323 576.5187 587.8606
324 362.2332 701.6624
325 365.4383 702.9303
326 316.6464 631.2244
327 354.2138 625.7625
328 320.5793 626.7369
329 388.3870 546.7558
330 422.3779 563.6422
331 366.6115 601.7858
332 501.9527 330.0698
333 476.7413 365.5876
334 453.3205 404.7075
335 370.9299 731.8979
336 356.3220 403.9091
337 369.8179 348.2544
338 385.5328 295.1810
339 460.1022 497.5169
340 515.1884 523.6262
341 370.1527 485.3084
342 491.6875 468.5989
343 351.5135 518.8608
344 343.0951 598.2949
345 541.4743 538.8632
346 495.6995 538.7212
347 463.8024 545.2695
348 421.2738 538.5349
349 391.9360 527.2143
350 370.4901 516.0925
351 321.4016 490.0482
352 533.7270 584.5345
353 512.6121 467.3417
354 294.9222 620.8239
355 361.3169 555.8892
356 585.9331 491.8057
357 353.8323 504.1489
358 370.4602 601.9872
359 479.1859 479.5072
360 346.7181 582.9336
361 565.0201 639.6446
362 371.7873 476.8782
363 326.8595 570.3605
364 475.3230 743.1335
365 478.4118 763.8471
366 564.5585 588.1421
367 509.0548 716.4106
368 557.9930 454.0841
369 374.2258 800.4337
370 295.1069 623.9305
371 380.3353 572.5123
372 541.6178 498.2277
373 439.2630 486.3601
374 420.6085 486.8193
375 374.6699 710.1716
376 527.3828 627.1828
377 335.3753 821.0739
378 405.1559 802.7942
379 438.1583 787.9267
380 403.0924 484.4579
381 386.8345 480.6789
382 376.4339 478.8627
383 532.4117 462.8308
384 391.4320 461.2359
385 410.6306 455.4611
386 429.1872 455.7332
387 447.6157 460.9137
388 459.0967 467.7531
389 580.7158 441.3469
390 452.8258 484.1859
391 361.4328 656.1509
392 342.8827 613.9122
393 318.6623 648.5252
394 440.8609 767.5488
395 408.6512 784.6390
396 334.3617 810.4734
397 512.9870 734.2826
398 377.6566 470.7471
399 331.7624 526.5134
400 371.1516 814.5255
401 554.4765 635.0896
402 332.3279 701.1805
403 334.4790 705.9621
404 336.5471 713.5322
405 338.4056 723.4271
406 346.8347 740.3437
407 366.1315 701.3762
408 371.3033 700.8769
409 377.2203 698.4764
410 398.4366 686.3343
411 491.5563 638.1565
412 336.1399 503.1506
413 353.6819 462.5557
414 368.2208 465.7632
415 362.6776 698.2083
416 494.8091 687.8448
417 332.8950 461.5031
418 359.6321 761.1807
419 315.7204 515.0799
420 344.2194 561.9264
421 324.8447 768.0397
422 412.6770 731.3417
423 387.5754 619.6619
424 388.2449 749.3532
425 438.6782 618.4629
426 406.4581 642.1242
427 457.7455 653.5443
428 330.8767 792.3015
429 358.4606 574.0140
430 432.4204 746.2451
431 401.3313 765.3962
432 431.4153 708.1065
433 520.0284 662.7535
434 461.7169 710.4719
435 538.7460 677.8533
436 423.3223 671.1006
437 346.3535 540.8163
438 335.0072 607.8546
439 351.7060 612.6221
440 324.4242 593.7246
441 369.5334 447.9993
442 403.6252 440.8202
443 433.8797 441.1422
444 460.1671 445.6743
445 479.8718 454.2482
446 496.5486 486.5610
447 570.7355 541.9697
448 475.6790 514.7942
449 451.4935 519.7262
450 421.9078 517.2384
451 395.3262 510.3656
452 375.3434 502.6168
453 361.0263 495.1427
454 582.4328 539.2025
455 352.3177 617.4026
456 327.6401 547.8175
457 317.2414 608.9536
458 306.9646 617.4319
459 318.5836 611.5699
460 346.7813 622.8448
461 302.0147 619.5308
462 302.2734 622.8831
463 363.3667 478.7508
464 350.0124 483.3094
465 341.5927 487.1298
466 465.9987 472.7092
467 477.3420 468.7878
