# Image: /home/yaroslav/Projects/Diia.AIContest-AdAstrum/fixtures/FLUXSynID-processed/00fcdbce3ae1/00fcdbce3ae1_f_live_0_e_d1.jpg
# Mode: stream
# Status: fail
# Errors: strong_shadows_on_face: Strong shadows or uneven lighting detected (difference: 37.2); face_not_looking_straight_at_camera: Head is turned 178.9째 (max: 15.0째); head_is_tilted: Head is tilted 21.7째 (max: 10.0째); face_too_small_in_frame: Face occupies only 47.0% of frame (min: 50.0%)

# 2D Landmarks (index x y)
0 302.0895 645.5635
1 300.0057 580.0736
2 301.0840 599.4355
3 285.5599 507.9419
4 299.9430 558.5129
5 300.3724 529.1920
6 302.2063 458.7811
7 172.0771 446.8970
8 302.7705 414.1603
9 302.9560 388.0644
10 303.4656 284.5023
11 302.2806 654.9804
12 302.6633 660.7320
13 303.0879 661.8253
14 303.7026 663.4560
15 303.8481 670.2237
16 303.9871 679.1125
17 304.3184 689.1319
18 304.6528 709.1224
19 300.1393 590.3847
20 283.7705 587.4139
21 104.3642 374.3265
22 225.7314 466.5501
23 207.0936 467.6870
24 189.3171 466.9896
25 165.9547 455.8218
26 241.3067 462.2002
27 200.9096 421.8404
28 220.6104 422.5838
29 183.0512 424.6451
30 170.9778 430.2507
31 150.1692 470.6164
32 234.3984 744.2472
33 165.5147 441.9575
34 94.6763 461.3406
35 128.6654 458.4536
36 211.3126 555.2915
37 279.8594 641.8690
38 283.8184 659.6495
39 257.5613 646.0439
40 243.2923 652.2066
41 267.5668 659.5782
42 254.4323 660.1089
43 221.2206 678.4560
44 284.5219 579.2825
45 282.2948 558.3633
46 141.3988 413.6291
47 248.6163 503.1298
48 243.5531 570.1018
49 243.1967 558.1513
50 155.5654 551.6153
51 283.7842 531.2271
52 186.1277 395.1651
53 159.8247 400.7987
54 122.7076 339.1834
55 266.5158 410.1829
56 237.9893 427.8627
57 206.1238 660.5993
58 112.3101 649.8208
59 256.6316 581.7494
60 271.9462 588.3403
61 226.9643 660.6963
62 234.4055 659.5587
63 149.2769 387.7412
64 243.1390 578.2275
65 221.2933 396.7881
66 217.3592 379.9685
67 197.0926 293.8935
68 136.3509 362.2351
69 208.9654 334.8849
70 129.7488 404.5572
71 116.9301 390.1073
72 281.5081 653.0467
73 263.3848 654.9033
74 249.1665 656.7371
75 261.4567 585.1383
76 230.9725 660.2982
77 239.3729 663.0914
78 236.0140 658.6333
79 265.8878 576.9895
80 257.6561 658.2545
81 271.1822 659.2688
82 286.4210 660.7739
83 280.8262 708.9839
84 282.8713 687.8716
85 283.6302 676.9341
86 284.3557 668.6654
87 285.5764 662.8167
88 255.1383 660.7419
89 252.9462 662.4401
90 249.9980 666.9102
91 246.9981 673.2169
92 226.4947 629.3859
93 93.6388 549.3669
94 300.5697 593.7969
95 246.1049 660.2682
96 242.9918 660.9291
97 278.4073 598.1681
98 250.0244 590.3644
99 275.1995 593.5233
100 229.7491 514.8112
101 199.3558 528.4510
102 240.3441 566.5300
103 151.9559 311.8265
104 165.7030 343.1120
105 179.1868 378.5507
106 236.8506 690.5491
107 260.0859 383.8295
108 253.2100 333.2622
109 245.8237 285.8216
110 174.3561 463.1462
111 129.4805 486.0423
112 251.3113 457.4111
113 150.0958 435.3655
114 261.2981 490.0083
115 254.3986 563.9168
116 109.0305 499.8560
117 142.6115 500.6551
118 167.2553 508.5730
119 203.1323 505.1066
120 229.1570 496.4973
121 248.1160 487.0972
122 284.9466 463.8263
123 111.7779 542.8464
124 133.6633 433.5576
125 290.9565 589.2272
126 250.0601 524.4586
127 90.1353 459.1787
128 262.2721 476.4363
129 239.2381 567.1422
130 160.5767 445.4606
131 254.4413 549.4428
132 99.1676 598.7188
133 251.1165 449.1224
134 268.6828 538.1537
135 152.3400 698.7777
136 153.9705 720.9745
137 93.8010 546.9899
138 128.6445 671.2424
139 105.1601 422.2435
140 230.3228 764.5596
141 293.3203 592.8004
142 233.8278 539.2137
143 112.3395 462.3252
144 190.6023 453.4096
145 206.6269 455.5848
146 235.3182 666.9401
147 115.2457 583.6584
148 265.5704 791.2057
149 208.1975 765.5072
150 182.9948 747.5812
151 303.2424 334.6596
152 305.2513 794.8695
153 222.3602 454.8543
154 237.2964 452.3583
155 246.7192 450.9482
156 119.9338 429.4917
157 234.7638 431.8894
158 218.4750 424.6916
159 201.6752 422.9175
160 185.1003 426.6624
161 175.2252 433.0318
162 94.1346 411.8556
163 179.5638 450.2562
164 301.6437 613.4682
165 242.6566 618.7535
166 256.1304 579.1562
167 277.0094 614.4455
168 302.6896 435.1252
169 178.2111 725.1509
170 203.2138 745.2869
171 263.9078 778.2212
172 131.4528 690.7751
173 246.1379 442.1977
174 272.6689 497.2083
175 305.0485 780.8114
176 234.9221 780.6629
177 99.6242 591.8589
178 269.1130 661.4834
179 266.9299 665.4782
180 265.1188 672.1015
181 263.3065 681.7215
182 256.7132 701.1552
183 242.3901 659.9148
184 237.3881 658.8733
185 232.2325 656.2489
186 212.6442 643.8797
187 140.2661 595.1391
188 273.4962 475.6398
189 265.8090 437.9003
190 254.0178 440.1143
191 245.9138 657.3724
192 137.5506 643.0718
193 280.4023 437.8906
194 244.7288 722.8128
195 301.0379 504.9133
196 284.7592 486.8098
197 301.6323 482.4196
198 260.3628 530.3594
199 304.8612 759.6177
200 304.7320 732.7628
201 273.8908 732.5038
202 201.5310 687.5142
203 224.2017 583.1142
204 221.5515 708.1517
205 181.4817 578.5958
206 206.9488 602.7518
207 165.1573 610.8220
208 266.7661 758.1421
209 249.9530 541.3543
210 184.6495 702.7771
211 209.5565 724.8556
212 186.0187 663.3614
213 120.0708 618.1505
214 161.7256 665.5804
215 109.4258 633.2774
216 192.1242 628.4815
217 261.7384 510.5430
218 259.9432 573.6442
219 248.6945 577.2844
220 267.1055 560.4361
221 251.6722 423.9414
222 221.8294 415.4235
223 195.8087 413.7076
224 173.9681 415.7616
225 158.5478 422.4408
226 146.7423 452.0840
227 91.3853 503.5344
228 160.8148 479.1523
229 179.9600 485.2923
230 204.6528 484.9208
231 227.9527 480.3515
232 245.8843 474.0451
233 258.3191 467.7560
234 91.7194 503.9270
235 249.5194 581.8943
236 272.0445 517.1125
237 272.0375 575.7201
238 282.5385 585.0039
239 272.5373 578.4071
240 255.0534 587.7029
241 285.4718 587.4721
242 287.6432 590.9801
243 257.5021 451.7751
244 268.1010 457.1978
245 273.1020 461.0884
246 169.8145 437.9110
247 161.5921 436.0914
248 316.8525 508.2287
249 436.9588 450.0008
250 317.6851 587.7329
251 509.0998 377.3984
252 382.1579 468.2690
253 401.2707 469.7363
254 419.4868 469.1940
255 443.3694 458.8081
256 366.1454 463.6488
257 406.9176 423.8999
258 386.9721 424.1270
259 425.0680 427.2485
260 437.5204 433.0607
261 459.4857 473.2037
262 375.8442 745.9095
263 443.7103 445.2383
264 518.7825 464.6356
265 481.8753 461.2642
266 395.7653 556.6778
267 324.8297 642.2001
268 322.3649 659.8380
269 348.4774 646.8683
270 364.2820 653.1399
271 339.5773 660.1815
272 353.7921 660.7919
273 389.0738 679.7436
274 315.7224 579.4503
275 318.1217 558.5552
276 467.9689 416.4487
277 357.6174 504.0950
278 359.2023 571.3828
279 360.2073 559.4220
280 453.7413 553.6789
281 317.3694 531.4483
282 421.6672 397.1301
283 448.5799 403.4757
284 489.4177 341.7492
285 339.8489 410.6783
286 369.5675 429.0703
287 403.8103 662.1278
288 502.0408 654.2231
289 345.9610 582.8080
290 330.6749 589.1474
291 383.0355 661.7847
292 375.5570 660.4904
293 459.6959 390.4916
294 360.0900 579.7609
295 385.6783 397.9408
296 389.7865 381.1287
297 411.6370 295.0411
298 474.1261 364.7390
299 398.9540 335.9404
300 480.3174 407.4322
301 494.8872 393.1006
302 323.9308 653.4165
303 343.2407 655.6352
304 358.7781 657.5303
305 341.3761 586.2233
306 378.9376 661.2564
307 370.5627 663.8328
308 373.7844 659.6557
309 335.5293 577.6211
310 350.7886 658.7600
311 336.5476 659.8138
312 320.5011 660.9464
313 328.7294 709.3683
314 326.2223 688.0606
315 325.0474 677.2057
316 323.7992 668.9956
317 322.5205 663.1436
318 354.3633 661.3119
319 356.5615 662.9989
320 359.6543 667.5362
321 362.7931 673.9326
322 380.6537 630.6764
323 521.4122 553.1485
324 363.7269 661.0905
325 366.8525 661.6987
326 324.1683 598.7401
327 353.8469 591.6984
328 327.2478 594.0671
329 377.1050 515.9924
330 408.5484 529.9351
331 363.5572 567.9612
332 458.5010 313.5639
333 443.6257 344.9977
334 428.7786 380.5040
335 373.2942 691.6679
336 346.3923 384.4136
337 353.9726 333.7866
338 361.7802 286.3952
339 434.8176 465.8522
340 480.8775 488.6780
341 355.9865 458.7967
342 459.4039 438.2854
343 344.6606 490.7392
344 347.4847 564.9221
345 501.9480 502.7678
346 466.9339 502.9955
347 441.6239 510.3403
348 404.9656 506.5855
349 378.2060 497.7095
350 358.7427 488.0793
351 319.9950 464.0452
352 498.9856 545.7961
353 476.3953 436.3820
354 309.6485 589.2949
355 355.2956 525.4598
356 525.0651 462.7037
357 344.2569 477.2305
358 365.3756 568.5477
359 448.8102 448.6198
360 348.1741 550.4571
361 515.5671 602.9702
362 356.4830 450.5383
363 333.3841 538.7270
364 459.6342 702.5191
365 458.9993 725.0995
366 518.9464 550.6129
367 483.6765 675.2735
368 507.5933 425.1886
369 380.3534 766.5243
370 307.9133 592.8769
371 372.1961 540.4446
372 499.0831 465.2051
373 418.0296 456.0789
374 401.7125 457.8024
375 374.6977 667.8296
376 495.8273 586.7825
377 345.0050 792.4355
378 403.3949 768.3603
379 429.1436 751.1009
380 385.6174 456.7221
381 370.4856 453.8683
382 360.9002 452.3990
383 491.0170 432.2632
384 373.3328 433.5792
385 389.9522 426.6310
386 406.8008 425.4000
387 423.5310 429.5106
388 433.5664 436.0580
389 520.3155 415.1764
390 429.2708 453.1562
391 362.8522 619.8936
392 346.2520 580.0816
393 326.9829 614.9920
394 433.2277 728.4162
395 407.8513 748.0623
396 346.1884 779.2522
397 482.1320 695.0223
398 361.5837 443.7054
399 331.7404 497.7432
400 376.2155 782.6966
401 513.0969 595.7633
402 339.7672 661.9513
403 342.0682 665.9600
404 344.2127 672.5118
405 346.2801 682.2180
406 353.3650 702.0445
407 366.9578 660.7361
408 371.6286 659.8067
409 376.7813 657.2682
410 395.9538 645.2057
411 469.9089 597.8011
412 332.0133 476.1277
413 341.0696 438.7419
414 353.2627 441.2652
415 363.3040 658.1640
416 473.6350 646.3539
417 325.5601 438.3207
418 365.4438 724.0512
419 318.8454 487.0809
420 343.4901 531.0827
421 335.9426 733.2015
422 408.5703 689.4814
423 381.5928 584.6046
424 388.6989 709.8887
425 426.9906 580.4226
426 400.3623 604.3986
427 444.3204 613.0496
428 343.0950 759.0595
429 354.3790 542.4047
430 426.1179 705.3081
431 401.1320 727.1327
432 424.0576 665.3163
433 491.3019 621.6703
434 449.0146 668.4023
435 503.3614 637.3128
436 416.7478 630.1763
437 343.0654 511.2416
438 341.5176 574.3308
439 353.7857 578.4846
440 333.8720 561.0112
441 355.3196 424.9921
442 385.4935 416.9033
443 411.8939 415.7459
444 434.2099 418.3688
445 450.2404 425.3286
446 463.1935 455.0203
447 521.6421 506.9894
448 448.4733 481.5543
449 428.9427 487.2959
450 403.5939 486.6626
451 379.5992 481.7240
452 361.3701 475.2763
453 348.7273 468.6645
454 523.5544 507.4597
455 353.3753 583.2088
456 331.0933 517.5860
457 328.7389 576.0571
458 318.5537 585.2356
459 328.4797 578.8373
460 348.2325 589.0257
461 315.3893 587.5476
462 313.7300 591.2021
463 349.7997 453.0393
464 338.7509 458.0528
465 333.2709 461.6767
466 439.2569 441.1034
467 447.4567 439.1277
