# Image: /home/yaroslav/Projects/Diia.AIContest-AdAstrum/fixtures/FLUXSynID-processed/00fcdbce3ae1/00fcdbce3ae1_f_live_0_p_d1.jpg
# Mode: stream
# Status: fail
# Errors: face_not_looking_straight_at_camera: Head is turned 179.7째 (max: 15.0째); head_is_tilted: Head is tilted 21.3째 (max: 10.0째); face_too_small_in_frame: Face occupies only 48.9% of frame (min: 50.0%)

# 2D Landmarks (index x y)
0 308.6367 649.0128
1 305.7080 583.7144
2 306.2928 603.3117
3 288.6654 510.6604
4 305.2150 561.8002
5 304.5467 531.9486
6 303.5275 459.9838
7 170.7888 451.3277
8 302.7127 413.2793
9 302.5005 386.2280
10 301.0544 280.4385
11 308.9740 658.6774
12 309.2814 664.8430
13 309.4969 666.3633
14 310.2096 670.2993
15 310.5957 677.4109
16 310.9610 686.7327
17 311.3106 697.0367
18 311.3887 716.6388
19 305.7880 594.2847
20 288.7579 591.8455
21 98.8934 376.4425
22 225.4650 470.0394
23 206.7432 471.7117
24 188.7526 471.4032
25 164.5635 460.3204
26 241.1380 465.1542
27 199.3660 422.5792
28 219.3605 423.0380
29 181.1970 426.0280
30 168.9709 432.5397
31 148.7653 475.5790
32 241.8150 752.5002
33 163.8973 446.1051
34 90.3860 466.7493
35 126.2446 463.2321
36 213.9652 560.9585
37 286.0845 646.1871
38 290.2626 664.6594
39 263.6199 651.8920
40 249.2666 659.3713
41 273.8144 665.6391
42 260.5791 667.3868
43 227.0134 687.8200
44 290.1662 583.3808
45 287.3795 562.0902
46 138.7575 415.8463
47 250.0494 506.6912
48 247.9302 575.4311
49 246.9432 563.2674
50 157.2055 558.5086
51 287.9547 534.4144
52 183.9259 395.3977
53 157.3308 401.9626
54 117.4572 339.7458
55 265.7095 409.7411
56 237.0350 428.5723
57 211.7945 669.9608
58 112.4498 660.0442
59 261.3784 587.0243
60 276.7452 593.1364
61 232.9285 670.1666
62 240.5134 668.8356
63 146.3139 388.7036
64 247.4800 583.8515
65 219.5129 396.3870
66 215.3491 379.2756
67 193.1015 291.7564
68 132.3517 363.1034
69 206.0619 333.5990
70 126.5524 406.6215
71 112.8073 392.2580
72 287.9369 657.5935
73 269.6160 660.8086
74 255.2629 663.9013
75 266.1334 590.3271
76 237.0128 669.7195
77 245.2951 672.5053
78 242.0982 667.7403
79 270.8349 581.8329
80 263.7206 665.5619
81 277.2785 665.4968
82 292.6580 666.1044
83 287.5407 717.2379
84 289.5264 696.4527
85 290.2624 685.2075
86 290.8785 676.3354
87 291.9750 670.2122
88 261.2251 669.3399
89 259.0977 671.3383
90 255.9959 676.0655
91 252.8973 682.5532
92 231.8595 636.5498
93 90.1974 557.2790
94 305.9555 597.8270
95 252.2485 669.2142
96 249.0301 670.1333
97 283.4652 602.7099
98 254.5068 595.9842
99 280.1405 598.1795
100 231.1807 519.1646
101 200.8516 533.7340
102 244.1501 572.0206
103 147.0345 311.0054
104 161.9478 342.7958
105 176.6339 378.5577
106 242.9862 699.5873
107 258.8038 382.7075
108 251.2093 331.3479
109 242.7239 282.6536
110 173.3618 467.8042
111 127.9844 491.7027
112 251.1832 459.9034
113 147.9014 438.7721
114 262.6418 492.9586
115 258.8854 568.8097
116 107.2879 506.2904
117 142.0417 506.5260
118 167.5153 514.0999
119 203.7667 509.7872
120 229.8325 500.4123
121 248.8668 490.3010
122 286.2373 465.5236
123 111.6433 550.4615
124 131.1275 437.0337
125 296.4583 593.3931
126 252.3636 528.5597
127 84.4443 464.5084
128 263.0234 479.0418
129 242.8080 572.6369
130 158.7017 449.5194
131 258.2945 554.0165
132 97.2440 607.8698
133 250.7115 451.4254
134 272.6261 541.9719
135 156.8161 709.1324
136 157.7383 731.6561
137 91.9425 555.0191
138 131.7972 681.6662
139 100.8511 425.9650
140 237.7004 772.9456
141 298.6264 596.9893
142 236.1747 544.0688
143 109.3583 467.3774
144 189.7652 457.7711
145 206.0441 459.4484
146 241.2011 676.4032
147 116.3213 592.1865
148 273.0525 798.9291
149 214.3525 774.8493
150 188.1459 757.6561
151 301.8951 331.9317
152 312.8426 801.4221
153 221.8835 458.2796
154 236.8652 455.2540
155 246.3505 453.4786
156 116.7310 433.0503
157 233.7743 433.9520
158 217.1828 426.7908
159 200.3182 425.3364
160 183.5587 429.6521
161 173.7210 436.5273
162 88.4451 415.4817
163 178.5240 454.7173
164 307.1783 617.2110
165 247.7752 625.0019
166 260.9086 584.3660
167 282.4186 619.0522
168 303.0732 435.2978
169 183.7935 735.0888
170 209.7296 754.4466
171 271.8436 785.7164
172 133.6165 701.5031
173 245.4856 444.4252
174 274.8537 500.0221
175 312.8698 787.0545
176 241.9297 789.1913
177 99.1431 600.9840
178 275.3323 669.5305
179 273.2923 673.8223
180 271.3875 680.8305
181 269.6074 690.7297
182 263.1025 709.9081
183 248.5494 668.3336
184 243.4466 667.3544
185 238.0693 664.7417
186 218.2582 652.1672
187 142.8067 603.4676
188 274.7857 477.9199
189 265.4417 439.0641
190 253.5246 441.5128
191 252.0656 665.6027
192 140.9548 652.6797
193 280.5508 438.6168
194 251.6525 731.2223
195 304.1950 507.1813
196 286.9720 489.0702
197 303.8564 484.2445
198 263.3530 534.3181
199 312.5410 765.8950
200 311.9067 739.5352
201 281.1902 740.2284
202 207.3973 696.7846
203 228.0367 589.2069
204 227.8294 717.0199
205 184.6805 585.5923
206 211.4001 609.7460
207 169.1520 619.0479
208 274.6313 765.5322
209 252.9803 545.8459
210 190.4018 712.2893
211 216.0397 733.7380
212 191.4352 672.6850
213 122.0955 627.5431
214 166.4443 675.2554
215 110.5856 643.2566
216 197.1687 636.6839
217 263.9559 513.9666
218 264.8433 578.5527
219 253.3667 582.6491
220 272.0078 564.7531
221 250.7507 424.3908
222 220.3497 415.4728
223 193.9869 414.2416
224 171.8712 417.1145
225 156.3250 424.8220
226 144.7225 456.4271
227 88.1768 510.2756
228 159.8904 484.2724
229 179.6442 490.1246
230 204.6591 489.2279
231 228.0900 483.9958
232 246.1038 477.0053
233 258.5924 470.2617
234 86.9461 510.5700
235 254.1295 587.3429
236 275.1172 520.3610
237 277.3278 580.1878
238 287.6658 589.3901
239 277.6541 583.0340
240 259.6620 593.0958
241 290.8618 591.7699
242 292.7879 595.3378
243 257.3483 453.7821
244 268.2387 459.1180
245 273.6817 462.9451
246 168.2128 441.7553
247 159.5475 439.3428
248 319.8776 510.2845
249 435.5824 448.7790
250 322.7814 591.3179
251 505.2443 371.8957
252 381.9265 468.4153
253 401.0017 469.5667
254 418.9705 468.5212
255 442.0285 457.4225
256 365.7640 463.8863
257 405.9684 420.7608
258 385.9693 421.3863
259 424.1224 424.1177
260 436.4386 430.2302
261 458.5252 471.5312
262 381.5353 750.1228
263 442.0530 443.6799
264 516.0391 461.0642
265 480.3433 458.6180
266 398.0441 557.8016
267 331.1928 645.0682
268 328.8265 663.5847
269 354.6729 649.6069
270 370.2145 656.1254
271 345.8097 663.7684
272 359.6352 664.4891
273 394.3213 683.8079
274 321.1835 582.7910
275 322.9987 561.4925
276 466.4347 412.6487
277 359.0018 505.1116
278 362.8492 573.5427
279 363.4273 561.3528
280 454.6766 553.4839
281 321.3697 533.8709
282 420.9840 393.2864
283 447.5251 399.5272
284 486.0912 335.6771
285 339.7984 408.9347
286 368.5013 427.1932
287 408.2713 665.3926
288 500.4285 654.4659
289 350.0405 585.5266
290 335.2311 592.2430
291 388.1655 665.8890
292 380.4363 664.8537
293 458.3391 386.0167
294 363.7035 582.0205
295 385.2952 394.7361
296 389.2252 377.4625
297 409.2718 289.2978
298 471.9179 359.4465
299 397.5611 331.3872
300 478.3648 403.1081
301 492.0684 388.1574
302 330.4787 656.6108
303 349.6337 658.7442
304 364.8095 660.8703
305 345.5498 589.0635
306 383.9818 665.5509
307 376.0831 668.9071
308 378.4408 663.9778
309 340.1300 580.5131
310 356.2765 662.7733
311 342.4597 663.7643
312 326.7611 665.1349
313 335.3663 716.2521
314 333.2362 695.4209
315 331.9611 684.2543
316 330.4105 675.4713
317 328.8282 669.4373
318 359.8241 666.6798
319 362.2718 668.6070
320 365.7136 673.2065
321 369.1184 679.6254
322 385.1837 633.2213
323 518.0552 551.2845
324 368.7476 666.0906
325 372.1714 666.7520
326 329.2599 601.9427
327 357.6361 594.2083
328 332.0525 597.2812
329 378.6109 516.8859
330 409.9930 530.2808
331 366.7028 569.9683
332 455.7392 307.4197
333 441.9053 339.8069
334 427.8364 376.1400
335 379.1247 696.5771
336 346.0588 381.8164
337 352.7108 330.1869
338 359.6165 281.3449
339 433.8790 464.8131
340 479.9450 486.6898
341 355.3907 459.0125
342 457.8855 435.6641
343 345.9064 491.7877
344 351.6011 567.2383
345 500.7427 500.5638
346 466.7190 501.5657
347 442.1820 509.6280
348 405.8636 506.7124
349 379.1088 498.2792
350 359.5156 488.8354
351 321.2104 465.0043
352 498.2803 544.3922
353 474.7031 433.0917
354 315.1983 593.0368
355 357.3978 526.9756
356 521.0475 458.8481
357 344.9068 478.0366
358 368.2713 570.5076
359 447.2541 446.8219
360 351.6276 552.5287
361 512.9538 602.1443
362 355.5644 450.5592
363 337.0223 540.9385
364 461.7057 704.3030
365 460.6087 727.1410
366 517.0083 548.8751
367 484.1382 676.2399
368 504.7656 420.8492
369 386.1535 770.5881
370 313.2288 596.7848
371 374.4061 541.8232
372 497.2327 462.2256
373 417.2421 455.4394
374 401.0978 457.5393
375 380.4005 672.7116
376 495.4599 586.1946
377 351.8937 797.7969
378 408.0367 772.0164
379 432.5767 754.0004
380 384.9931 456.7080
381 369.7633 453.8851
382 360.0631 452.4457
383 488.9967 428.5119
384 372.2789 432.7975
385 388.8055 425.3796
386 405.5700 423.8466
387 422.1564 427.8349
388 432.0600 434.4794
389 516.2906 410.3289
390 428.1966 452.2374
391 367.5510 622.5796
392 350.4371 582.7595
393 332.3748 618.1053
394 436.6775 731.0585
395 412.3578 751.2614
396 353.0976 784.4479
397 482.0197 696.3111
398 360.6086 443.4920
399 333.7832 499.2160
400 382.1393 787.1222
401 511.6888 594.8853
402 345.7233 667.7736
403 348.2388 671.9912
404 350.7244 678.8440
405 353.0163 688.7509
406 359.7067 707.9227
407 372.1508 664.7855
408 377.0587 663.6210
409 382.2578 660.8038
410 400.3044 647.9740
411 470.6620 597.9472
412 333.1802 477.1224
413 340.6443 438.3532
414 352.3882 440.6550
415 368.2924 662.2977
416 474.6593 647.1534
417 325.8183 438.1535
418 371.1824 728.9364
419 320.9620 488.6304
420 346.2252 532.8846
421 342.4735 739.1385
422 412.9529 692.7192
423 384.6730 586.4630
424 393.8790 713.8525
425 429.0002 581.3557
426 403.5489 606.2716
427 446.1859 614.1418
428 349.8239 764.3620
429 356.9826 544.1485
430 429.8297 708.0647
431 405.9122 730.4510
432 427.6901 667.8040
433 491.3990 621.6878
434 451.4941 670.2303
435 502.5889 637.2410
436 419.9005 632.1974
437 345.1055 512.7597
438 346.0074 577.0687
439 357.7844 580.8946
440 338.3509 563.6231
441 354.6972 423.3598
442 384.8231 413.9409
443 411.1949 412.3077
444 433.3221 414.9568
445 449.0656 422.2841
446 461.7200 452.8172
447 519.3307 504.3337
448 447.9690 480.3020
449 428.9818 486.5386
450 403.9162 486.5497
451 379.9099 482.0164
452 361.5342 475.7728
453 348.8206 469.2242
454 519.7495 504.6524
455 357.2335 585.6884
456 334.0040 519.4452
457 333.7732 579.0887
458 323.8428 588.7852
459 333.4277 581.9949
460 352.1661 591.6506
461 320.8032 591.1626
462 318.9984 594.9290
463 349.0363 453.0758
464 338.6735 458.4610
465 333.6715 462.2641
466 437.6550 439.5712
467 446.0275 436.7596
