# Image: /home/yaroslav/Projects/Diia.AIContest-AdAstrum/fixtures/FLUXSynID-processed/00fcdbce3ae1/00fcdbce3ae1_f_live_0_a_d1.jpg
# Mode: stream
# Status: fail
# Errors: image_blurry_or_out_of_focus: Image is blurry (sharpness score: 51.21); face_not_looking_straight_at_camera: Head is tilted up/down 13.6° (max: 10.0°)

# 2D Landmarks (index x y)
0 320.1759 650.1700
1 334.1874 563.2059
2 321.9218 589.6643
3 308.0930 485.6760
4 335.5026 538.7871
5 332.2428 507.4708
6 319.5381 433.5714
7 142.8785 426.7945
8 315.8653 382.4783
9 316.9453 352.6095
10 312.6763 245.1863
11 319.2171 662.2031
12 317.0865 670.9786
13 314.3373 674.4365
14 315.6808 682.7989
15 316.5214 692.5692
16 316.5611 705.0277
17 315.1558 718.5394
18 309.8928 740.6931
19 330.5518 576.0444
20 305.1174 575.1502
21 34.3423 346.3641
22 209.7409 448.2360
23 187.0037 450.2348
24 164.4048 449.5410
25 132.3376 436.5855
26 229.0977 442.0931
27 182.5964 391.3687
28 206.2782 392.7476
29 159.4811 394.6442
30 142.6167 402.1856
31 111.4798 454.0576
32 218.2101 778.9423
33 133.7086 420.8932
34 22.5951 446.7080
35 81.1902 439.6217
36 199.3489 548.1768
37 293.6023 646.7124
38 294.2497 671.1085
39 263.3209 654.9979
40 241.9872 665.6219
41 272.3318 673.1448
42 254.0818 676.2013
43 204.3074 702.7883
44 314.9675 562.5868
45 313.2157 539.2132
46 104.9239 381.0083
47 244.1900 487.1079
48 251.7880 558.6383
49 248.0206 546.2707
50 124.9532 547.3712
51 311.3159 510.0939
52 168.7224 355.7761
53 132.8584 363.8768
54 67.9943 303.8642
55 270.5416 375.9715
56 226.6741 399.6888
57 188.0367 680.9328
58 25.8700 673.1267
59 267.3293 571.6938
60 286.1101 579.2060
61 215.6382 682.4462
62 225.1958 680.6195
63 117.6512 349.0923
64 248.1370 570.0512
65 214.5103 358.3388
66 210.8425 339.2834
67 179.8399 251.2266
68 94.0620 325.6240
69 198.4026 293.2204
70 87.1349 371.6664
71 61.3450 360.0398
72 293.9227 661.2268
73 269.1707 666.2509
74 248.7502 671.4711
75 272.4233 576.3768
76 221.0613 682.0690
77 231.5115 685.3400
78 226.5647 679.0440
79 284.6770 562.5785
80 256.0988 674.8024
81 274.1140 674.1388
82 294.0759 674.0314
83 279.9338 740.4848
84 287.2609 716.8662
85 290.3911 702.7384
86 292.4288 690.4228
87 293.4321 682.2757
88 253.0314 681.0851
89 250.3166 683.9496
90 245.5217 690.0197
91 240.2524 698.0065
92 221.3102 637.0139
93 1.5450 554.1456
94 326.3703 581.4818
95 240.1295 680.8649
96 236.5260 682.2106
97 293.9075 590.3635
98 254.1487 585.5596
99 290.3316 584.9493
100 219.2152 501.6421
101 181.7040 518.3938
102 242.1411 557.6539
103 114.9092 271.1330
104 137.9831 302.1346
105 160.0311 337.2161
106 224.0837 717.4619
107 264.9325 345.5800
108 255.2020 293.7191
109 243.5328 243.9248
110 144.2246 445.2874
111 83.9327 472.3081
112 241.6427 435.8860
113 113.1325 409.7885
114 261.6505 471.2644
115 269.7824 548.6761
116 53.3112 489.6093
117 104.0859 488.6572
118 137.9910 496.8156
119 183.6062 492.1862
120 216.0257 481.5240
121 240.4961 469.8899
122 297.2404 439.5295
123 57.9644 540.1438
124 90.9755 407.7532
125 319.1891 574.9882
126 248.7783 510.2799
127 1.5532 447.7930
128 259.5573 456.8845
129 236.9135 559.9104
130 125.0222 423.4564
131 266.1008 533.7797
132 7.2368 612.1161
133 240.4942 427.0110
134 288.5350 519.2254
135 100.2206 728.3068
136 90.1237 756.9017
137 19.1125 548.0169
138 66.8966 695.6955
139 40.6479 399.6829
140 208.6623 804.5444
141 317.7826 580.3362
142 226.8162 528.7038
143 56.3858 444.9693
144 167.4854 434.3575
145 187.5541 436.4574
146 225.3650 689.8592
147 60.3481 588.5329
148 249.2813 837.4249
149 168.3556 808.4802
150 131.9151 787.8576
151 315.5051 297.6157
152 299.5040 839.9740
153 206.2707 435.0895
154 223.8060 431.4725
155 234.9296 429.2635
156 69.4401 404.0837
157 221.3739 410.8654
158 201.9811 404.4683
159 182.8887 402.8741
160 162.6363 406.5278
161 149.2731 412.4548
162 13.4622 391.2876
163 153.2214 430.7665
164 320.4539 609.0262
165 243.7125 621.5151
166 268.6747 567.4708
167 290.2873 612.1163
168 315.3744 407.7329
169 135.1221 759.2260
170 169.9512 782.7167
171 254.1313 819.3038
172 55.8206 721.4501
173 234.9609 420.3164
174 283.8818 476.4899
175 305.1021 821.3676
176 207.1346 825.7905
177 24.7798 601.3177
178 272.2883 681.2498
179 269.4565 687.1530
180 265.9013 696.4292
181 261.7141 709.0043
182 248.9518 730.7624
183 237.0960 678.4922
184 231.3476 677.0235
185 224.9066 673.7645
186 201.2525 657.4662
187 101.1649 600.1323
188 280.0175 453.7518
189 262.5237 412.1250
190 246.1055 414.9902
191 240.4799 675.3323
192 89.6285 659.5001
193 285.7511 411.0673
194 232.4606 754.1998
195 327.7816 481.8164
196 302.3121 463.4605
197 323.6662 458.2592
198 268.3980 513.8985
199 308.2130 795.5089
200 309.2216 765.6042
201 270.8801 765.3826
202 176.6843 712.5133
203 216.8595 580.1145
204 201.3376 737.0030
205 161.7460 577.2243
206 194.8659 605.0462
207 137.9160 617.4911
208 261.5236 794.1671
209 251.5757 528.1552
210 150.5222 731.1566
211 183.3426 757.0441
212 159.8602 683.0548
213 63.4710 630.1980
214 123.7237 686.5561
215 37.6388 650.6454
216 174.2185 638.5130
217 266.4627 492.9008
218 277.9442 558.8011
219 259.2019 566.1824
220 290.8713 542.5733
221 246.3982 393.6100
222 210.7092 381.4972
223 178.5719 378.6528
224 150.0332 382.0518
225 127.6555 391.9844
226 106.0343 431.7158
227 17.4978 496.5083
228 126.5158 463.6600
229 152.0923 470.3067
230 183.8195 469.4572
231 212.9992 463.6371
232 235.5922 455.5016
233 251.7407 447.5946
234 0.3087 500.8107
235 257.8435 573.0446
236 288.0236 497.1831
237 297.0372 559.3048
238 306.4027 571.3329
239 294.9731 563.5211
240 262.9008 580.8533
241 311.6372 573.3521
242 310.3193 578.8697
243 249.9508 428.8971
244 264.7694 434.8950
245 274.3839 438.5281
246 140.9965 417.0396
247 128.4467 410.6474
248 344.2126 486.3446
249 444.2162 434.8820
250 343.6352 575.3823
251 496.9170 362.9241
252 387.8763 453.7172
253 408.3372 456.3162
254 427.3048 455.8677
255 448.6881 444.6734
256 370.9281 446.8300
257 417.3388 400.1774
258 395.7307 400.1394
259 436.3343 404.4747
260 447.6882 412.4560
261 463.4153 461.9879
262 380.6354 774.9410
263 449.8316 430.0227
264 503.0077 457.9585
265 481.4631 448.7122
266 408.5119 550.4687
267 343.6618 646.5327
268 335.8096 670.8138
269 364.3362 654.0823
270 375.7618 664.7965
271 350.5006 672.3691
272 361.3507 675.5532
273 394.3309 701.3456
274 350.4975 563.0154
275 354.2585 539.9119
276 478.3396 392.9326
277 369.0898 489.5283
278 383.1869 559.7930
279 382.1644 547.3462
280 461.0802 551.0460
281 350.0347 510.6877
282 440.5258 366.6239
283 464.3188 375.7136
284 486.2057 320.8866
285 355.9484 379.4172
286 375.9691 405.5633
287 408.8709 680.0918
288 472.1334 673.1040
289 367.6684 572.3255
290 352.0460 579.5284
291 386.1959 681.8291
292 376.7139 679.8036
293 473.8092 362.2102
294 380.3783 570.8326
295 405.0438 366.2454
296 410.6093 347.7792
297 422.8873 263.0766
298 480.6407 340.1825
299 416.0712 303.2786
300 487.1495 384.5741
301 492.8705 374.6798
302 340.6047 660.8372
303 357.1972 665.2095
304 369.0197 670.5009
305 361.6636 576.7108
306 381.3408 681.2579
307 376.3984 684.5558
308 374.0252 678.1721
309 363.5946 563.1938
310 355.3607 674.1025
311 344.0398 673.5972
312 330.4881 673.7924
313 336.2772 739.4907
314 339.3799 716.1910
315 339.2486 702.1719
316 337.3313 690.0486
317 334.4780 681.9241
318 360.7616 680.3184
319 364.3585 683.2690
320 369.0054 689.2405
321 372.8898 696.8998
322 393.5496 636.7993
323 488.4656 560.8439
324 366.9557 680.2179
325 371.5756 681.6175
326 345.6096 590.3990
327 370.8687 585.7534
328 348.7915 585.3105
329 388.1193 504.5585
330 419.4450 521.8612
331 382.6458 558.4945
332 463.4909 286.8950
333 456.6669 315.6296
334 447.9775 348.8372
335 380.1590 715.4218
336 365.0818 350.3400
337 370.4703 299.1904
338 374.5430 250.6393
339 441.4681 452.4433
340 482.3370 480.1812
341 360.4369 439.9338
342 466.1576 420.1124
343 357.2898 473.3683
344 376.1321 550.0406
345 498.8030 497.6164
346 472.6569 495.2568
347 450.3863 502.2831
348 414.3161 496.4692
349 386.9448 485.1408
350 366.9726 472.8628
351 337.0952 440.6441
352 497.0617 545.4855
353 480.5716 418.3994
354 340.3865 575.2536
355 370.0283 512.1164
356 495.8658 459.8961
357 353.0182 459.3716
358 380.5096 560.7805
359 454.3020 432.9398
360 373.8237 535.1884
361 484.0279 615.8175
362 359.6114 430.9891
363 363.1017 520.2129
364 451.7483 724.4851
365 442.7538 751.7510
366 503.4424 554.2144
367 470.3924 693.8554
368 497.9894 412.8839
369 383.7811 799.5226
370 334.3118 580.5532
371 385.1636 530.6358
372 493.9289 454.8096
373 426.8273 441.5411
374 409.3395 443.3033
375 380.7644 689.0914
376 491.0995 591.8425
377 344.8438 834.2175
378 399.6752 801.7977
379 420.3784 781.0499
380 391.5394 441.4044
381 375.1583 436.6388
382 364.8813 433.7106
383 490.7240 415.7195
384 377.2676 415.9606
385 394.7789 410.9548
386 413.1546 410.2589
387 430.6462 414.5637
388 440.7687 421.1389
389 499.6503 406.4018
390 437.5682 438.2690
391 378.9902 621.3407
392 370.0050 568.2627
393 346.8658 611.9104
394 429.9178 753.6217
395 407.8734 776.7095
396 350.5028 816.3289
397 458.0192 718.6784
398 365.2904 424.4182
399 351.6936 477.7579
400 376.1926 820.3767
401 496.6797 604.7061
402 349.6889 680.7238
403 353.2926 686.5256
404 356.8789 695.6838
405 359.2567 708.0184
406 361.5196 729.1363
407 370.2615 677.6485
408 377.0910 676.1958
409 383.3047 673.1062
410 404.6405 657.1252
411 471.1224 602.3276
412 346.7476 455.4611
413 347.9275 415.1719
414 357.7843 419.0223
415 364.6865 674.7159
416 468.4809 659.3783
417 337.3318 412.7540
418 370.5847 751.1573
419 341.4268 464.2689
420 364.3964 515.2837
421 342.0020 763.5239
422 413.0779 710.2587
423 395.2804 581.0918
424 393.3516 733.7739
425 437.0919 579.5192
426 412.1943 606.0320
427 449.5997 618.6073
428 349.2253 791.7448
429 372.1732 529.6710
430 427.6778 727.3882
431 404.1326 752.4276
432 428.7868 681.9796
433 483.8940 631.4515
434 449.1358 684.9229
435 486.5113 651.3340
436 424.4857 638.8813
437 360.1774 494.5636
438 370.5406 559.6851
439 378.0251 567.0658
440 367.0420 543.4504
441 365.0535 397.9092
442 398.6185 388.5578
443 426.7488 388.2709
444 448.6951 392.9701
445 461.6764 403.2215
446 466.2819 440.7307
447 505.9664 505.5336
448 454.6989 470.7451
449 436.9385 476.0906
450 411.5865 474.6816
451 386.4213 468.1313
452 367.2342 459.2024
453 354.3754 450.7083
454 490.2768 510.2034
455 374.4677 573.7460
456 355.9475 498.2117
457 361.7794 559.8714
458 347.5075 571.5062
459 358.4692 563.9186
460 367.2119 581.1738
461 345.7008 573.6913
462 340.0274 579.0145
463 353.4364 432.3893
464 344.6288 437.5729
465 342.6080 440.8109
466 446.0956 425.9063
467 455.2774 420.7293
