# Image: /home/yaroslav/Projects/Diia.AIContest-AdAstrum/fixtures/FLUXSynID-processed/01324f2f0005/01324f2f0005_m_live_0_e_d1.jpg
# Mode: stream
# Status: fail
# Errors: image_blurry_or_out_of_focus: Image is blurry (sharpness score: 26.01); strong_shadows_on_face: Strong shadows or uneven lighting detected (difference: 78.6); face_not_looking_straight_at_camera: Head is turned 165.9째 (max: 15.0째); head_is_tilted: Head is tilted 16.7째 (max: 10.0째); face_too_small_in_frame: Face occupies only 48.5% of frame (min: 50.0%)

# 2D Landmarks (index x y)
0 263.5085 640.8009
1 271.1902 572.6963
2 272.3403 592.6148
3 273.3769 503.6301
4 274.7031 552.6921
5 281.7644 525.9217
6 301.5679 461.3637
7 187.5468 427.1257
8 311.7090 419.1616
9 316.1975 393.8196
10 339.8676 291.6295
11 262.0704 650.1067
12 262.0045 655.9253
13 263.1051 657.5266
14 262.6713 658.9783
15 261.0507 665.2733
16 259.2832 673.6436
17 257.9266 683.0851
18 257.0061 700.4059
19 270.5931 582.4701
20 257.1959 576.9877
21 147.0977 343.4742
22 234.6797 455.7911
23 216.6085 453.6967
24 199.8718 449.2971
25 181.1418 433.9452
26 249.9712 453.9180
27 216.7329 408.5326
28 235.4455 413.0364
29 199.8064 407.3405
30 188.3782 410.0562
31 164.5212 444.5430
32 188.0741 717.9988
33 182.8162 421.5135
34 123.8887 425.0382
35 148.7215 428.1285
36 201.4010 535.7421
37 243.6807 633.5506
38 245.7102 651.9588
39 223.5337 634.2629
40 210.8135 638.8032
41 231.6364 649.5778
42 220.5013 648.4055
43 187.0805 658.8067
44 256.7712 568.8202
45 257.8690 549.3700
46 163.5510 386.3802
47 246.0161 492.8206
48 223.5243 553.5800
49 226.2900 542.6997
50 153.0218 522.9535
51 265.7322 524.6698
52 203.9258 377.6429
53 180.1863 377.6582
54 165.9535 312.8019
55 276.8053 408.6757
56 251.5999 420.9790
57 176.5098 640.4878
58 112.1393 607.6985
59 234.2880 567.0764
60 247.2447 576.7564
61 196.7641 645.8098
62 204.2722 645.8997
63 173.6284 362.5865
64 222.9858 561.8721
65 235.7650 386.6503
66 234.6829 369.2315
67 236.9980 282.0090
68 170.0356 336.4529
69 237.4017 323.8062
70 155.9251 375.2564
71 150.9943 359.9345
72 243.6549 644.8574
73 227.6948 644.1605
74 215.6060 644.2359
75 238.5692 571.6430
76 200.7852 646.2449
77 206.8722 648.7797
78 206.1957 644.9950
79 241.9277 563.0384
80 224.8499 647.6448
81 236.1959 650.1983
82 249.0018 654.0002
83 235.3171 695.8311
84 238.5276 677.6811
85 241.1347 667.8853
86 243.8825 660.3010
87 246.6823 655.0694
88 221.1266 648.6573
89 218.5125 649.7800
90 214.5832 653.1014
91 210.4626 658.0580
92 199.7069 611.8554
93 115.1791 509.4300
94 271.7272 586.2300
95 214.1268 647.2359
96 210.9026 647.4615
97 251.1066 587.5092
98 227.9851 575.3968
99 249.1626 582.4030
100 227.0548 500.6493
101 196.4510 508.5382
102 223.1387 550.5618
103 194.3463 291.4085
104 197.6166 323.1827
105 200.5415 359.7151
106 199.2352 671.3318
107 274.5239 381.8996
108 279.2299 330.5790
109 283.7866 282.5942
110 186.9920 442.6847
111 143.4723 455.2158
112 259.7969 450.9752
113 169.4837 410.0204
114 259.5050 482.6946
115 233.2704 549.1339
116 124.4292 464.5113
117 151.2391 471.9526
118 171.1746 484.2040
119 204.9621 487.3643
120 230.7879 483.4814
121 249.9099 477.8660
122 284.5617 462.8542
123 118.6918 506.3392
124 155.8344 404.5899
125 262.1333 579.5495
126 242.1523 512.9872
127 126.6694 422.7890
128 264.4392 470.5606
129 223.9199 551.4860
130 177.9776 422.6879
131 237.0523 536.1776
132 110.7324 556.8430
133 261.2152 443.6224
134 251.0260 528.2791
135 128.0426 661.1859
136 129.6666 682.1400
137 107.9350 506.8682
138 114.6778 630.9634
139 137.8572 389.1849
140 181.2485 736.0245
141 264.9245 583.7907
142 225.3991 524.3173
143 134.9872 428.7044
144 203.0175 437.2850
145 218.0862 442.4823
146 202.4103 651.5606
147 115.5383 545.9207
148 209.4065 768.7283
149 164.7525 733.1684
150 147.6854 711.9221
151 327.9996 340.9585
152 246.1170 780.7086
153 233.4325 444.3907
154 248.0796 444.0791
155 256.9906 444.2334
156 145.8754 398.0445
157 248.7880 427.1664
158 234.2766 419.1053
159 218.4680 414.7327
160 202.4312 414.4737
161 192.4274 417.1451
162 134.9430 377.9242
163 193.4916 431.8808
164 270.0518 607.6756
165 215.4856 603.1460
166 233.6486 564.0833
167 246.4881 604.5444
168 308.1762 439.3051
169 144.3939 690.0519
170 161.8364 713.1572
171 208.2421 755.4620
172 118.6737 649.8839
173 257.6219 437.0006
174 265.8817 491.4111
175 245.9985 766.6411
176 184.0652 752.4758
177 105.4869 550.4363
178 232.5428 651.3181
179 229.3050 654.5906
180 225.9859 660.0797
181 222.4687 668.4009
182 214.9794 684.0850
183 210.7439 647.2963
184 205.9147 645.2967
185 201.4611 641.7853
186 185.3199 624.9418
187 133.2434 561.5814
188 272.5665 471.6394
189 275.4054 435.2084
190 265.1309 435.2065
191 215.2291 645.5861
192 124.3255 606.6133
193 287.0574 437.9318
194 201.0616 700.9164
195 288.5790 503.7014
196 278.2073 483.8813
197 294.9568 482.9953
198 247.9483 519.9620
199 248.3621 746.2764
200 252.9047 721.8585
201 224.9791 715.3771
202 167.5602 662.1384
203 207.2515 564.4789
204 182.5112 683.5729
205 170.1306 553.0396
206 187.9795 581.1317
207 150.2978 581.5274
208 213.7885 737.1405
209 237.6283 528.5548
210 151.3957 671.4270
211 169.6222 695.8304
212 157.8132 637.3267
213 114.5489 579.6353
214 138.2895 632.9858
215 106.4372 591.4105
216 169.9149 605.1795
217 254.4569 501.8617
218 236.6900 558.7845
219 226.8310 561.0884
220 244.3847 548.0417
221 263.5502 419.0399
222 235.6746 404.9798
223 211.4685 398.1527
224 191.3403 395.6365
225 177.5474 399.2092
226 165.0657 425.7482
227 113.3883 464.8239
228 171.8736 455.0657
229 187.5533 464.5447
230 210.6714 468.9837
231 233.5429 468.5563
232 251.4022 465.5131
233 263.7555 461.7971
234 121.7888 466.0675
235 227.7327 566.2100
236 259.8480 509.6510
237 246.4002 562.8605
238 255.7092 574.0474
239 247.3366 565.6111
240 232.5588 573.3148
241 257.4391 576.9293
242 260.0770 581.0696
243 266.4759 446.8394
244 274.4487 453.7874
245 276.8917 458.2750
246 186.9091 419.4658
247 179.6743 413.6156
248 303.8729 509.9888
249 442.7829 480.9531
250 290.6679 584.3318
251 543.8927 421.7301
252 384.1896 487.0570
253 402.6482 492.5466
254 421.2734 495.6484
255 448.7745 490.1808
256 369.6765 479.1730
257 417.7352 449.3603
258 398.2550 445.9827
259 435.0233 455.3887
260 446.6745 463.0976
261 463.1275 506.7437
262 321.0484 749.2903
263 450.9223 477.8105
264 534.6617 509.3577
265 490.2982 498.8304
266 377.3484 572.9793
267 285.8881 642.1654
268 280.3621 659.1700
269 308.3435 652.1992
270 323.0902 662.4006
271 297.5468 663.5140
272 311.8940 667.6210
273 345.6241 693.3610
274 286.9137 575.2400
275 292.8248 556.5202
276 482.2502 451.1375
277 351.8333 514.9122
278 337.2956 577.8973
279 341.2858 567.2083
280 436.8804 583.0151
281 298.5453 531.5027
282 436.2083 423.6542
283 463.3567 434.7110
284 526.7429 382.8270
285 350.0436 423.0741
286 380.3322 447.1793
287 363.2593 680.7456
288 487.4374 690.8240
289 322.0397 586.0620
290 304.8827 589.2709
291 340.8288 676.2074
292 334.4500 673.1933
293 478.3565 423.5044
294 337.4613 586.5612
295 398.8095 418.6341
296 405.7968 402.3659
297 448.8812 322.1421
298 502.0223 401.8689
299 425.4203 359.6935
300 498.6017 444.4860
301 520.9543 433.9070
302 282.6404 653.0189
303 301.4643 659.7838
304 316.7116 665.5068
305 316.8145 588.5833
306 336.9832 674.7963
307 327.9947 674.4696
308 333.6718 671.9142
309 310.5836 577.8131
310 310.1182 665.2945
311 295.3483 662.7147
312 279.0751 660.2235
313 279.4924 705.7081
314 278.8787 686.6519
315 279.3553 676.2859
316 279.8301 668.1421
317 280.1530 662.4319
318 312.4050 668.0823
319 313.8894 670.0421
320 316.0501 674.9969
321 318.2155 681.6019
322 345.0091 642.8329
323 528.3207 596.8593
324 322.6251 670.2182
325 324.7920 671.5424
326 296.0415 597.2789
327 328.9896 597.1215
328 300.3590 593.3775
329 368.6967 530.3185
330 395.8620 550.4448
331 343.5352 576.2805
332 496.6851 349.1257
333 471.7784 376.4338
334 447.1485 408.1045
335 326.9464 699.8717
336 360.5904 398.3398
337 379.1485 349.7371
338 398.5407 304.3655
339 438.0974 495.5257
340 482.4577 525.7445
341 360.8834 472.6080
342 469.5097 471.8440
343 340.8545 499.7888
344 324.9703 568.7865
345 503.6691 543.6905
346 463.4482 537.0767
347 434.7259 539.1972
348 398.4685 527.7758
349 374.2725 513.4611
350 357.0301 500.2729
351 318.7655 469.8737
352 490.8714 585.0782
353 488.5973 472.9011
354 280.2427 583.5132
355 344.5109 534.4306
356 548.2978 508.7645
357 344.1945 487.2347
358 346.1675 577.4964
359 456.7851 480.9067
360 329.6519 555.6630
361 512.8927 644.0144
362 363.4518 465.5666
363 314.6421 541.6938
364 421.6198 727.8919
365 422.2540 749.6105
366 518.2939 593.9840
367 454.1398 706.8112
368 529.6886 468.3059
369 323.7040 769.9202
370 279.2527 586.8837
371 358.3112 552.4598
372 509.2914 505.9229
373 421.6530 483.2210
374 404.8184 481.5009
375 331.5954 679.0870
376 480.0567 624.1733
377 285.7089 787.1821
378 352.1083 778.0390
379 383.6851 767.8115
380 389.5370 476.9295
381 375.9459 470.9895
382 367.3162 467.8226
383 506.6391 471.4967
384 382.5197 455.4462
385 399.8871 453.8055
386 415.9592 456.3209
387 431.4698 462.5871
388 440.7787 469.2860
389 550.6736 461.0935
390 433.9430 482.5457
391 330.3219 627.6597
392 322.2955 583.1446
393 294.5872 614.6991
394 388.1429 746.7842
395 357.0437 759.4087
396 286.2675 774.1592
397 455.7536 725.9897
398 369.4318 461.0949
399 323.5720 503.4842
400 319.6271 785.1668
401 503.8218 636.5453
402 297.2566 665.2119
403 298.4380 669.4229
404 299.2001 676.1047
405 299.7040 685.5241
406 304.9594 704.3543
407 325.3220 671.1813
408 329.7111 671.2806
409 335.1996 669.8192
410 357.0118 661.5692
411 446.6125 628.8786
412 329.8114 483.5549
413 349.3094 450.5313
414 361.6365 455.4192
415 323.0821 668.0545
416 443.9536 676.8041
417 331.5771 446.9523
418 313.8955 727.0159
419 311.4872 490.8365
420 329.6099 536.9927
421 282.4646 728.8962
422 365.5133 706.3636
423 358.4621 596.7294
424 340.9841 719.8171
425 402.9426 602.7731
426 371.6267 620.5587
427 415.1829 638.7064
428 285.0090 753.9825
429 339.9914 550.1302
430 382.3686 723.9436
431 351.7160 738.1292
432 385.1017 687.1236
433 469.3974 656.8440
434 412.3965 693.8126
435 484.9762 674.5534
436 382.1576 650.9229
437 333.9959 518.4448
438 316.8988 575.9936
439 330.1745 583.3374
440 309.9586 561.9159
441 365.5679 440.0223
442 396.9434 437.5355
443 423.2998 440.7038
444 445.5553 447.1255
445 461.3846 457.1143
446 471.2200 489.4180
447 529.2438 551.7436
448 449.2433 513.0129
449 427.5960 514.6889
450 401.9797 508.8702
451 379.2254 498.9827
452 362.7376 488.9800
453 351.3902 480.2868
454 538.9491 552.4813
455 329.5517 588.2737
456 317.6896 521.7609
457 301.7684 574.6576
458 290.9515 581.7864
459 302.1306 577.4160
460 323.3613 593.0413
461 286.5836 583.1522
462 285.7277 586.7406
463 355.8617 465.9815
464 343.3059 468.3030
465 335.7944 470.4168
466 446.3364 473.9204
467 456.4420 470.8496
