# Image: /home/yaroslav/Projects/Diia.AIContest-AdAstrum/fixtures/FLUXSynID-processed/002e68360d8a/002e68360d8a_f_live_0_e_d1.jpg
# Mode: stream
# Status: fail
# Errors: image_blurry_or_out_of_focus: Image is blurry (sharpness score: 13.39); strong_shadows_on_face: Strong shadows or uneven lighting detected (difference: 66.7); face_not_looking_straight_at_camera: Head is turned 163.4째 (max: 15.0째); head_is_tilted: Head is tilted 17.9째 (max: 10.0째); face_too_small_in_frame: Face occupies only 36.2% of frame (min: 50.0%)

# 2D Landmarks (index x y)
0 246.0767 615.2970
1 254.3733 553.4193
2 255.4971 573.2351
3 259.9569 489.0533
4 258.5043 534.1319
5 266.5552 509.4827
6 288.5129 450.8203
7 182.9444 418.0437
8 301.8794 405.5342
9 307.6694 380.4509
10 333.4620 292.7728
11 244.2381 624.6829
12 243.6979 631.5335
13 244.5116 634.1828
14 244.2848 635.4603
15 241.9736 642.7309
16 239.5012 652.2821
17 237.3933 662.6917
18 235.8157 679.3367
19 253.6291 563.3822
20 242.1400 558.7230
21 154.2931 339.2351
22 224.9899 446.3612
23 208.3693 443.5614
24 193.2681 438.6398
25 176.5877 423.6136
26 239.5899 444.9754
27 213.5212 396.2915
28 230.3126 401.9595
29 197.2804 394.5819
30 185.8986 397.7971
31 161.4017 432.7004
32 171.3336 691.8130
33 179.0446 412.6388
34 128.7374 415.2826
35 149.5809 416.3254
36 190.0598 518.2954
37 227.1944 607.3886
38 227.1269 626.6960
39 207.0281 607.2844
40 194.0718 610.9350
41 213.4375 623.5377
42 202.8105 622.0216
43 171.6336 632.1892
44 241.2919 549.5025
45 243.1674 530.6753
46 165.9874 370.8016
47 234.5487 480.6600
48 211.7713 535.9974
49 214.5333 525.8606
50 145.2513 504.1277
51 251.6608 507.9634
52 203.3076 359.6990
53 181.7297 360.5751
54 173.2222 309.4893
55 268.3184 392.7907
56 244.3112 411.3343
57 163.2275 612.4942
58 111.8193 588.1822
59 221.4909 549.3536
60 233.3265 558.5563
61 180.2091 617.4137
62 188.0330 618.2347
63 176.9526 346.1338
64 211.0344 544.0195
65 231.3744 368.8334
66 231.6234 352.6568
67 239.1296 280.4941
68 174.9009 327.1760
69 236.6647 315.7588
70 159.9921 360.7405
71 156.5531 350.8601
72 226.1168 618.5575
73 210.1427 617.2028
74 198.1816 616.7799
75 225.3519 553.7727
76 184.1573 618.0656
77 189.3737 622.3680
78 190.3414 617.9233
79 228.2381 545.2058
80 207.3552 621.9666
81 217.6832 625.3048
82 229.9982 629.6867
83 214.4187 673.6481
84 217.7917 656.1138
85 220.9382 645.3606
86 224.7101 636.3917
87 228.0231 630.6945
88 203.8208 622.9423
89 200.6502 624.3840
90 196.0231 628.1105
91 191.5862 633.5085
92 185.5769 586.7942
93 118.3000 496.3918
94 254.7960 567.3947
95 197.4640 621.1275
96 193.7481 621.0658
97 236.3355 568.1750
98 215.0755 556.7138
99 234.8627 563.6542
100 215.6281 487.1370
101 186.2512 492.5553
102 211.2935 533.3752
103 199.9873 288.8566
104 200.4547 314.1214
105 201.2687 343.0666
106 181.7796 646.3113
107 268.0603 366.6939
108 274.9738 324.5445
109 282.0552 282.5416
110 181.6600 431.9846
111 142.3040 441.9600
112 249.2377 442.2235
113 168.9247 397.8192
114 247.9169 471.3534
115 220.7121 531.4564
116 125.0626 450.6610
117 147.5739 457.1455
118 164.5963 468.8604
119 195.3383 473.5718
120 219.9042 471.6376
121 238.7075 467.1390
122 272.5742 451.9611
123 116.7792 488.9826
124 157.6780 391.6997
125 245.9091 560.4625
126 230.1466 499.0226
127 132.0077 415.0001
128 253.0336 460.2507
129 211.5540 534.3167
130 174.5638 412.4636
131 224.7388 519.3897
132 112.6701 540.8069
133 251.3298 435.3539
134 237.9113 511.5412
135 122.4545 636.3238
136 124.6789 657.2892
137 109.6670 491.5015
138 111.1904 607.9106
139 143.0470 380.5068
140 165.8712 708.3992
141 248.7231 565.0131
142 213.3847 508.9876
143 137.7592 416.9691
144 196.5493 427.7282
145 210.3310 433.1360
146 184.8042 625.0881
147 112.2997 526.1031
148 190.5180 739.7053
149 153.3504 705.2724
150 139.6764 685.3848
151 320.2422 336.3185
152 222.7784 752.2957
153 224.5359 435.7488
154 238.2182 435.9842
155 246.8568 436.0351
156 149.5124 385.7393
157 240.3672 421.2270
158 227.4344 413.6934
159 213.2546 408.9987
160 198.5181 407.8067
161 188.6696 409.5470
162 141.3457 372.3895
163 188.0933 422.5683
164 253.0472 586.5181
165 201.6575 580.1745
166 220.9504 546.4113
167 231.0377 582.6189
168 296.5991 428.1144
169 136.3559 664.0367
170 150.5315 686.1113
171 188.8650 727.7671
172 116.0625 627.2685
173 248.2105 429.6733
174 253.5221 478.4743
175 222.7258 739.6093
176 168.9261 723.7205
177 105.8209 532.3369
178 214.4733 626.1723
179 210.6530 629.8633
180 206.4630 636.3614
181 202.3446 645.3780
182 195.4587 660.6699
183 193.8173 619.9425
184 188.8531 617.2918
185 184.7288 613.4955
186 171.2872 597.6383
187 126.2713 540.3730
188 260.8655 460.5689
189 265.1490 425.1721
190 255.7291 426.3143
191 198.6008 618.8666
192 118.2802 583.5154
193 276.4143 426.5157
194 183.1237 676.1296
195 274.1178 489.4936
196 265.4321 471.3762
197 280.9922 470.9190
198 235.2845 504.7686
199 225.4948 721.6124
200 230.8468 699.0697
201 204.3864 691.4583
202 156.0383 635.7030
203 195.2981 545.5790
204 167.8421 658.0716
205 159.9467 532.8692
206 175.8760 559.4352
207 141.2146 558.7621
208 193.6506 711.3782
209 225.3127 513.0321
210 142.0502 645.3964
211 156.8021 669.6340
212 147.8154 610.5589
213 110.7588 558.2041
214 130.7795 607.9311
215 105.3917 571.0517
216 158.4068 579.7877
217 242.3010 488.6166
218 223.4684 540.8807
219 214.7777 543.2696
220 231.0142 529.8984
221 255.0005 406.4584
222 230.7039 390.3268
223 208.8625 382.7399
224 190.2338 380.6122
225 176.9962 385.2863
226 163.6807 414.5217
227 116.8113 452.4220
228 166.9878 442.5121
229 180.9720 451.8234
230 201.9530 457.1486
231 223.3037 458.0987
232 240.6338 455.8137
233 252.5832 452.2141
234 125.8929 455.6765
235 215.4690 548.2593
236 246.9257 494.7781
237 232.1603 544.1219
238 240.4441 555.5360
239 233.1355 547.2837
240 219.5990 555.0371
241 241.8898 557.9883
242 244.5046 562.4613
243 256.2994 437.9739
244 263.2569 444.2728
245 265.5556 448.0803
246 183.1661 411.1654
247 177.2009 402.2345
248 288.2973 496.2218
249 423.3233 478.2350
250 272.0376 566.6977
251 520.6649 426.8712
252 367.6473 481.6595
253 385.0231 487.3814
254 402.6516 490.8529
255 429.3633 486.8544
256 353.8619 473.3485
257 400.9798 442.1266
258 382.3220 438.7892
259 417.9680 448.9452
260 429.0841 457.9549
261 442.0074 502.6966
262 294.5515 726.8756
263 431.1631 475.5991
264 507.3328 508.8943
265 467.2395 495.2167
266 358.0079 560.8934
267 268.1358 617.7489
268 262.5174 635.8352
269 290.6086 628.8095
270 305.5627 639.3655
271 279.8489 640.6862
272 294.0427 645.2508
273 324.3024 672.2999
274 268.9371 556.5691
275 275.2709 538.6081
276 464.1371 444.4677
277 334.7537 505.6986
278 316.4887 562.7876
279 321.3249 553.0553
280 415.3373 572.6668
281 282.0167 515.5510
282 422.6504 413.0783
283 447.5676 426.0173
284 506.2900 388.0027
285 340.0576 410.2661
286 365.1086 440.5031
287 342.1294 658.8198
288 451.9943 678.3873
289 301.6081 570.0839
290 285.3157 572.0869
291 323.0355 653.8209
292 316.2911 650.7699
293 462.2820 415.9495
294 316.6381 571.2660
295 387.5754 406.7223
296 394.6156 391.7125
297 434.9717 325.5044
298 483.7974 401.2777
299 412.7631 356.8586
300 479.5701 439.1424
301 499.6564 433.9336
302 265.0042 628.5594
303 283.8948 636.1964
304 299.2910 642.5881
305 296.6348 572.3491
306 319.2884 652.4102
307 310.0856 653.2699
308 315.1614 649.6363
309 291.0819 561.3791
310 292.3369 643.3367
311 277.6682 640.6847
312 261.4753 637.6439
313 258.5142 685.5740
314 259.1306 667.0769
315 260.3283 655.6952
316 261.5129 646.1696
317 262.1932 639.6820
318 294.4420 646.2629
319 296.0230 648.9192
320 298.0062 654.6609
321 299.6250 661.8223
322 325.6190 622.6538
323 495.9877 592.6440
324 304.2906 648.4725
325 306.8672 650.0689
326 277.1864 578.7995
327 308.7271 580.9953
328 280.9822 575.6083
329 351.2532 521.1519
330 377.3229 540.6628
331 323.3704 562.1228
332 479.0651 353.6809
333 456.6472 374.9115
334 433.5376 399.1435
335 305.7470 679.5807
336 351.1549 386.6071
337 368.5545 346.3579
338 387.8095 306.7527
339 418.7342 491.2646
340 458.9260 520.9075
341 345.6358 466.2378
342 450.1367 467.7251
343 324.5407 490.4862
344 305.2781 553.0291
345 477.5164 539.0164
346 441.2151 530.6104
347 414.4528 531.3447
348 380.4324 519.8228
349 357.2711 505.9153
350 340.6026 492.5505
351 304.5071 459.7956
352 464.4012 577.2367
353 467.7526 468.3705
354 262.4132 564.7709
355 326.8902 523.3674
356 520.2956 510.5144
357 328.7106 478.9919
358 326.5371 563.7538
359 437.4188 478.0289
360 310.6897 541.1459
361 478.2388 635.8952
362 348.0493 459.5943
363 296.8812 526.4141
364 388.9295 708.9018
365 387.3947 730.0084
366 487.5540 587.7283
367 421.0183 690.8581
368 505.2754 468.9165
369 294.8665 745.5200
370 261.4754 568.2981
371 340.1223 540.9613
372 484.2855 502.9859
373 403.1979 479.2169
374 387.3284 476.9403
375 313.2973 658.2488
376 452.3173 613.7198
377 258.5258 759.6544
378 320.2437 753.7855
379 350.1542 745.3728
380 372.9493 472.2914
381 360.0598 466.0154
382 351.9392 462.2837
383 484.5222 468.0917
384 365.7129 452.3594
385 381.9621 452.0535
386 396.8292 454.8138
387 411.5107 460.9689
388 420.7260 467.4783
389 525.0805 465.2712
390 414.8468 479.1896
391 310.4680 608.2429
392 301.9017 567.2640
393 276.2339 594.1470
394 356.0228 725.5544
395 326.2129 736.4299
396 259.7311 748.2993
397 420.3177 709.5394
398 353.5569 456.1432
399 307.6029 492.0774
400 289.8710 759.1163
401 471.5027 627.0781
402 279.3169 643.0823
403 280.3946 648.0103
404 280.7830 655.8294
405 280.4871 666.0722
406 283.8792 684.5341
407 307.5330 648.7191
408 312.1848 648.6305
409 317.6992 647.2746
410 337.5529 640.3520
411 421.7232 616.5208
412 314.5654 473.8317
413 335.8859 442.5017
414 346.7139 448.6899
415 305.1533 645.7178
416 415.2923 661.7816
417 319.0384 436.8635
418 289.8679 705.8373
419 296.3464 479.0340
420 312.2347 524.1776
421 259.4990 707.0482
422 339.7380 685.0653
423 338.1867 582.1712
424 315.9330 698.7783
425 382.0140 589.7205
426 351.1093 604.4595
427 391.7745 623.6179
428 260.2397 730.3241
429 321.6287 537.4233
430 353.0158 703.2513
431 323.5361 716.4429
432 359.9187 666.3656
433 440.2308 644.1713
434 384.1729 675.3371
435 451.6147 662.1072
436 360.7373 632.0736
437 317.1242 507.3784
438 297.1246 559.8798
439 309.3969 567.5701
440 291.2067 545.1934
441 353.0527 430.5848
442 383.3421 427.4401
443 408.4512 431.4596
444 429.4140 439.5197
445 443.7929 451.2546
446 450.3630 485.9618
447 500.0744 548.6825
448 428.9757 507.9955
449 408.2266 508.4844
450 384.0162 502.5073
451 362.5610 492.6495
452 346.7893 482.2032
453 336.1816 473.0063
454 508.9004 551.4489
455 308.7401 572.4587
456 301.1071 508.3986
457 282.8308 557.2743
458 272.4149 563.9972
459 283.2031 560.4427
460 303.0508 576.8537
461 268.3403 564.8337
462 267.4162 568.5434
463 340.8159 459.0235
464 328.9988 460.5493
465 321.4652 461.8564
466 426.3328 471.8978
467 437.8877 467.0224
