# Image: /home/yaroslav/Projects/Diia.AIContest-AdAstrum/fixtures/FLUXSynID-processed/00bffa3b186b/00bffa3b186b_f_live_0_e_d1.jpg
# Mode: stream
# Status: fail
# Errors: image_blurry_or_out_of_focus: Image is blurry (sharpness score: 36.51); strong_shadows_on_face: Strong shadows or uneven lighting detected (difference: 96.4); face_not_looking_straight_at_camera: Head is turned 173.7째 (max: 15.0째); head_is_tilted: Head is tilted 19.2째 (max: 10.0째); face_too_small_in_frame: Face occupies only 44.6% of frame (min: 50.0%)

# 2D Landmarks (index x y)
0 321.6072 640.3926
1 316.3241 582.6120
2 317.2466 598.3188
3 291.5551 509.7349
4 314.0798 561.2272
5 310.6964 530.9045
6 302.2684 455.3033
7 160.6045 455.8789
8 295.4083 396.4791
9 292.1646 366.5992
10 280.6187 261.9865
11 322.5572 650.0501
12 323.2325 656.6363
13 323.4916 658.3815
14 324.3455 664.4193
15 325.4547 673.6426
16 326.7883 684.6940
17 328.0492 695.6283
18 329.4930 708.7433
19 317.0156 592.0746
20 298.4237 589.5201
21 81.6543 372.3533
22 220.5187 470.5014
23 201.2100 473.7049
24 182.2191 474.0076
25 155.0230 463.0833
26 236.0142 463.9892
27 186.3282 420.1219
28 207.6989 419.7509
29 167.1149 424.6652
30 155.0628 432.5585
31 141.7682 477.0596
32 263.5782 738.1914
33 152.7956 450.5832
34 85.9476 463.7492
35 118.5106 462.4774
36 215.5355 559.6566
37 296.5954 638.5937
38 301.6319 657.2859
39 271.9559 644.6160
40 256.9577 650.7959
41 283.4565 658.1334
42 269.5809 659.0554
43 237.3348 678.5164
44 300.0525 583.1701
45 295.3788 562.6423
46 121.0248 409.7156
47 248.6882 504.3451
48 252.8037 574.7874
49 250.2684 562.4231
50 157.9610 558.7635
51 293.2138 534.4693
52 162.4214 385.4303
53 137.0009 394.0097
54 93.8572 335.5493
55 251.0027 395.9065
56 226.8448 425.1146
57 220.3853 660.4263
58 136.0541 641.2473
59 267.8074 585.0675
60 284.9784 590.3528
61 239.1384 659.7120
62 247.9001 658.6942
63 124.0239 379.3923
64 252.7367 582.1115
65 198.9525 384.4033
66 193.1573 366.5520
67 165.5101 282.7109
68 108.9854 357.2818
69 181.3936 324.1781
70 108.1100 399.4956
71 94.8163 387.2751
72 298.9009 649.8123
73 278.4496 653.1991
74 263.3388 655.3773
75 273.0511 587.8155
76 243.6526 659.4445
77 252.7725 664.9587
78 249.9985 657.5949
79 278.1821 580.8316
80 273.1372 656.8236
81 287.4592 657.8488
82 304.3786 658.5922
83 303.6660 710.8980
84 302.9875 696.0462
85 302.5716 684.2414
86 302.8186 673.0810
87 303.7299 665.1640
88 270.4158 662.5006
89 267.7281 665.4358
90 264.1610 671.3129
91 261.4580 678.2165
92 238.9480 630.2207
93 101.0455 545.5116
94 317.0299 594.3354
95 260.9354 660.9572
96 257.0338 662.3035
97 292.6205 599.1639
98 260.4608 592.5671
99 289.0179 595.0317
100 229.8497 517.2503
101 199.8133 533.2042
102 247.8783 570.3425
103 119.8146 305.2247
104 135.8306 335.2754
105 152.8608 367.7117
106 255.2433 691.8117
107 241.2531 367.7031
108 230.4242 319.6176
109 217.6829 269.5876
110 165.3709 470.6996
111 123.5089 492.7629
112 245.5486 457.9272
113 135.0217 437.8623
114 260.8365 490.4528
115 264.2390 568.6873
116 105.9860 506.1760
117 138.3724 507.9151
118 164.2851 514.9366
119 200.8957 509.3071
120 227.0450 498.7675
121 245.7973 487.8069
122 284.1414 462.1822
123 114.8758 549.2056
124 118.4434 434.0503
125 307.2877 591.8588
126 252.8551 526.2238
127 81.5761 456.9184
128 259.4576 475.8478
129 246.0426 569.7979
130 147.4104 451.7673
131 261.7356 553.4346
132 115.0807 592.7331
133 244.1409 450.0021
134 276.8591 542.0030
135 182.1205 693.5338
136 188.1294 709.3115
137 99.6140 549.5320
138 154.7094 667.8626
139 89.4376 422.5529
140 263.9854 753.4076
141 309.3717 594.0242
142 237.0442 541.7842
143 103.0578 465.9774
144 181.6707 461.9720
145 199.2688 462.5295
146 248.5807 668.7124
147 124.8241 588.3829
148 300.0736 772.1324
149 244.9865 749.7167
150 219.6984 733.5217
151 286.5954 315.3259
152 336.3147 772.0200
153 215.7504 459.6988
154 230.7392 455.0256
155 239.9949 452.2141
156 104.1577 428.8579
157 225.3553 436.1528
158 207.4486 431.4479
159 189.8049 431.8441
160 172.7805 436.6678
161 162.6294 442.8804
162 77.8054 410.3539
163 169.3712 459.2375
164 318.5305 610.8612
165 254.9664 619.8667
166 267.2698 582.9161
167 291.8056 614.1336
168 298.7041 424.7239
169 210.7267 717.4639
170 236.6477 735.3630
171 296.9825 765.6284
172 161.2898 680.5040
173 238.2387 444.4087
174 275.0504 498.4412
175 335.6755 764.3799
176 270.8988 763.5795
177 112.8768 592.5088
178 285.4858 664.1540
179 283.1515 669.7899
180 281.2133 678.6380
181 280.3164 689.2339
182 277.0519 703.5454
183 256.5824 658.8608
184 250.6506 657.6060
185 244.8659 654.8784
186 225.8976 644.1928
187 149.8637 600.7772
188 272.6011 475.0286
189 256.7000 433.3628
190 245.5039 438.3373
191 260.6253 655.9143
192 156.4109 644.5568
193 273.5383 430.4642
194 269.4877 720.6463
195 307.8152 505.3042
196 287.6316 487.4301
197 305.1595 481.4542
198 265.0799 532.7498
199 334.0500 749.2339
200 331.6858 727.8298
201 300.0782 730.0738
202 222.8572 686.3773
203 232.2123 586.1491
204 244.6870 705.9884
205 188.0218 584.8436
206 216.8902 606.2962
207 176.5943 615.9547
208 296.7957 751.1326
209 254.7431 543.6860
210 211.1138 699.6480
211 237.5102 719.5797
212 204.1137 663.6946
213 135.6575 620.4088
214 182.7621 665.9988
215 129.6249 631.7500
216 204.9467 630.6882
217 264.2049 512.0718
218 271.6296 578.2106
219 259.2952 581.6422
220 278.8075 565.1056
221 238.0779 416.6373
222 204.8901 408.2396
223 177.2108 408.4179
224 154.9344 413.0012
225 140.5458 422.2607
226 135.1645 456.8077
227 90.0230 506.8635
228 153.6048 486.0835
229 174.5512 491.4263
230 200.3961 489.7239
231 224.1034 483.1368
232 241.8752 474.8862
233 253.8062 467.2014
234 90.8865 500.6549
235 260.1818 585.5516
236 277.3368 519.4986
237 285.9464 580.2244
238 297.3725 587.9036
239 286.1157 582.2313
240 266.0874 590.3423
241 301.2032 590.3907
242 303.1218 592.7731
243 251.0099 451.1401
244 262.3994 454.9932
245 268.9884 458.5971
246 156.8915 447.2764
247 146.5233 440.2898
248 324.6492 506.3642
249 439.7296 426.1413
250 333.9807 586.0393
251 495.3380 329.7187
252 384.9030 453.0328
253 404.4748 452.3055
254 422.8339 448.7443
255 446.2545 432.1724
256 368.1905 449.9660
257 406.8959 396.0980
258 385.9752 400.3730
259 426.6651 396.5559
260 440.0330 401.9268
261 461.8370 443.7135
262 399.2054 724.0203
263 445.9370 419.0724
264 509.9585 419.7946
265 480.4482 424.6212
266 408.6792 540.2177
267 345.4081 633.9502
268 344.3079 653.2395
269 370.3828 635.0885
270 385.8417 638.4997
271 361.8706 650.7500
272 375.1697 649.0694
273 410.4594 661.6047
274 332.1304 579.9849
275 332.6446 558.8827
276 467.5854 372.2168
277 364.8155 492.4745
278 375.4181 562.7897
279 375.3474 550.0742
280 464.1287 527.6696
281 328.5593 530.8093
282 422.5831 356.6030
283 449.0628 359.7528
284 476.7882 296.1221
285 338.4959 386.1120
286 368.4697 409.8883
287 422.6847 640.7833
288 495.4868 603.2848
289 362.6033 575.8789
290 347.0675 584.4580
291 403.9606 644.1707
292 395.1776 644.7894
293 458.4207 342.9653
294 376.6844 570.1097
295 386.6979 363.5169
296 388.4525 344.8768
297 396.6641 258.9199
298 467.7019 319.4055
299 390.6010 302.0241
300 477.5240 359.8759
301 486.9358 346.2230
302 345.4538 645.3968
303 365.8094 644.8337
304 380.6396 644.2032
305 358.0294 579.7271
306 399.4045 644.7280
307 392.1929 651.5829
308 392.7903 644.1043
309 352.1209 573.6300
310 371.1228 647.5330
311 357.9281 651.2548
312 342.0939 655.0457
313 355.0455 705.7818
314 352.3103 691.1088
315 350.0317 679.5435
316 347.2159 668.8096
317 344.3629 661.1499
318 375.1363 652.3570
319 378.4443 654.7419
320 383.1500 659.7963
321 387.2846 665.9353
322 399.4482 614.5069
323 509.0346 502.8732
324 383.2981 649.2352
325 387.5357 649.8729
326 341.2544 594.4572
327 371.0576 581.9906
328 343.9717 589.7536
329 386.0436 501.4220
330 418.7152 511.0229
331 379.1168 557.5643
332 445.5731 271.4736
333 437.2434 303.2330
334 427.8975 337.4563
335 396.5698 677.7324
336 341.9953 356.4930
337 342.1295 307.9579
338 343.3605 256.7093
339 438.3100 441.9995
340 482.4895 455.6916
341 357.5108 445.9856
342 460.0462 403.0720
343 350.1225 481.2631
344 363.4505 558.9378
345 501.3146 465.2980
346 471.9268 473.6853
347 448.9713 485.8543
348 412.4049 487.6671
349 384.7176 482.4857
350 364.0167 475.5819
351 321.4290 458.2352
352 501.8402 509.3748
353 474.7500 396.2110
354 326.5135 589.9099
355 365.4366 514.9199
356 510.6114 412.4509
357 348.0871 466.6127
358 380.5344 556.7148
359 451.0906 419.2565
360 362.6165 543.5388
361 505.1648 551.8241
362 357.0003 437.7912
363 345.9022 534.9381
364 465.7764 663.6797
365 462.1144 679.8802
366 514.0034 506.2941
367 485.8418 633.0688
368 498.6061 379.9347
369 402.0005 738.5902
370 324.4556 592.5789
371 383.9900 527.0791
372 495.3438 425.1105
373 420.9727 436.7377
374 404.0494 440.8537
375 397.1286 654.4498
376 499.9238 549.6186
377 371.4495 764.4220
378 418.3142 730.9240
379 438.1506 709.9757
380 387.2869 441.5504
381 371.4544 439.8729
382 361.6803 439.1038
383 486.8825 388.3893
384 372.5920 420.2166
385 389.1484 411.7261
386 406.4487 408.3834
387 424.0601 409.4703
388 435.0914 413.4694
389 505.8094 366.3473
390 432.2165 431.4655
391 381.9807 607.4902
392 362.8179 573.6510
393 345.2550 608.8898
394 444.0047 692.8270
395 423.3082 715.3688
396 373.4269 757.4571
397 480.5413 646.5810
398 361.6656 431.0701
399 338.2024 491.9966
400 397.2973 749.8834
401 509.4945 550.9514
402 361.4431 656.6998
403 365.1646 661.8386
404 369.0431 669.9617
405 372.3168 680.1621
406 378.7522 693.2862
407 387.2332 646.4706
408 392.6935 644.2402
409 397.8306 640.4109
410 414.4687 625.8860
411 479.4695 567.1291
412 335.3707 468.4730
413 341.0632 424.1866
414 353.0142 426.7032
415 382.4428 644.5153
416 480.9860 611.0816
417 324.3547 425.0387
418 389.5620 708.1135
419 323.5622 483.6644
420 355.0500 523.7260
421 362.8050 723.5054
422 426.3011 665.8817
423 397.4005 569.8274
424 409.7507 689.1706
425 440.4716 559.3323
426 416.4113 586.4363
427 457.3955 587.5192
428 370.7153 743.4036
429 367.1088 532.6021
430 440.4564 675.8855
431 419.5158 700.5316
432 439.6488 639.9571
433 495.5325 583.2534
434 460.3708 637.4828
435 501.7121 592.6399
436 432.4751 608.0943
437 351.4434 503.2656
438 358.0995 569.7613
439 370.4630 570.8601
440 348.9257 558.2093
441 355.4198 403.7908
442 385.9659 388.3834
443 413.0849 382.7247
444 435.8120 382.5642
445 451.6534 388.6616
446 463.7584 422.0896
447 514.6645 462.7124
448 452.7857 454.9229
449 433.8950 464.5501
450 408.5216 468.1139
451 384.0583 466.3397
452 364.9502 461.9108
453 351.5625 456.8429
454 509.9801 456.9555
455 370.1447 574.9939
456 340.5226 513.0145
457 345.0776 574.3469
458 335.0811 584.1944
459 344.9499 576.3873
460 365.2907 580.9387
461 332.0675 587.3320
462 330.2110 590.0332
463 350.6034 440.4212
464 340.3047 446.6656
465 335.0194 451.6595
466 441.3431 416.6152
467 449.5772 407.6785
