# Image: /home/yaroslav/Projects/Diia.AIContest-AdAstrum/fixtures/FLUXSynID-processed/0035acaa26a0/0035acaa26a0_f_live_0_p_d1.jpg
# Mode: stream
# Status: fail
# Errors: strong_shadows_on_face: Strong shadows or uneven lighting detected (difference: 40.7); face_not_looking_straight_at_camera: Head is turned 174.1째 (max: 15.0째); head_is_tilted: Head is tilted 14.3째 (max: 10.0째); face_too_small_in_frame: Face occupies only 44.8% of frame (min: 50.0%)

# 2D Landmarks (index x y)
0 283.7871 659.4686
1 284.9621 604.3760
2 286.2469 620.2858
3 277.2089 537.1480
4 286.2715 584.9953
5 289.2728 558.3913
6 298.2693 492.2450
7 172.0771 466.7586
8 303.2499 442.9672
9 305.1525 416.0150
10 315.1362 313.5818
11 283.4016 667.5898
12 283.7527 672.2193
13 284.5507 672.7715
14 283.8719 674.2904
15 283.5093 679.7907
16 283.1557 686.8900
17 283.0890 694.7484
18 283.2753 709.0339
19 284.9407 613.1581
20 271.2940 608.4012
21 114.0688 379.1364
22 222.9367 492.3190
23 204.1446 490.9695
24 187.0515 487.1080
25 166.1313 473.1565
26 239.0472 489.8341
27 201.7288 443.7053
28 221.4434 447.0037
29 183.8655 444.1325
30 171.8681 448.1739
31 149.9066 482.8720
32 218.4111 731.1249
33 166.7674 461.1953
34 100.8075 462.0186
35 130.9254 466.2769
36 203.4123 568.9999
37 262.8534 654.5795
38 265.9096 669.3603
39 241.9094 655.8418
40 228.2843 659.1315
41 250.7618 667.7408
42 238.5289 666.4022
43 207.3048 677.3048
44 270.8106 601.9863
45 269.7910 583.1840
46 143.1992 423.2562
47 243.5141 526.5149
48 234.8116 588.6056
49 235.5657 577.5092
50 148.4755 558.1744
51 273.3841 558.5105
52 184.9925 410.5719
53 160.3367 412.9925
54 131.3798 347.8147
55 263.9604 435.0503
56 238.6732 454.7004
57 193.7325 661.3046
58 115.0659 633.3852
59 246.8252 600.3764
60 261.0033 607.7753
61 213.3283 663.4863
62 220.6153 663.0872
63 150.8321 397.6064
64 234.5927 595.4064
65 218.5090 416.2402
66 215.6978 398.6733
67 204.7905 312.0695
68 141.1134 371.7874
69 211.9226 354.3083
70 132.6959 411.6619
71 122.9111 396.1532
72 263.6773 664.0022
73 246.7278 663.7640
74 233.4924 663.3792
75 251.3630 603.7340
76 217.1001 663.5182
77 224.4520 666.5096
78 222.4845 662.4121
79 254.3810 597.4015
80 242.3261 664.7655
81 254.8834 667.2737
82 268.9012 670.1583
83 261.5114 707.2256
84 263.3771 691.7900
85 264.2787 683.1187
86 265.2585 676.7244
87 266.8608 671.9243
88 239.0385 666.4759
89 236.8122 667.5292
90 233.7254 670.8093
91 230.7247 675.5385
92 214.1372 637.1807
93 101.1742 540.6438
94 285.6644 615.5092
95 231.0903 664.8835
96 228.0110 665.0727
97 265.8168 616.9127
98 240.2659 606.4096
99 263.4930 612.6437
100 223.9742 534.7763
101 192.6038 543.1415
102 232.7014 584.2734
103 159.6826 324.7573
104 169.1950 356.7235
105 179.0399 392.4451
106 221.5184 688.1002
107 258.9674 407.7413
108 257.2452 358.2336
109 254.8842 309.2131
110 173.1876 481.2970
111 129.0848 493.6060
112 249.5648 486.5144
113 151.7427 448.5454
114 256.5415 516.0216
115 244.2553 584.5022
116 109.9725 502.6544
117 139.7737 509.8387
118 162.5462 520.7169
119 197.9000 522.4540
120 224.3157 518.1494
121 243.8928 511.8082
122 281.1112 495.0721
123 109.8116 543.0678
124 136.2551 442.4494
125 276.6798 611.1984
126 244.0852 546.4904
127 99.9281 456.6615
128 258.6485 503.5464
129 232.1584 584.1309
130 161.6064 462.2027
131 245.7445 571.1073
132 104.8650 586.0131
133 250.7953 478.7722
134 259.0519 562.7727
135 146.5647 683.7664
136 149.8953 700.9055
137 96.9979 541.9150
138 124.9467 657.2710
139 111.4882 425.9586
140 215.3591 745.8182
141 279.2547 614.0958
142 227.4224 557.6000
143 115.6002 466.6902
144 188.6162 476.1043
145 204.1174 480.6066
146 220.5179 669.4310
147 111.6644 580.2913
148 246.5622 769.2399
149 197.7893 743.1652
150 175.9395 726.2180
151 309.9522 364.5035
152 280.6655 775.8490
153 220.1807 481.7578
154 235.6888 480.8098
155 245.7546 480.3025
156 123.5944 435.1958
157 235.8063 461.1103
158 220.0124 452.7833
159 203.3139 449.3737
160 186.7743 450.7290
161 176.6809 454.8177
162 104.0822 413.2795
163 178.5234 471.2309
164 285.8201 632.1448
165 230.4801 630.1789
166 246.0176 598.1798
167 262.5746 630.6568
168 301.5616 466.5531
169 170.2466 708.5993
170 192.2873 727.2844
171 244.0792 760.5841
172 130.3009 672.1769
173 246.3730 471.8880
174 266.4416 524.8206
175 280.0399 766.0933
176 220.4416 758.0594
177 101.1970 583.1885
178 251.5824 668.9378
179 249.2060 671.8972
180 247.2108 676.9633
181 245.4383 684.4683
182 239.5421 698.4973
183 227.4792 664.8011
184 222.5832 663.6494
185 217.8831 660.9823
186 200.2118 648.1187
187 132.7605 594.7400
188 269.1862 504.3114
189 264.3775 466.7379
190 253.7544 469.0879
191 231.6064 662.6378
192 131.1424 635.6521
193 278.6674 467.1490
194 227.8169 715.1424
195 292.2481 536.0489
196 278.6793 517.2348
197 295.1363 515.1164
198 252.6276 553.7101
199 280.4022 750.3056
200 281.8078 728.8917
201 253.7885 726.3184
202 189.4371 682.5156
203 215.9040 595.9023
204 207.4672 700.9746
205 172.2248 586.0622
206 196.8735 610.9244
207 155.5595 612.2828
208 246.4421 746.2748
209 243.1196 562.3636
210 174.7632 692.0621
211 196.9068 712.4421
212 175.0131 660.8634
213 115.8637 611.3258
214 153.1256 658.5222
215 108.8040 621.3249
216 181.1750 631.8269
217 255.6108 535.3654
218 248.9102 593.8372
219 239.1105 595.7098
220 255.9456 583.0081
221 250.0689 450.0654
222 220.3361 437.7970
223 195.0770 433.2617
224 174.2429 432.5332
225 159.7028 437.1227
226 148.1774 464.4086
227 96.4182 501.4535
228 159.0357 492.9862
229 176.7232 501.4571
230 200.8740 505.0998
231 224.3019 504.0374
232 242.6767 500.1975
233 255.4669 495.4884
234 100.6970 498.2160
235 240.1658 599.5934
236 263.9285 543.4547
237 259.7516 597.3123
238 269.5633 606.2801
239 260.4190 599.4756
240 245.1093 604.9382
241 271.7352 609.0083
242 274.3787 611.8834
243 256.5439 481.4066
244 265.8946 486.3485
245 270.2546 490.1811
246 171.1178 458.1799
247 162.7809 452.6323
248 307.6573 540.2888
249 438.7352 493.6390
250 301.8406 611.6544
251 527.2686 421.0109
252 381.4472 508.3281
253 400.9295 511.0266
254 419.6409 510.8976
255 444.7930 501.4427
256 365.2057 502.4740
257 410.7221 463.4755
258 390.0237 462.7793
259 429.1455 467.7811
260 441.6197 474.5816
261 460.8702 515.0920
262 346.9131 746.4277
263 445.7932 489.1637
264 525.6904 506.5697
265 485.5396 502.9804
266 385.4428 588.3034
267 305.7662 659.2971
268 302.9118 673.4394
269 328.3312 665.6241
270 343.7677 672.1588
271 319.4898 675.6203
272 333.6115 677.1046
273 365.9712 695.1805
274 299.8803 605.1411
275 303.6345 586.5676
276 476.6997 456.0823
277 352.0161 537.6869
278 344.2664 600.2786
279 346.6558 589.2321
280 446.5829 590.2453
281 305.6690 561.8186
282 430.9265 433.4142
283 457.9368 441.5676
284 509.8852 385.1962
285 344.2356 442.5232
286 371.5271 467.1946
287 381.8632 682.3050
288 487.6717 675.9116
289 330.2722 609.3423
290 314.5395 613.4937
291 361.3056 679.8833
292 354.3986 677.8979
293 471.8933 428.4047
294 344.7237 607.2501
295 393.6016 432.3665
296 398.9470 415.3818
297 429.6590 333.4859
298 490.5344 406.0548
299 412.1994 372.9534
300 491.4555 447.2431
301 509.4429 435.1306
302 304.3709 668.5853
303 323.0169 672.3819
304 338.2270 675.2412
305 325.4933 611.7159
306 357.4556 679.0012
307 348.8585 680.2042
308 352.9942 676.9225
309 320.3811 604.4768
310 331.1780 674.6067
311 317.0019 674.2560
312 301.3772 673.8352
313 305.4298 712.2679
314 303.5853 696.2462
315 303.1675 687.4997
316 302.6452 680.9741
317 301.9506 675.9731
318 333.4287 676.9662
319 335.3770 678.3976
320 337.9904 682.2482
321 340.5216 687.7797
322 361.5260 653.4952
323 519.8907 586.1261
324 342.8222 677.2933
325 345.4876 678.0762
326 307.8529 621.3728
327 337.8851 616.8435
328 310.9612 617.5314
329 371.1625 550.0691
330 402.0686 565.2495
331 349.5292 596.6934
332 479.0347 355.3941
333 459.9823 384.4079
334 440.4163 416.7017
335 349.4419 702.7411
336 352.6034 416.3235
337 363.7747 368.3194
338 376.7985 320.6719
339 435.6274 508.0754
340 481.7222 530.7700
341 354.9117 496.9661
342 464.2015 479.9021
343 339.7952 524.5474
344 333.1983 594.0280
345 502.3638 544.4340
346 465.6949 544.1806
347 438.6587 549.6933
348 401.2201 543.7260
349 374.6643 533.6090
350 355.4475 523.1039
351 315.8633 498.4493
352 494.6474 584.6079
353 482.6904 477.5210
354 293.8223 613.0250
355 346.7187 557.0450
356 534.6233 502.1987
357 341.2392 511.8227
358 351.9140 596.7719
359 451.5133 491.3214
360 335.5366 580.5330
361 507.5758 630.8861
362 355.6928 489.0801
363 321.2794 569.2834
364 435.0995 717.4323
365 433.8024 734.4644
366 515.5081 587.4886
367 464.1264 696.1813
368 518.7532 467.8192
369 349.5159 761.9333
370 292.4282 615.4205
371 362.6868 571.7149
372 503.7237 507.1483
373 419.1950 499.4365
374 402.3794 500.5441
375 352.6184 684.0103
376 487.0000 621.4801
377 315.9684 777.6866
378 372.5441 764.4287
379 399.8947 753.1336
380 385.8264 498.2610
381 370.3168 494.1210
382 360.3756 491.6656
383 499.2692 473.5144
384 374.5257 474.6670
385 392.3595 469.4580
386 409.5708 469.7292
387 426.0462 474.5281
388 435.6938 480.6854
389 534.7745 457.6487
390 430.8132 496.7160
391 344.5302 642.4779
392 330.7366 607.2778
393 309.6708 635.7520
394 404.9548 736.4682
395 377.6974 749.5793
396 316.7819 769.3760
397 462.1480 710.5903
398 361.3810 483.2620
399 324.6633 530.7609
400 345.1517 773.1061
401 504.2246 627.9193
402 318.9394 676.5248
403 320.7956 679.9685
404 322.2149 685.2866
405 323.4185 693.2018
406 329.2881 708.9140
407 346.4324 677.9501
408 351.0299 677.8718
409 355.9528 676.2789
410 375.5878 667.4558
411 458.9292 630.5319
412 327.6475 510.2393
413 342.2665 474.1334
414 353.6014 478.6539
415 343.3787 675.0521
416 456.7875 672.3053
417 325.6019 471.6465
418 339.1112 728.2692
419 311.9075 520.6617
420 333.6364 562.0327
421 310.3839 733.0858
422 384.3697 704.9199
423 367.1830 611.9932
424 362.8629 719.1735
425 415.3475 612.3571
426 384.8687 631.4081
427 429.9894 642.6122
428 314.9798 754.4445
429 343.7004 572.7233
430 400.1064 718.3400
431 373.0725 733.3672
432 402.1657 686.5046
433 478.3746 651.6253
434 427.8021 689.8355
435 489.2304 664.2203
436 398.7998 655.8898
437 335.4480 543.5064
438 326.3140 602.2028
439 338.1957 606.3454
440 319.3163 589.7667
441 358.6572 460.3790
442 390.4296 453.7726
443 417.4333 454.1721
444 440.0484 458.3128
445 456.0439 466.1856
446 466.4183 496.8809
447 523.4545 547.1431
448 448.5897 522.9636
449 427.9831 527.6094
450 401.8241 525.8852
451 377.7260 519.6275
452 359.5397 512.0194
453 346.9880 504.5928
454 527.9162 543.7991
455 337.5672 610.1072
456 321.7143 549.4255
457 312.9579 602.9749
458 302.8396 609.8438
459 312.9930 605.1090
460 332.1941 614.3735
461 299.4844 611.8605
462 297.9261 614.3784
463 348.7211 490.4543
464 337.6575 493.3139
465 331.2915 496.0933
466 441.3131 485.2186
467 451.2024 481.2736
