# Image: /home/yaroslav/Projects/Diia.AIContest-AdAstrum/fixtures/FLUXSynID-processed/00863bfc8329/00863bfc8329_f_live_0_a_d1.jpg
# Mode: stream
# Status: fail
# Errors: image_blurry_or_out_of_focus: Image is blurry (sharpness score: 34.27); face_not_looking_straight_at_camera: Head is turned 178.5째 (max: 15.0째); head_is_tilted: Head is tilted 32.2째 (max: 10.0째)

# 2D Landmarks (index x y)
0 294.8735 626.0469
1 288.7082 558.2273
2 293.7005 583.5551
3 277.4332 484.1314
4 289.0164 533.9573
5 291.7166 504.1977
6 300.0209 434.2087
7 159.9064 435.9832
8 303.4192 382.7874
9 304.3883 352.9073
10 310.2318 248.5783
11 295.3236 636.9971
12 296.2737 644.6768
13 297.3610 646.4486
14 298.6962 710.1692
15 298.0773 719.5635
16 297.5643 730.5737
17 297.2518 743.2705
18 296.9096 759.3108
19 289.6973 571.7614
20 272.1487 570.9778
21 101.8651 364.6375
22 218.7666 453.4370
23 198.2833 455.0024
24 178.5090 454.2219
25 151.4279 444.3247
26 235.9684 448.3099
27 191.0758 394.6091
28 213.5370 396.2513
29 169.6781 398.8954
30 155.5207 408.2241
31 135.6135 458.8907
32 213.8388 774.9426
33 152.4829 431.8137
34 88.0363 458.8702
35 116.3913 447.9345
36 190.0961 540.4134
37 260.0550 621.8517
38 264.6256 643.5915
39 226.5067 627.3082
40 206.8184 635.2920
41 240.1504 644.1754
42 222.4195 646.7599
43 186.4040 686.2587
44 271.1925 557.7630
45 269.2320 534.4356
46 128.1421 390.0501
47 238.9394 486.8537
48 224.3706 551.2760
49 224.5867 539.2436
50 129.8503 536.6362
51 272.8840 506.7097
52 175.0766 362.2679
53 147.1450 371.5359
54 119.8658 322.3031
55 262.0761 378.7735
56 232.9945 404.4373
57 170.6388 653.6348
58 110.6096 671.9531
59 239.8981 564.5309
60 257.3383 572.7950
61 183.4759 655.5439
62 195.1469 657.4036
63 137.8616 358.8256
64 223.1390 560.7279
65 212.7042 362.9902
66 209.4386 345.1297
67 195.2591 263.0243
68 129.1876 339.9510
69 204.0694 301.6974
70 118.4536 382.1424
71 110.1762 374.6256
72 261.5004 634.7892
73 233.6536 637.5812
74 214.2390 640.9935
75 244.8433 568.8677
76 188.7830 656.4010
77 200.3947 678.4693
78 200.2200 657.9111
79 250.9074 558.1784
80 227.6584 645.1092
81 245.6061 644.1346
82 268.4797 645.3269
83 259.6847 756.4608
84 260.4729 738.7816
85 262.1981 726.1633
86 265.0201 714.9948
87 268.5110 706.8312
88 226.1894 689.2585
89 221.3598 691.7015
90 214.5848 696.5039
91 209.6773 702.7412
92 195.6208 616.0825
93 93.1642 562.4821
94 291.4960 577.7653
95 214.7005 678.6858
96 206.7849 677.8866
97 263.9529 582.8249
98 229.4698 574.0204
99 260.7150 578.0873
100 215.7311 498.5830
101 179.9281 511.3336
102 220.4319 549.1727
103 148.9942 287.4134
104 158.8920 314.4985
105 169.0345 345.7759
106 204.0997 713.6515
107 255.8895 349.1166
108 251.7192 298.6780
109 247.1219 251.6350
110 161.2036 451.0477
111 114.5046 474.5555
112 246.8287 442.4328
113 135.8782 418.9213
114 254.1845 472.5463
115 237.6299 543.3792
116 94.7124 492.2313
117 125.6897 485.9258
118 149.5664 491.2632
119 188.4411 488.9086
120 218.5417 481.4198
121 240.9749 471.5811
122 280.7643 440.9810
123 91.1458 535.2440
124 121.4969 417.6984
125 279.3511 570.7064
126 236.8819 507.3767
127 89.1021 462.6807
128 256.8027 459.4376
129 219.0495 550.6335
130 145.4039 433.1210
131 238.4104 528.7908
132 97.8939 615.7732
133 247.1355 434.7512
134 255.6091 515.6171
135 141.2014 715.5979
136 149.1527 746.2178
137 81.3831 550.8670
138 117.5177 687.3947
139 98.7270 413.9263
140 213.0901 796.6041
141 283.0102 576.7646
142 216.5651 522.8917
143 101.6069 454.1601
144 180.6164 441.0647
145 198.6721 442.2968
146 194.7922 680.1280
147 91.8851 581.3947
148 250.9010 830.1221
149 195.9029 796.1276
150 174.9076 774.8519
151 307.0300 299.0573
152 294.9475 836.7502
153 215.7815 441.4270
154 232.0276 438.6937
155 242.2972 436.8253
156 109.6959 415.2224
157 229.8716 421.0571
158 212.5739 415.6566
159 195.3014 414.2886
160 177.3318 417.7317
161 165.2503 423.6697
162 92.1660 408.6433
163 168.4095 438.7222
164 294.7620 597.9469
165 216.1528 604.0544
166 239.4740 561.3483
167 260.1183 598.9448
168 302.5757 408.8901
169 166.1587 745.9722
170 189.1917 770.5031
171 247.8823 816.1287
172 128.7629 715.7232
173 241.6116 429.1364
174 264.7174 476.6128
175 293.8640 821.7337
176 219.3830 815.4750
177 85.8470 600.8301
178 244.8741 699.4446
179 239.7854 704.9066
180 234.7952 713.4328
181 231.1840 724.2455
182 226.5188 738.4200
183 205.7638 649.9898
184 198.0633 646.8432
185 191.7852 642.9562
186 178.5921 631.7520
187 113.2137 589.0469
188 268.1821 455.6710
189 262.1476 416.7219
190 250.2708 420.7690
191 212.6595 647.7444
192 116.3464 648.6215
193 277.3604 413.6055
194 220.3339 753.9597
195 294.7327 480.3775
196 278.8040 463.8063
197 297.3435 458.4277
198 247.4277 510.9314
199 294.3068 800.6463
200 295.6386 776.9904
201 254.4853 773.4901
202 177.1238 695.3541
203 202.7178 569.1674
204 196.4322 727.5061
205 155.5585 566.8814
206 182.7386 591.6063
207 139.1812 603.5954
208 248.8729 796.2639
209 234.5776 523.3394
210 166.5339 716.3100
211 190.4102 745.9361
212 160.1202 660.5437
213 98.5883 622.2699
214 139.9472 670.2758
215 97.4160 647.3138
216 165.2449 617.4868
217 251.5793 492.2520
218 243.9387 553.9782
219 230.3756 559.0579
220 252.3914 537.9694
221 246.8396 397.4698
222 213.6420 384.4410
223 184.1471 382.5268
224 159.8412 387.7984
225 143.1804 399.7588
226 133.3253 440.4676
227 82.4291 504.1547
228 145.7181 466.2472
229 166.4706 470.9250
230 193.4346 471.0080
231 219.6489 466.7352
232 240.0118 459.6217
233 253.5324 452.0175
234 91.2030 512.5586
235 230.9565 564.5700
236 261.6473 495.5127
237 257.6537 554.9029
238 270.2292 567.3789
239 258.8009 559.2623
240 236.0741 571.2146
241 273.2542 569.3616
242 276.4640 574.8399
243 254.1474 435.1672
244 264.1564 439.2996
245 268.9330 441.7313
246 158.0047 428.1054
247 145.9694 419.3284
248 313.1997 484.3395
249 463.4194 435.1966
250 313.6415 571.7358
251 550.3555 363.0249
252 398.8492 452.5888
253 420.1949 454.1910
254 441.5616 453.8361
255 473.3770 443.6501
256 381.2017 447.5705
257 428.1675 393.0181
258 404.6514 394.9695
259 451.5247 397.1992
260 467.6859 406.5718
261 490.2640 459.0153
262 385.3190 778.8122
263 472.5637 430.6567
264 559.5650 459.1878
265 515.3840 447.9732
266 416.7356 541.3981
267 332.6652 622.4973
268 331.3066 644.2205
269 372.4184 628.9997
270 398.2340 637.1570
271 360.3430 645.5713
272 383.1663 648.1185
273 425.9243 688.9257
274 307.4476 558.1105
275 310.4050 534.7138
276 499.4169 388.4607
277 368.4074 487.1337
278 369.3902 552.3271
279 371.8150 540.0612
280 485.5996 537.9582
281 311.7060 506.9965
282 443.2624 360.1062
283 475.7536 369.6223
284 526.1322 319.9262
285 347.9719 377.8551
286 384.9804 403.6022
287 444.1700 656.2884
288 534.2636 677.4998
289 353.2893 565.5703
290 333.8619 573.3672
291 431.3581 657.6431
292 420.2938 659.1753
293 488.6254 356.6544
294 373.3755 561.8363
295 401.2198 361.0284
296 405.4137 342.9470
297 433.7068 260.8908
298 506.5797 337.5676
299 416.9271 299.6405
300 513.6316 380.7960
301 531.6739 373.1692
302 332.4304 635.5437
303 365.8261 638.8746
304 390.9447 642.6015
305 348.7724 569.6526
306 426.2133 658.3126
307 411.5062 680.1525
308 416.0213 659.6569
309 335.9942 559.1295
310 379.6146 646.2156
311 356.4110 645.1456
312 329.7199 645.6258
313 336.9259 757.6507
314 336.9774 739.5152
315 335.6896 726.9004
316 333.8706 715.9481
317 331.4669 707.9147
318 382.4041 690.6078
319 386.7820 693.0137
320 393.0229 698.0758
321 397.6240 704.4089
322 409.9672 617.6710
323 562.1950 565.5579
324 397.5879 680.2907
325 405.0974 679.4786
326 326.4479 583.3984
327 368.3913 575.0463
328 329.7929 578.7181
329 393.0749 498.8910
330 430.8691 511.8538
331 378.1919 550.0206
332 488.7372 284.7992
333 470.1515 312.1704
334 451.6363 343.2901
335 403.3261 716.0524
336 355.0208 347.6145
337 364.8625 297.4213
338 376.2808 250.3485
339 461.3234 450.5187
340 513.8397 475.2046
341 369.9950 441.8415
342 491.1223 418.0834
343 351.9716 472.7613
344 351.1798 544.2120
345 538.5442 493.4811
346 497.3970 486.4994
347 468.0502 491.7614
348 425.5671 489.0872
349 393.8576 481.5146
350 370.3557 471.7105
351 320.9840 441.0509
352 537.1236 537.1485
353 508.8431 416.9384
354 301.0063 571.1360
355 366.5626 507.8561
356 569.7317 463.3253
357 353.1513 459.5189
358 382.6478 551.4115
359 481.1156 432.1324
360 353.6536 529.5008
361 553.1109 620.1924
362 371.4127 434.1867
363 332.3794 516.1632
364 481.4525 722.3278
365 478.1063 754.2779
366 560.3216 553.7150
367 511.9262 693.5847
368 546.6672 413.2730
369 385.2070 801.5100
370 300.3248 576.9000
371 388.6655 523.4243
372 535.2524 454.5864
373 439.4548 440.2319
374 420.2323 441.2023
375 417.5004 682.0632
376 535.4859 584.4980
377 341.6466 833.3211
378 411.9565 802.9711
379 442.3068 782.6145
380 402.6466 440.2266
381 386.6123 437.5656
382 376.3287 435.9947
383 526.1767 414.6136
384 389.9270 420.3730
385 408.0623 414.8983
386 425.4793 413.3367
387 444.4718 416.4835
388 457.6925 422.3289
389 564.2338 408.1977
390 453.3058 438.0202
391 383.9541 605.3594
392 352.1798 562.3742
393 332.0997 599.4373
394 448.8394 752.7013
395 418.2306 776.7568
396 343.1507 819.0460
397 507.6382 722.7080
398 377.1692 428.7535
399 333.9520 476.9845
400 379.4385 820.7002
401 553.6345 604.9526
402 359.0402 700.8474
403 363.3684 706.2383
404 367.5307 714.7361
405 370.4508 725.6151
406 375.1444 740.3954
407 405.9843 651.6973
408 412.9819 648.6708
409 419.2811 644.9547
410 432.2173 633.7180
411 505.6213 591.6649
412 335.8210 455.7907
413 352.1428 416.2899
414 366.7274 420.2610
415 400.3672 649.2043
416 507.0280 653.0520
417 331.1383 413.4755
418 380.5993 756.9635
419 317.2029 463.9132
420 349.3394 511.4511
421 339.9786 775.2064
422 435.4637 699.2066
423 401.9140 570.3637
424 410.7967 731.2439
425 454.3952 568.4917
426 425.3436 593.2406
427 474.4110 606.1884
428 343.0388 798.5793
429 365.3895 523.9934
430 446.7293 721.5739
431 416.6304 750.9348
432 454.8121 664.0059
433 529.1634 626.2763
434 478.0355 674.8908
435 538.5062 652.4505
436 447.2949 619.5919
437 349.5749 492.5942
438 343.1332 555.0762
439 362.0202 560.1075
440 331.3399 538.8497
441 368.1800 396.7944
442 402.5400 383.1357
443 433.8890 380.6144
444 461.2080 386.0657
445 481.0448 398.2284
446 495.3205 440.0330
447 562.4232 506.0207
448 477.1972 466.1595
449 452.9225 470.9562
450 423.5224 470.7980
451 395.9330 466.3231
452 374.9204 459.4090
453 360.4427 451.7140
454 566.7009 514.3683
455 363.5171 565.5683
456 331.5272 495.8499
457 324.4135 555.7545
458 313.2416 568.0668
459 325.5762 560.2377
460 359.3770 572.2507
461 308.3978 569.8690
462 308.1687 575.4501
463 362.5591 434.5734
464 349.2776 439.0230
465 340.8117 441.6359
466 466.0210 426.9396
467 479.3648 417.9261
