# Image: /home/yaroslav/Projects/Diia.AIContest-AdAstrum/fixtures/FLUXSynID-processed/00863bfc8329/00863bfc8329_f_live_0_p_d1.jpg
# Mode: stream
# Status: fail
# Errors: strong_shadows_on_face: Strong shadows or uneven lighting detected (difference: 32.5); face_not_looking_straight_at_camera: Head is turned 166.2째 (max: 15.0째); head_is_tilted: Head is tilted 25.3째 (max: 10.0째); face_too_small_in_frame: Face occupies only 47.2% of frame (min: 50.0%)

# 2D Landmarks (index x y)
0 357.7059 639.0183
1 347.9296 575.5061
2 348.2638 594.6992
3 313.6177 508.3601
4 343.5125 553.9950
5 336.1140 525.2072
6 316.8074 456.5199
7 175.1726 478.8435
8 305.7351 410.8223
9 300.3205 384.4172
10 275.5085 281.6369
11 359.5847 648.8099
12 360.2726 655.3552
13 359.7225 656.8255
14 360.5757 659.4812
15 362.5368 667.1508
16 364.7858 676.9844
17 366.8872 688.1722
18 369.9150 708.3805
19 349.0109 585.9650
20 327.9950 587.6168
21 84.2693 419.1481
22 234.9027 483.9570
23 216.3831 489.6249
24 197.6724 493.0423
25 169.4404 488.3370
26 249.6868 475.8702
27 200.0070 445.4435
28 219.9183 441.7334
29 181.9699 452.2396
30 170.2965 460.9353
31 156.7456 505.1433
32 303.6437 758.9237
33 166.6056 475.8584
34 94.4311 509.0826
35 131.6171 497.9207
36 238.5753 573.2272
37 330.9484 640.7853
38 336.6360 659.5099
39 304.0109 650.7892
40 286.2024 660.3971
41 315.9169 663.4023
42 299.1610 666.9877
43 267.2169 693.6829
44 330.9981 578.5183
45 324.6028 558.0601
46 135.8572 448.5380
47 267.0192 513.5241
48 278.6576 579.7616
49 274.5988 568.1462
50 178.9794 582.1863
51 318.8245 531.1914
52 179.6963 419.1251
53 152.9590 431.1788
54 97.0853 379.2494
55 266.4841 416.1599
56 238.3554 443.0003
57 246.7822 677.5441
58 148.9620 694.0292
59 294.4078 588.4666
60 312.7794 591.3421
61 264.7619 673.1784
62 272.8577 670.8353
63 138.8398 419.9540
64 278.1230 588.0464
65 216.7771 412.9082
66 209.5613 396.4842
67 167.3525 315.3425
68 118.5233 398.2407
69 190.3821 353.1796
70 121.1853 441.7858
71 103.1126 431.0980
72 334.0384 652.3327
73 311.2753 658.8988
74 293.1365 664.0633
75 299.9466 590.7053
76 268.9334 672.0234
77 280.8101 674.7389
78 274.9964 669.7740
79 306.5926 581.5326
80 301.4642 664.5682
81 318.7577 662.7731
82 338.3450 660.3533
83 343.1761 714.3541
84 341.4080 692.6434
85 339.9836 680.4718
86 338.8657 670.5254
87 338.6476 663.7664
88 300.0185 668.9495
89 298.0852 671.6147
90 295.6208 677.5034
91 293.8842 685.1303
92 266.3604 641.8405
93 107.7835 598.5562
94 348.5773 589.5134
95 288.3547 670.1413
96 284.6492 671.5421
97 322.0521 599.1806
98 286.5958 598.3301
99 317.6899 595.5345
100 249.0709 529.2195
101 220.5355 549.2528
102 271.9985 577.2556
103 123.0781 344.3838
104 146.0260 371.7071
105 169.0480 403.6766
106 288.7870 704.0612
107 254.8701 390.7472
108 236.0741 341.3481
109 216.6218 295.7945
110 180.4722 493.2689
111 138.9673 524.2449
112 258.5725 468.7264
113 149.1649 470.4351
114 278.4518 497.7219
115 291.5043 571.0367
116 120.4328 542.9942
117 156.1674 534.9133
118 183.2984 536.6965
119 219.5344 525.7267
120 244.6305 511.6764
121 262.5501 498.1226
122 299.5953 465.8781
123 131.4521 584.5012
124 131.8109 471.4786
125 338.7229 587.2194
126 273.3062 533.9183
127 85.3066 508.4718
128 275.2248 484.3793
129 269.2640 578.1209
130 161.5291 479.5784
131 286.8332 556.8063
132 124.2056 646.3165
133 255.9844 461.3618
134 302.4194 542.0072
135 205.9316 731.8324
136 211.5257 754.3443
137 111.6188 594.8586
138 174.0017 710.4522
139 97.3433 466.8018
140 304.4057 779.6134
141 340.2700 590.3840
142 258.3453 552.2378
143 115.1230 505.4798
144 196.5705 479.9303
145 213.5655 477.8311
146 277.2390 679.6359
147 142.0138 625.0551
148 345.1520 796.4334
149 280.2024 785.6286
150 249.3258 773.8918
151 287.8037 331.2106
152 384.4291 790.0325
153 229.2286 473.2980
154 243.3510 467.2086
155 252.0629 463.7731
156 115.9030 470.1160
157 236.1722 450.4499
158 218.4848 448.3611
159 201.7690 450.8739
160 185.7020 458.0129
161 176.2523 465.9526
162 80.7091 459.5961
163 184.1309 479.8936
164 350.9516 608.2798
165 283.5787 627.5792
166 294.3534 585.9657
167 323.0858 615.2104
168 310.2524 432.5729
169 240.2448 752.1655
170 271.3418 766.7261
171 342.2633 784.7102
172 179.3492 729.7042
173 249.6412 456.5781
174 294.6888 501.6140
175 383.2224 777.0657
176 311.5708 793.9237
177 126.4753 638.4515
178 318.1542 666.5891
179 316.7494 671.7963
180 316.2106 679.9641
181 316.4272 691.0100
182 313.9015 711.7868
183 283.0365 669.4264
184 277.5408 669.0098
185 271.6472 667.2620
186 251.9661 659.1155
187 170.4789 630.1207
188 289.0948 480.4792
189 269.4595 445.6266
190 257.3498 451.2828
191 286.4656 666.2208
192 176.7435 679.4793
193 286.4784 441.2037
194 307.9278 735.3241
195 329.4544 501.6376
196 306.6133 488.2366
197 323.4287 479.8512
198 287.7614 537.0560
199 379.9718 756.9063
200 374.6412 731.1240
201 341.8702 738.6115
202 253.3417 707.1909
203 256.7404 597.3393
204 279.5301 724.7823
205 211.6813 603.5311
206 242.4017 620.8211
207 199.9263 639.4992
208 341.0145 764.9391
209 277.0032 550.2876
210 241.3145 727.3633
211 272.5762 744.6007
212 230.7934 685.5266
213 153.3572 658.8721
214 207.5259 695.1524
215 145.2453 677.5444
216 229.9004 648.9392
217 284.1979 517.4325
218 299.8181 579.4826
219 285.9431 585.8692
220 307.0278 564.1932
221 252.0454 434.8344
222 220.0992 432.6279
223 193.0195 436.5498
224 170.6796 443.8804
225 155.4233 454.7448
226 148.8809 488.1043
227 100.2925 552.0905
228 169.8671 510.9338
229 191.5759 512.1520
230 217.0182 506.3311
231 239.9136 496.6234
232 256.9562 486.1736
233 268.3371 477.0158
234 95.7903 553.1969
235 286.4484 590.1779
236 299.8576 520.8710
237 315.5938 578.3525
238 327.3458 585.4664
239 315.3282 581.2609
240 292.6396 594.6294
241 331.9905 586.8759
242 333.3434 590.0572
243 263.4704 461.8792
244 275.9323 464.2137
245 283.2908 466.5094
246 170.9054 471.5216
247 161.1843 469.4554
248 345.9062 501.1488
249 443.1311 418.3062
250 365.1096 579.1728
251 479.9081 332.5081
252 393.4698 448.6475
253 412.1920 445.9053
254 429.5803 441.1926
255 450.1728 424.9113
256 377.1258 447.5043
257 409.4489 397.9480
258 389.8235 403.4726
259 427.9375 396.3790
260 440.9225 399.5067
261 466.5509 435.4919
262 444.5496 724.9182
263 448.2476 411.9681
264 507.4415 416.4021
265 482.0614 418.9489
266 430.0256 530.1941
267 381.4933 629.2746
268 382.0443 649.0564
269 406.9611 627.0552
270 423.4681 628.6028
271 399.9984 643.9559
272 413.9756 640.4824
273 448.5433 651.6279
274 363.6075 571.0501
275 361.4690 549.7473
276 464.1942 373.2684
277 380.0227 488.5348
278 403.0103 551.6757
279 400.5951 539.8565
280 481.7760 513.7578
281 353.4674 523.3658
282 419.0101 364.0813
283 445.2634 363.9523
284 458.8040 300.5801
285 342.6970 398.6150
286 373.7525 412.8749
287 459.4470 628.5071
288 524.1208 606.0061
289 392.0445 566.3022
290 377.6437 576.6690
291 442.0301 632.3109
292 433.7589 633.7676
293 451.4392 348.2704
294 405.0960 559.2671
295 385.1398 374.2172
296 385.2566 356.2739
297 382.0965 269.3157
298 454.7126 323.3898
299 381.8078 311.0445
300 471.4045 361.9860
301 476.1144 347.9904
302 382.8119 641.2520
303 403.3374 637.5866
304 418.7483 634.9565
305 388.0021 570.7596
306 437.9564 633.0470
307 430.1291 640.2314
308 431.0238 633.8633
309 381.8580 564.2247
310 409.5916 639.6089
311 395.8005 645.0201
312 379.3070 650.9588
313 395.6945 702.0147
314 390.8275 680.9666
315 387.4999 669.2859
316 384.2055 659.9873
317 380.9172 653.8890
318 412.6795 642.7331
319 415.8618 644.2058
320 420.6326 648.4446
321 424.9756 654.5765
322 433.5739 603.7176
323 519.8635 504.1720
324 421.3218 639.3252
325 425.5037 639.0030
326 372.8063 587.6314
327 400.7020 572.4855
328 375.1314 582.4637
329 401.7278 495.3203
330 434.8633 501.2957
331 405.1512 547.2922
332 427.6752 278.5413
333 424.4285 309.9208
334 421.5850 345.8950
335 435.5872 669.5681
336 343.7641 370.4649
337 338.0439 319.1132
338 333.2514 271.0057
339 443.7098 434.0660
340 487.8887 445.9394
341 366.5955 444.7874
342 460.4835 399.4967
343 364.5626 478.6002
344 390.9160 548.6199
345 507.5262 455.6464
346 480.1116 462.3216
347 459.6864 474.8351
348 424.7778 479.9056
349 397.1964 477.7417
350 376.3475 473.0416
351 335.5100 457.8390
352 515.6249 497.2852
353 473.4861 393.9527
354 358.5009 582.5691
355 384.6214 509.3471
356 505.5590 414.5995
357 360.0643 465.5841
358 405.7994 547.4215
359 453.2199 413.4023
360 387.3486 534.3396
361 524.9461 553.6169
362 365.1817 436.8946
363 370.4013 526.7145
364 505.9954 660.6260
365 504.1370 683.7865
366 526.3931 500.0565
367 521.2434 628.6521
368 491.0836 379.0465
369 450.2330 743.8843
370 356.0729 586.8082
371 404.1349 519.6933
372 495.8053 419.6833
373 426.3313 428.6631
374 410.5225 433.9654
375 435.0100 643.0026
376 521.0565 538.1968
377 421.0245 777.7936
378 466.7133 739.6906
379 484.4893 716.2833
380 394.5110 436.5557
381 379.2210 437.0037
382 369.7705 437.5544
383 483.2911 387.1268
384 378.1296 418.6741
385 392.7570 409.1695
386 408.9289 403.9085
387 426.1740 403.3486
388 437.2805 406.6100
389 494.3308 368.2766
390 436.5793 423.2418
391 414.7184 597.7266
392 392.2664 563.7113
393 377.9732 602.7256
394 487.8630 692.6031
395 469.6534 718.3316
396 422.1359 765.1831
397 516.5881 649.5741
398 368.9387 429.6952
399 355.9703 487.9678
400 446.9632 760.4214
401 529.9401 545.2401
402 398.4958 647.9077
403 402.2487 651.8580
404 406.3761 658.8007
405 410.3433 668.9482
406 418.8635 686.9551
407 426.2963 636.3974
408 431.3654 633.5029
409 435.9700 629.3770
410 450.3259 613.6755
411 504.2480 553.8324
412 349.3938 467.0976
413 348.3160 428.0559
414 360.1848 428.4160
415 421.0722 635.2669
416 513.1827 601.3629
417 333.7353 430.6541
418 431.9778 705.5976
419 341.3792 480.4291
420 376.3805 517.2243
421 406.1004 723.2035
422 464.6832 657.7833
423 423.8300 559.6584
424 450.2183 684.4028
425 464.5101 546.1453
426 445.1873 574.8323
427 486.0101 573.9282
428 417.2459 746.4965
429 389.1911 525.4437
430 480.6842 670.5924
431 462.4346 699.0453
432 475.7792 628.8303
433 522.8313 573.5920
434 496.3599 627.8338
435 529.7527 587.8265
436 464.9315 595.3487
437 369.6941 498.6364
438 387.2973 559.5392
439 399.5161 560.1367
440 377.1946 548.3455
441 359.9422 410.4481
442 387.8245 394.3987
443 413.4160 386.4748
444 435.2785 383.6437
445 451.1389 387.3506
446 465.7895 416.4287
447 519.4206 457.3407
448 459.1245 446.0123
449 442.1145 456.1612
450 418.2579 461.5800
451 394.2894 462.3020
452 375.2118 459.9080
453 361.7429 456.3223
454 512.2549 459.1232
455 399.3943 564.6003
456 361.4934 506.9846
457 375.5690 564.5890
458 366.2438 576.3809
459 375.2814 567.4082
460 395.0830 571.4784
461 363.8768 579.5130
462 361.8329 583.5515
463 359.4418 440.5320
464 350.0027 447.9688
465 346.1712 452.7381
466 443.5940 409.5524
467 450.8094 403.5749
