# Image: /home/yaroslav/Projects/Diia.AIContest-AdAstrum/fixtures/FLUXSynID-processed/007ba280f60a/007ba280f60a_m_doc.jpg
# Mode: stream
# Status: fail
# Errors: strong_shadows_on_face: Strong shadows or uneven lighting detected (difference: 34.4); face_not_looking_straight_at_camera: Head is turned 179.8째 (max: 15.0째); head_is_tilted: Head is tilted 17.7째 (max: 10.0째)

# 2D Landmarks (index x y)
0 303.5991 608.7257
1 303.9841 525.2525
2 303.9543 551.6970
3 287.6496 454.9988
4 303.9429 502.5035
5 304.1739 474.0545
6 304.8112 407.7750
7 169.6811 409.4486
8 304.8177 369.4308
9 305.0422 342.8850
10 306.3606 231.5765
11 303.6332 620.3289
12 303.7499 628.1488
13 303.9169 630.6115
14 304.8403 634.8315
15 304.9018 643.0899
16 304.7926 653.7970
17 304.8528 666.4836
18 304.8914 687.8877
19 303.8453 537.3202
20 285.0993 536.7074
21 101.6014 338.9464
22 224.0491 425.9071
23 205.0348 428.2107
24 186.6975 428.0254
25 162.4859 419.0985
26 240.2447 420.0233
27 199.3136 383.6280
28 218.6819 383.2669
29 181.3479 386.8186
30 169.0624 392.5223
31 146.2781 433.7547
32 229.8741 724.6900
33 163.1840 405.8249
34 91.4102 430.7163
35 124.2155 423.1972
36 208.0798 515.0143
37 278.7170 604.6848
38 282.1784 627.6093
39 253.1316 611.3043
40 236.1403 620.9815
41 263.3396 628.5360
42 248.0044 630.8240
43 211.8270 654.9549
44 286.9942 524.6872
45 284.5824 503.2845
46 136.2391 375.2345
47 247.1311 459.0630
48 239.0131 521.8314
49 238.3002 510.6902
50 152.1189 515.5452
51 286.1037 476.6848
52 183.9626 354.0137
53 155.6671 361.0224
54 119.5034 298.8781
55 268.3911 367.4502
56 236.3456 386.8768
57 196.5770 634.4313
58 109.5802 634.7342
59 253.3858 533.8050
60 270.7819 540.9546
61 216.4473 634.9607
62 224.5533 633.5926
63 144.6571 347.4840
64 238.1659 532.3349
65 221.6158 355.1019
66 217.6757 336.7119
67 196.4521 244.3032
68 132.9844 320.9195
69 208.9599 286.3720
70 124.8325 366.5236
71 113.4180 352.7432
72 280.0505 618.4431
73 259.1309 622.0841
74 242.2881 626.3141
75 258.7470 538.1053
76 220.6775 634.6104
77 230.1492 637.4719
78 226.6802 632.5832
79 265.0396 524.8365
80 251.4380 629.3819
81 267.1582 629.2061
82 284.7652 629.9094
83 278.0350 688.2645
84 279.5876 665.1999
85 280.9550 651.9469
86 282.3954 641.1592
87 284.0207 634.1430
88 248.7073 633.4785
89 246.1803 635.7095
90 242.2352 641.2530
91 238.5648 648.8373
92 220.8016 594.4946
93 90.9248 530.1457
94 303.9456 542.9434
95 238.4403 633.7129
96 234.5531 634.7236
97 277.9655 551.7245
98 246.0653 546.5690
99 274.4520 546.4709
100 227.0882 472.7642
101 196.4456 488.5283
102 234.9674 521.2001
103 149.6991 266.6018
104 163.7180 298.0234
105 177.1003 336.2691
106 229.8066 667.5590
107 261.8041 339.3205
108 254.4368 282.4883
109 246.9975 233.6313
110 171.2108 425.3742
111 125.4957 450.0788
112 250.4779 414.1692
113 145.9104 397.8593
114 260.8724 444.1083
115 252.1220 512.4530
116 105.4619 466.6366
117 138.7583 463.7663
118 163.6275 470.1302
119 200.0948 465.2906
120 226.8701 455.1650
121 247.0637 443.8927
122 286.3322 414.0087
123 108.3302 511.5658
124 129.0899 396.9391
125 293.7781 536.3732
126 247.5636 479.3975
127 87.8752 433.5438
128 262.0249 431.6113
129 234.0306 523.6943
130 157.1627 409.0942
131 251.6413 499.1973
132 96.3367 581.6282
133 250.2121 406.3310
134 268.7365 485.6635
135 148.3543 679.1408
136 151.1899 705.4700
137 90.9041 521.4566
138 125.4512 651.1787
139 102.2337 388.0858
140 226.1782 746.8086
141 295.8566 542.0080
142 230.2974 496.6351
143 108.1350 428.5096
144 188.3617 414.1138
145 205.0050 415.3337
146 225.5380 642.0597
147 111.8776 555.4780
148 263.2255 775.3283
149 204.2016 750.3299
150 179.4475 732.3087
151 305.7339 283.2260
152 304.8996 778.4398
153 221.0353 413.7926
154 236.1499 410.2666
155 245.5590 408.1699
156 115.7289 393.9499
157 233.9314 393.4660
158 217.5320 389.4901
159 201.3452 388.9255
160 184.8012 392.6583
161 174.3826 398.1956
162 92.2457 380.9676
163 177.1420 411.7641
164 303.9486 570.0147
165 238.3468 579.8950
166 253.0774 529.8693
167 276.1373 572.0199
168 304.9436 387.7939
169 173.2148 706.6755
170 198.4958 727.2437
171 261.2797 760.1080
172 128.8858 675.7812
173 245.2130 400.5346
174 273.0916 447.5366
175 304.7281 762.0992
176 231.4025 765.1122
177 96.9145 569.1439
178 264.9861 633.4205
179 262.2755 638.4576
180 259.4297 646.7617
181 256.9970 658.2435
182 251.1841 679.1370
183 233.8109 632.4267
184 228.3340 630.9568
185 222.8724 627.9167
186 204.9342 613.2183
187 136.5552 564.4060
188 274.0324 427.6204
189 265.9982 393.7177
190 253.4853 397.0005
191 237.9882 629.8654
192 133.4964 618.2939
193 281.5609 392.0887
194 239.9621 701.9189
195 304.4343 451.0395
196 286.4605 435.1533
197 304.6509 429.8061
198 258.5926 481.9044
199 304.7536 739.3495
200 304.7776 711.8618
201 270.9774 712.0276
202 194.1154 664.5016
203 219.3724 542.9719
204 215.2197 686.4786
205 177.9167 541.9856
206 202.2772 566.3314
207 160.8076 579.0762
208 263.8185 738.5348
209 246.3173 495.0384
210 178.5289 681.3525
211 204.1031 704.5478
212 178.4268 637.6494
213 116.4583 593.0639
214 156.2492 641.0939
215 106.5374 612.5908
216 186.0197 597.1600
217 260.7133 463.1815
218 258.4917 521.4480
219 244.7034 528.6127
220 267.4329 506.5159
221 251.7085 381.6537
222 220.7176 374.3105
223 193.7075 373.1927
224 170.8510 375.8712
225 154.4987 383.6540
226 142.6434 415.9147
227 88.0687 475.2661
228 157.1131 441.9593
229 176.5333 446.5593
230 201.7538 445.4301
231 225.9788 439.5844
232 244.9948 431.5887
233 258.0149 423.9194
234 89.1546 481.9093
235 245.3227 534.9368
236 272.4942 466.0380
237 272.8815 521.5735
238 284.2563 532.8042
239 273.0833 525.4498
240 251.5899 542.1912
241 287.7037 534.8332
242 289.5656 540.2575
243 257.0099 407.9986
244 268.1563 412.4434
245 273.4514 415.0436
246 168.1610 402.2405
247 158.5326 398.8775
248 321.1600 455.1856
249 441.3132 409.9745
250 323.0456 537.0191
251 511.8050 341.0294
252 387.1518 426.1361
253 406.2022 428.4508
254 424.4917 428.4449
255 448.4359 419.7214
256 370.8596 420.2065
257 410.9418 384.3744
258 391.5807 383.7477
259 428.9831 387.7730
260 441.2448 393.4120
261 464.7077 434.8010
262 379.6177 725.3777
263 447.7146 406.4260
264 520.8791 432.5366
265 486.7045 424.4745
266 401.7365 515.8381
267 328.4720 604.5855
268 325.2741 627.4469
269 354.3568 611.2799
270 371.5191 620.8092
271 344.3940 628.5315
272 359.9923 630.7000
273 396.8316 655.4932
274 320.8082 524.8097
275 323.3365 503.3777
276 473.7559 376.7586
277 363.0135 459.5328
278 369.5203 522.6090
279 370.4614 511.3449
280 458.0987 516.4268
281 322.3625 476.9019
282 425.6414 355.1772
283 453.8493 362.5501
284 493.4983 300.7254
285 341.3885 367.4599
286 374.3307 387.2816
287 411.7698 634.9024
288 501.6736 636.7809
289 355.2418 534.4822
290 337.8039 541.5327
291 391.9128 635.2270
292 383.9781 633.7611
293 465.1478 349.2872
294 370.5955 533.3053
295 387.8607 355.6683
296 392.1774 337.2156
297 415.9396 245.4027
298 478.5456 322.4935
299 402.3640 287.1835
300 485.5818 368.4099
301 498.8429 354.6537
302 327.2125 618.5025
303 348.4715 621.9861
304 365.5739 626.2092
305 350.0052 538.7700
306 387.6534 634.7054
307 378.7006 637.7073
308 381.7635 632.7870
309 343.2462 525.0477
310 356.5593 629.2813
311 340.6953 629.2568
312 322.9640 629.7665
313 331.6625 688.4023
314 329.9523 665.1725
315 328.6733 651.9143
316 327.1215 641.2367
317 325.5130 634.2841
318 360.4311 633.5333
319 362.9931 635.7402
320 366.9540 641.4434
321 370.5142 649.0657
322 387.4027 594.8765
323 521.5588 532.2425
324 370.5884 633.9395
325 374.3299 634.9335
326 330.4749 552.1502
327 362.8793 547.4572
328 333.8648 546.9471
329 383.3390 473.3361
330 413.9348 489.2120
331 373.8298 521.9990
332 462.7417 268.0860
333 447.5876 299.3678
334 432.6610 337.3532
335 379.3887 667.8848
336 348.2429 339.5199
337 357.0760 282.9302
338 365.6980 234.3377
339 439.7997 425.9660
340 485.4469 451.3559
341 360.6625 414.4405
342 464.6303 399.0975
343 349.1749 444.4280
344 356.1367 512.8757
345 505.5901 468.1957
346 471.8824 464.7788
347 446.9967 470.8985
348 410.5644 465.8957
349 383.8661 455.5525
350 363.4474 444.3814
351 323.5331 414.1298
352 502.2689 512.8970
353 481.5314 398.3628
354 313.9167 536.4327
355 362.1968 479.9695
356 525.4024 435.6148
357 348.3436 431.9569
358 375.0243 524.4411
359 453.6286 409.9586
360 356.9149 499.6699
361 515.5988 583.8393
362 361.0783 406.5341
363 339.7025 485.9299
364 461.1589 680.5699
365 458.9401 707.3322
366 520.4628 523.2910
367 484.2243 652.8089
368 510.3225 389.8512
369 383.4277 747.6959
370 312.0359 542.0624
371 379.4839 497.3380
372 503.0203 430.0613
373 422.9252 414.4451
374 406.4320 415.6146
375 383.2536 642.3474
376 498.3887 556.8085
377 346.3129 775.9441
378 405.6717 751.7087
379 430.6502 733.8912
380 390.3838 413.9706
381 375.4042 410.2834
382 365.8818 408.4035
383 495.4996 395.4897
384 377.2994 393.7439
385 393.5181 389.8588
386 409.5837 389.5320
387 425.9341 393.3353
388 436.3971 398.7923
389 521.4980 383.1607
390 433.8582 412.2573
391 369.9663 580.4845
392 355.5429 530.3190
393 331.8639 572.1793
394 436.0958 708.1037
395 411.0288 728.5399
396 348.0662 760.7066
397 481.6630 677.7530
398 365.9282 400.7622
399 336.4197 447.9485
400 378.4622 766.2068
401 514.0368 570.9578
402 344.4266 633.4722
403 347.1333 638.5060
404 350.0043 646.7704
405 352.4327 658.3693
406 358.3683 679.4215
407 374.4932 632.4551
408 379.6739 630.9447
409 385.1158 627.9785
410 403.0028 613.5926
411 473.1707 565.3788
412 335.9194 427.8879
413 344.7439 393.8857
414 357.3776 397.3063
415 370.1971 629.9174
416 475.7866 619.4844
417 328.5435 392.2523
418 369.3190 702.2900
419 322.7814 435.3231
420 350.4099 482.2347
421 338.5379 712.3109
422 414.4423 665.3480
423 389.8511 543.8208
424 393.6563 687.2915
425 431.7155 542.7971
426 406.6601 567.0986
427 448.4993 579.8918
428 345.4638 739.0083
429 362.8145 495.6715
430 430.3473 682.3657
431 405.1643 705.5186
432 430.1033 638.2609
433 493.2652 594.4316
434 452.6237 642.0889
435 503.9524 614.2871
436 422.4780 597.7528
437 348.8162 463.5964
438 349.7475 521.6918
439 363.8142 529.2455
440 340.6605 506.7933
441 358.5432 381.9111
442 389.2451 374.8201
443 416.1482 373.9268
444 439.1097 377.0128
445 455.6687 384.9493
446 468.3961 416.9769
447 523.5984 477.3264
448 453.8736 442.7070
449 434.4134 447.1675
450 409.2538 445.8741
451 385.0173 439.7893
452 366.0668 431.9799
453 352.9403 424.1372
454 523.6303 484.0517
455 363.2810 535.8411
456 336.3763 466.3422
457 335.1335 521.7536
458 323.7155 533.0090
459 334.9873 525.5769
460 357.2241 543.0778
461 320.1593 534.9141
462 318.5102 540.4828
463 354.1515 408.1965
464 342.5684 412.6750
465 336.9494 415.3060
466 442.6275 402.9164
467 452.0040 399.7827
