# Image: /home/yaroslav/Projects/Diia.AIContest-AdAstrum/fixtures/FLUXSynID-processed/0121c7048028/0121c7048028_f_doc.jpg
# Mode: stream
# Status: fail
# Errors: strong_shadows_on_face: Strong shadows or uneven lighting detected (difference: 69.4); face_not_looking_straight_at_camera: Head is turned 179.7째 (max: 15.0째); head_is_tilted: Head is tilted 17.4째 (max: 10.0째); face_too_small_in_frame: Face occupies only 39.0% of frame (min: 50.0%)

# 2D Landmarks (index x y)
0 299.9596 619.0282
1 298.1276 561.9799
2 299.5895 579.5989
3 284.3782 498.7104
4 297.7432 542.6901
5 297.9790 516.9149
6 299.3700 454.8565
7 179.4436 448.6107
8 299.1638 414.9116
9 298.5227 390.8959
10 297.7235 291.3129
11 300.1765 627.9249
12 300.6201 634.0732
13 301.1758 636.0288
14 300.9079 641.4962
15 300.9024 648.6645
16 300.9531 657.7676
17 301.3477 667.4974
18 302.4659 683.5367
19 298.5193 571.2806
20 284.8763 569.2038
21 119.4731 380.5609
22 228.9837 465.3074
23 211.8061 466.7480
24 195.5847 466.1514
25 174.3453 456.3706
26 243.2725 460.7986
27 205.3254 425.2526
28 223.3790 425.6203
29 189.0412 427.7751
30 178.2434 432.7530
31 160.7457 469.1594
32 240.4827 713.6959
33 173.6902 444.2861
34 113.7562 460.7814
35 141.6813 458.1240
36 218.2837 543.6572
37 280.3194 616.3512
38 284.1831 633.8088
39 260.6399 622.0184
40 248.1952 629.8163
41 270.1633 635.0021
42 258.8455 637.0510
43 228.5042 657.4645
44 284.3710 561.5639
45 281.8103 543.0977
46 150.3801 417.0208
47 251.1188 496.1148
48 248.3499 555.3933
49 247.8479 544.8406
50 167.7061 542.2633
51 283.0862 519.1535
52 189.9512 400.8914
53 166.1962 405.7312
54 133.6455 347.8100
55 264.5077 413.4996
56 239.5309 429.9448
57 215.5916 641.1069
58 137.3299 630.5408
59 260.8465 565.5260
60 274.8456 570.8198
61 234.3863 641.1650
62 241.7136 639.7007
63 156.5499 393.3498
64 248.6728 562.9386
65 222.0599 402.4231
66 218.1771 386.5714
67 198.7925 303.5032
68 145.4035 369.1059
69 209.9925 342.7065
70 140.0336 408.5341
71 129.6875 394.9181
72 281.8455 626.8725
73 265.9028 630.3098
74 253.5807 633.9050
75 265.5088 568.4129
76 238.2661 640.7369
77 244.7153 643.3134
78 243.3281 638.5024
79 268.2122 560.3922
80 262.1939 635.6248
81 273.8114 635.2511
82 286.8533 635.6596
83 280.9205 683.9261
84 281.6972 666.6641
85 282.3539 656.0494
86 283.4167 647.2888
87 284.8892 641.1702
88 258.8800 640.1777
89 256.5288 642.1966
90 253.2549 646.8466
91 250.2721 653.0133
92 233.6227 609.6539
93 117.9452 540.7206
94 299.0862 574.4026
95 251.4985 640.0115
96 248.3348 640.9518
97 280.2225 579.2177
98 255.3608 573.6370
99 277.6406 575.2895
100 233.9887 507.1212
101 206.3119 520.1881
102 245.6399 552.6425
103 158.5589 321.7680
104 170.9569 351.0503
105 183.3464 385.1772
106 242.0007 667.8991
107 257.6880 389.3731
108 250.8537 339.6712
109 243.6610 294.3222
110 181.9476 462.8668
111 143.0229 483.2462
112 252.4697 456.2204
113 159.4012 437.0870
114 262.4065 483.9614
115 257.4010 549.1767
116 125.9999 495.9634
117 154.5245 496.5042
118 176.4997 503.2640
119 209.0030 499.3957
120 232.8624 491.0480
121 250.2379 482.0926
122 283.4456 459.9785
123 129.8081 535.0787
124 144.9051 435.3335
125 290.4928 570.4300
126 253.1634 514.9443
127 111.3877 458.8114
128 263.0444 472.1394
129 245.0422 553.3698
130 169.2111 447.0147
131 257.3581 536.5612
132 124.4980 584.8831
133 252.5081 448.8322
134 269.5078 525.9116
135 170.7612 674.2338
136 173.9102 693.2353
137 116.0735 538.7443
138 150.0737 649.9526
139 121.1731 424.7578
140 238.0899 730.7741
141 292.9309 573.6580
142 238.8421 528.5915
143 127.9007 461.5950
144 196.2115 454.3351
145 211.0045 456.0890
146 240.9233 647.0560
147 134.7610 571.8134
148 270.1662 753.0411
149 220.4120 731.2531
150 198.9338 716.1278
151 298.0243 339.0536
152 305.3345 755.7584
153 225.5352 455.0042
154 239.2893 452.2009
155 248.2064 450.6533
156 133.1026 431.4707
157 237.1744 434.4605
158 222.1510 428.7251
159 206.7412 427.5305
160 191.6135 430.9829
161 182.5676 436.5074
162 112.6782 415.3600
163 186.1270 451.5408
164 299.8957 591.6275
165 248.3808 598.9712
166 260.0224 563.0243
167 278.2145 593.2251
168 299.7285 433.6613
169 193.0567 697.0656
170 214.6243 714.2391
171 267.5238 742.5560
172 154.3715 666.9245
173 247.8369 442.9100
174 272.6744 489.8055
175 304.1432 744.3744
176 243.4438 744.1060
177 122.9532 579.0072
178 270.6429 640.4719
179 268.2642 644.7012
180 266.0262 651.6562
181 264.1870 660.9641
182 259.4067 677.1640
183 248.6435 638.5995
184 243.7172 637.7148
185 238.8575 635.4686
186 221.4259 624.3897
187 156.4507 581.8297
188 273.1527 470.7904
189 265.3223 438.0013
190 254.7574 440.4156
191 252.2046 636.0897
192 156.2015 625.0003
193 278.8308 437.2642
194 249.0673 695.6227
195 298.4652 495.6040
196 283.4836 480.1592
197 298.9434 475.7248
198 262.1347 519.6360
199 303.3751 726.7194
200 302.8461 703.8608
201 274.7959 704.0011
202 211.4090 665.0619
203 231.5001 568.2030
204 228.7781 682.9367
205 191.9030 565.7250
206 215.6352 586.6096
207 178.6368 595.5387
208 269.0610 725.8787
209 253.5935 529.8851
210 197.2226 678.0204
211 218.7672 697.0207
212 197.8726 643.4643
213 140.5304 602.7573
214 177.1230 645.2252
215 132.6888 616.0820
216 202.8447 611.0846
217 263.1944 502.0497
218 262.7408 557.5417
219 253.1895 561.5686
220 268.5188 545.3388
221 251.4933 426.0803
222 223.5975 418.9613
223 199.6983 417.6133
224 179.8144 419.3388
225 166.1656 425.3178
226 157.2503 452.4733
227 112.3538 499.3535
228 170.1253 477.0418
229 187.4042 482.2404
230 209.9101 481.7113
231 231.3432 477.1533
232 247.8648 470.9098
233 259.1617 464.7699
234 114.4698 499.5240
235 254.4436 565.8797
236 272.2620 507.3900
237 273.4117 558.7788
238 283.3519 566.9101
239 274.1346 561.3208
240 259.8223 570.9666
241 285.7465 569.0157
242 288.1131 572.2329
243 258.2615 450.8756
244 267.9342 455.0299
245 272.5788 458.1067
246 177.5888 440.7398
247 169.7555 438.1614
248 313.0337 498.3238
249 427.2138 443.3012
250 313.7614 569.0008
251 495.6357 372.7655
252 376.3303 462.2697
253 394.0072 463.1094
254 410.8713 461.9440
255 433.2835 451.0258
256 361.2957 458.3510
257 398.3093 419.4404
258 379.6800 420.8438
259 415.5701 421.2894
260 427.4837 426.1229
261 448.1104 463.8250
262 368.1501 712.9663
263 433.2567 438.4301
264 503.1592 453.8267
265 468.8299 451.6874
266 386.1901 541.4437
267 320.0001 615.9574
268 317.6920 633.5079
269 341.0200 621.4610
270 354.8535 628.9470
271 332.6730 634.6417
272 345.0667 636.3662
273 377.8682 656.2131
274 312.2125 561.1730
275 314.0876 542.5130
276 456.8130 408.3072
277 351.9833 494.4575
278 351.8568 554.1957
279 352.9794 543.6690
280 440.2856 538.4493
281 313.5239 518.6364
282 412.1467 392.6150
283 438.2088 396.8928
284 476.6579 339.8596
285 334.5366 410.6121
286 363.6427 426.3683
287 390.5521 639.5234
288 486.1595 626.4590
289 339.5350 564.7631
290 325.3538 570.5099
291 370.5545 640.0767
292 363.6439 638.5769
293 448.8766 383.9450
294 352.5245 562.0219
295 377.7410 396.2533
296 380.9652 380.1029
297 400.8075 298.1979
298 462.1488 360.7161
299 388.9624 336.9241
300 468.5011 399.6062
301 482.0662 386.8539
302 319.1344 626.5674
303 336.2102 629.7919
304 349.6984 633.0953
305 335.1391 567.8480
306 366.6885 639.6068
307 359.7060 642.3276
308 362.1969 637.5407
309 330.3852 559.5997
310 342.2611 634.9018
311 329.9005 634.8863
312 316.0321 635.4384
313 324.4201 683.6695
314 321.3815 666.2756
315 320.0438 655.8211
316 318.7037 647.1228
317 317.3731 641.0609
318 345.0774 639.4754
319 347.2755 641.3950
320 350.5089 646.0251
321 353.7141 652.1196
322 370.0344 608.3970
323 506.0321 534.7986
324 353.3113 639.2124
325 356.0892 640.1113
326 319.6708 578.9524
327 346.4764 572.9986
328 322.3817 574.8413
329 370.1633 505.0461
330 398.9362 517.3671
331 355.9923 551.5117
332 446.3233 314.2877
333 432.3915 343.0890
334 418.5666 376.4793
335 364.0522 666.9876
336 339.9016 385.9140
337 345.9271 336.8563
338 353.0565 291.4827
339 425.2790 458.1574
340 467.5149 477.6919
341 351.6990 454.1146
342 448.4238 429.9778
343 339.8051 482.6426
344 341.2849 548.1563
345 486.8726 490.0342
346 454.4334 491.6341
347 430.7117 499.2206
348 396.6129 496.3869
349 371.7831 488.6550
350 353.6023 480.2260
351 316.1205 459.2271
352 483.0736 529.7954
353 464.1804 427.8385
354 306.8370 570.2242
355 349.2249 513.5335
356 510.2717 451.9056
357 339.8759 470.6248
358 357.7828 552.2174
359 438.4259 440.8662
360 342.0366 535.3884
361 499.6337 579.8911
362 351.8125 446.5619
363 328.3244 524.9808
364 443.9139 671.6651
365 444.7200 690.8891
366 502.1038 532.9050
367 466.5867 646.4202
368 493.2946 417.2053
369 372.2525 729.9673
370 305.3996 573.5487
371 364.7146 526.9101
372 484.7144 454.8074
373 409.6784 450.0511
374 394.5145 452.2276
375 363.7628 646.0593
376 478.9274 567.0604
377 340.9767 752.8112
378 393.8588 730.3580
379 417.2363 714.6375
380 379.4708 451.6479
381 365.3575 449.3517
382 356.2999 448.2815
383 477.7973 423.6822
384 367.0301 431.2088
385 382.2289 424.5709
386 397.8041 422.7838
387 413.4250 425.6191
388 423.0889 430.8211
389 505.9987 407.9194
390 420.1153 446.8089
391 354.0616 598.0325
392 339.9369 562.1214
393 322.1918 592.8427
394 420.1313 695.4324
395 397.1107 713.0847
396 341.4721 742.2618
397 466.8700 663.6320
398 356.3394 440.3834
399 327.1152 488.8324
400 369.0371 743.4895
401 495.6908 573.8886
402 332.3483 640.0503
403 334.7286 644.1961
404 337.0183 651.0519
405 339.2549 660.4308
406 346.3770 676.6027
407 356.1326 637.6375
408 360.5875 636.7993
409 365.4055 634.3305
410 383.3423 622.8362
411 453.8699 577.9105
412 327.7250 469.6736
413 337.1351 435.9560
414 348.6190 438.0135
415 352.9626 635.2272
416 456.6695 621.4753
417 321.7200 436.0205
418 358.2504 694.8719
419 314.8809 479.5561
420 338.1937 518.4424
421 331.5971 703.7446
422 396.7176 663.5143
423 372.4044 566.6899
424 379.1743 681.9395
425 414.1398 562.8116
426 389.1601 584.7798
427 429.4740 592.4430
428 338.4432 725.5247
429 348.2261 528.6193
430 413.3495 676.1833
431 390.7998 695.8360
432 410.1075 641.3491
433 474.0077 598.5067
434 433.4543 642.4976
435 485.8528 611.5257
436 403.3684 608.9521
437 337.9163 500.8080
438 335.7846 556.5792
439 346.7961 560.6016
440 328.5874 544.5672
441 350.1820 422.9457
442 378.1932 413.7549
443 403.0250 410.9892
444 424.2804 412.1398
445 439.8307 417.8406
446 451.8124 446.1748
447 505.4055 492.9439
448 437.9548 472.1646
449 419.4926 478.2209
450 395.9363 478.3965
451 373.6505 474.3952
452 356.5661 468.7666
453 344.6017 462.9744
454 508.6595 493.0386
455 346.2452 565.1030
456 326.4681 506.3913
457 323.9195 557.9991
458 314.7110 566.5322
459 323.7558 560.6301
460 341.3371 570.5071
461 311.8749 568.5690
462 310.4275 572.0236
463 345.6089 448.8619
464 335.1101 453.5037
465 329.4814 456.8102
466 428.6930 434.9142
467 437.0867 431.4935
