# Image: /home/yaroslav/Projects/Diia.AIContest-AdAstrum/fixtures/FLUXSynID-processed/0121c7048028/0121c7048028_f_live_0_a_d1.jpg
# Mode: stream
# Status: fail
# Errors: image_blurry_or_out_of_focus: Image is blurry (sharpness score: 37.50); face_not_looking_straight_at_camera: Head is turned 178.7째 (max: 15.0째); head_is_tilted: Head is tilted 29.1째 (max: 10.0째)

# 2D Landmarks (index x y)
0 288.8032 625.5821
1 280.2114 556.0084
2 287.0679 579.9700
3 266.6057 481.3321
4 279.5114 531.8314
5 281.3387 501.6014
6 288.7820 431.4337
7 150.8831 431.9047
8 290.1844 382.7455
9 289.7250 353.6482
10 293.6689 249.1073
11 289.4873 636.5408
12 290.9008 644.1100
13 292.5396 646.0178
14 293.1278 677.0541
15 292.7112 685.6184
16 292.5570 696.3459
17 292.9793 709.2964
18 294.7282 731.9731
19 282.1122 569.0780
20 264.8969 567.6958
21 90.9283 363.9238
22 209.4019 449.7110
23 188.7397 451.1829
24 169.0414 450.5669
25 143.2979 440.9674
26 226.8431 444.6532
27 181.3454 397.4555
28 203.3736 398.3196
29 160.7856 401.3546
30 147.4428 409.1682
31 126.6893 456.3810
32 214.9516 762.8227
33 144.1217 428.1116
34 77.7195 456.8377
35 106.4434 445.6430
36 183.8452 538.0218
37 257.2580 621.7488
38 262.6638 643.2092
39 227.0015 627.2560
40 209.2112 635.3950
41 240.6480 643.6938
42 224.6846 645.8371
43 190.6236 677.2519
44 262.5831 555.5789
45 259.3901 532.2626
46 116.6456 390.5311
47 230.5582 483.9427
48 217.2315 549.1830
49 217.2646 537.0585
50 123.0027 535.8265
51 262.6614 504.2993
52 161.3322 364.4043
53 134.3064 373.3572
54 106.7828 322.3698
55 249.0628 379.1486
56 223.0087 404.6455
57 173.3153 651.1172
58 101.1025 670.6824
59 233.5490 562.2299
60 251.2916 569.3865
61 190.6776 651.4120
62 201.9655 651.4259
63 124.1416 360.1462
64 216.9915 558.5273
65 198.7726 364.7422
66 194.1641 346.7796
67 179.0554 264.5791
68 115.5587 340.1398
69 187.8538 303.0495
70 106.4719 382.6195
71 98.5441 374.1567
72 259.1953 634.6781
73 234.3067 637.3905
74 216.7272 640.8510
75 238.8279 565.9342
76 195.9425 651.3855
77 206.2536 663.4519
78 206.1915 651.4953
79 243.2799 556.0246
80 230.1019 644.2103
81 246.3317 643.9345
82 266.9194 645.0570
83 261.8180 730.0828
84 261.3681 706.1260
85 262.3436 692.9556
86 264.1771 682.1768
87 266.9129 674.9728
88 228.5434 666.3291
89 224.4720 668.7958
90 219.0992 673.8778
91 215.1045 681.0618
92 194.1747 614.3825
93 84.2964 560.9305
94 284.5396 574.2735
95 218.3512 661.7134
96 211.9768 661.5032
97 258.6014 579.2864
98 224.7542 571.6350
99 255.0494 574.6622
100 207.9513 496.4563
101 172.6151 509.9555
102 214.1036 546.8076
103 133.9796 288.2505
104 143.5299 315.3903
105 154.2475 347.3964
106 208.4526 697.7767
107 240.8875 350.0156
108 235.5303 299.5446
109 230.4815 252.9487
110 152.4387 447.4465
111 104.7610 472.8878
112 237.7671 438.8148
113 126.4462 417.7343
114 245.0942 469.1732
115 229.3030 541.4982
116 84.7930 490.6779
117 116.5462 484.8195
118 141.1277 490.3667
119 180.1285 487.0818
120 210.0607 478.8583
121 232.2446 468.5221
122 269.8238 438.0221
123 82.7472 534.6144
124 111.1022 416.4489
125 271.4165 567.9546
126 229.1091 504.7720
127 80.5410 461.1295
128 247.9417 456.1709
129 213.6381 548.3935
130 137.5120 430.3975
131 230.1147 526.7278
132 88.4279 614.7804
133 238.2476 430.6987
134 246.0528 513.3287
135 132.7858 712.1605
136 141.0240 743.6629
137 72.3907 549.4570
138 107.9048 684.8543
139 88.2041 412.4282
140 212.8556 787.5359
141 275.9055 573.2569
142 209.7594 520.6017
143 91.1149 451.9687
144 170.5408 436.8101
145 188.4828 438.3489
146 201.3074 666.7270
147 84.2045 580.3916
148 253.0503 821.4377
149 193.6682 791.0907
150 169.6101 771.2804
151 291.2815 299.4249
152 298.8141 827.2293
153 205.9744 437.6013
154 222.4555 434.8533
155 233.0737 432.9651
156 98.8881 414.1682
157 220.4785 417.3236
158 203.0976 412.3881
159 185.2572 411.2051
160 167.3391 414.6304
161 155.8612 420.3413
162 82.6415 407.3094
163 158.7671 434.4133
164 288.3283 594.8447
165 213.5431 601.8504
166 232.6564 559.2050
167 255.7418 595.9014
168 290.9233 407.0615
169 160.4941 740.8933
170 186.2157 764.0552
171 249.2419 803.9029
172 119.6378 713.6656
173 232.6049 425.0284
174 254.7518 473.3975
175 295.9747 808.5526
176 219.7651 808.6062
177 77.2515 599.3847
178 245.5009 671.0125
179 241.3465 676.1036
180 237.6626 684.3608
181 235.1452 695.9463
182 230.8317 716.3753
183 210.4237 647.6126
184 202.8863 645.5346
185 196.3040 642.1262
186 178.4570 630.1675
187 106.2869 587.5534
188 258.2413 452.3389
189 252.5145 414.6319
190 241.1059 418.6086
191 217.0127 645.1047
192 108.7461 646.0818
193 266.6305 411.8073
194 223.1200 738.2162
195 283.9617 477.4941
196 267.7217 460.6987
197 286.3110 455.2558
198 238.9823 508.2134
199 294.7473 783.7667
200 294.6670 755.2587
201 256.4439 753.2340
202 176.6027 688.6381
203 197.6155 566.5354
204 198.1869 716.7291
205 149.3368 564.2343
206 177.7465 588.6291
207 132.7892 601.0561
208 250.2982 780.4705
209 227.2176 520.9862
210 163.0511 710.1484
211 189.4788 737.6229
212 157.7014 657.7149
213 90.6910 620.7654
214 134.5475 666.7005
215 88.1777 645.4531
216 160.9636 615.5193
217 242.8050 489.0590
218 236.0646 552.0075
219 223.4640 556.9397
220 243.3355 536.0356
221 235.9841 397.3526
222 202.2425 386.6233
223 172.9493 385.2999
224 149.1999 389.8545
225 133.4712 400.4291
226 124.0949 437.9961
227 72.5445 502.4259
228 136.9361 463.7479
229 157.4742 468.4583
230 184.5290 468.1359
231 210.8608 463.5477
232 231.3543 456.2261
233 244.8988 448.5165
234 83.0187 511.1190
235 224.7155 562.1930
236 251.9154 492.7218
237 249.0824 552.8198
238 262.3151 564.3855
239 250.6901 556.9357
240 230.7141 568.5389
241 265.2398 566.3930
242 269.1874 571.3593
243 245.0996 431.8537
244 255.3549 436.1325
245 259.5323 438.5441
246 149.1454 424.5885
247 137.7940 418.2402
248 302.7173 481.2554
249 452.2311 429.3773
250 306.9032 568.3413
251 549.5682 357.5535
252 389.8695 447.9975
253 411.8433 449.1155
254 433.3367 448.1866
255 463.0476 438.5189
256 371.0174 443.1957
257 415.7217 394.8972
258 392.9010 395.8940
259 438.0451 398.5996
260 453.8113 406.4539
261 483.9534 453.8539
262 385.9658 767.3314
263 460.6483 425.5681
264 563.1715 453.5235
265 511.1247 442.7227
266 409.6504 537.5314
267 322.6798 622.2593
268 322.1627 643.8615
269 359.5772 628.6302
270 384.7298 636.9671
271 349.1961 644.9213
272 371.0579 647.1157
273 415.6176 680.1301
274 299.3774 555.7778
275 300.9784 532.2102
276 489.0747 387.1043
277 360.1509 483.0889
278 361.6730 549.1707
279 363.9042 536.8628
280 481.6061 534.6534
281 301.6974 504.2774
282 429.7780 360.7587
283 463.5527 369.7868
284 520.2803 315.1030
285 333.8281 377.6803
286 373.3172 402.6685
287 434.3349 653.4900
288 558.0835 675.4981
289 346.3161 562.4114
290 326.6439 569.6480
291 415.3807 653.5840
292 404.8111 653.1157
293 477.3322 356.1305
294 366.0363 558.6114
295 386.8685 361.7760
296 390.6280 343.4030
297 419.6412 259.0201
298 497.6683 334.4304
299 402.2448 298.6217
300 505.2189 378.7618
301 527.0310 369.1557
302 322.6770 635.3168
303 353.4864 638.6020
304 377.6360 642.2198
305 341.4389 566.2746
306 410.2367 653.3942
307 396.5269 665.3694
308 401.6562 653.1351
309 328.8551 556.3202
310 367.8732 645.2574
311 346.0645 644.8534
312 321.2131 645.3878
313 330.4187 731.4118
314 327.0405 707.2087
315 325.2811 693.9029
316 323.6991 683.3177
317 321.9624 676.0826
318 370.3474 667.9426
319 373.8634 670.2868
320 378.9760 675.7692
321 383.5522 683.1671
322 400.0297 615.1381
323 579.1901 561.3862
324 385.0780 663.3461
325 390.7035 663.3240
326 319.0477 579.6274
327 360.6422 571.9591
328 322.5630 574.9774
329 385.6679 495.3037
330 423.9633 508.5993
331 370.5608 546.6458
332 478.4703 281.2645
333 457.8888 309.9730
334 438.2394 343.1494
335 393.8790 700.5462
336 339.7778 348.0679
337 349.1777 296.9931
338 360.4481 249.7791
339 452.0655 444.9326
340 510.7367 470.4721
341 358.7828 437.6404
342 481.0521 414.9987
343 342.6702 468.5960
344 343.0655 541.3794
345 539.4934 488.6958
346 493.3417 482.4562
347 462.5828 488.1986
348 418.6664 485.4053
349 386.1702 477.5244
350 361.7250 467.6193
351 309.9133 437.7139
352 539.8868 533.6313
353 501.7565 413.2238
354 293.6290 568.2557
355 358.3910 504.1211
356 578.1769 457.7401
357 343.4708 455.3908
358 375.3816 548.2350
359 469.5767 427.8719
360 345.3532 526.4368
361 574.1990 617.4662
362 359.5426 429.6926
363 322.9664 513.0847
364 496.4868 718.9740
365 498.9346 752.3451
366 570.1789 549.6281
367 529.3009 690.4291
368 546.0722 408.0366
369 390.5884 793.3316
370 293.6167 573.3876
371 381.0575 520.0329
372 534.0172 449.2145
373 429.6945 434.3674
374 410.9213 436.1540
375 402.2903 668.9657
376 541.1568 581.3625
377 347.3717 825.2127
378 424.0422 799.1248
379 458.7358 780.0515
380 392.8821 435.5804
381 375.8323 433.1379
382 364.8806 431.5946
383 521.4602 410.4861
384 378.1351 415.5596
385 396.6516 410.3661
386 414.2850 409.1944
387 432.9081 412.3669
388 445.7057 417.8670
389 567.9740 402.2683
390 442.8518 431.8830
391 374.4442 602.4405
392 345.0546 559.3421
393 323.4761 596.1550
394 460.6651 748.2920
395 427.1118 771.4861
396 345.9259 807.3339
397 530.9413 720.7797
398 365.0751 423.8967
399 323.8033 473.0632
400 387.8215 814.8891
401 566.8329 601.5988
402 347.8567 672.6142
403 351.2690 677.6529
404 354.6796 686.0972
405 357.6924 697.6930
406 366.1119 718.9048
407 391.9948 649.2558
408 398.5030 647.3397
409 404.7932 644.0466
410 422.5935 631.5593
411 507.1431 588.2256
412 325.6054 451.8186
413 340.0014 413.4354
414 354.6297 417.1997
415 387.0837 646.3896
416 515.6144 649.2172
417 319.3512 411.1626
418 376.7135 741.7920
419 306.5236 460.4512
420 340.5287 507.7736
421 336.2409 755.2338
422 433.0323 692.4233
423 395.2198 566.5499
424 407.6582 720.7980
425 449.3320 564.0946
426 419.2047 588.9222
427 473.6144 601.9503
428 342.4573 783.1179
429 357.6128 520.5292
430 451.4937 715.6701
431 419.5408 743.3635
432 452.2887 660.5573
433 538.5484 623.0641
434 482.7041 670.6636
435 555.2520 649.2372
436 442.6268 616.4926
437 340.5127 488.5351
438 335.6530 552.3486
439 354.6883 557.0536
440 322.6859 536.2368
441 355.4777 395.8225
442 389.6512 384.1884
443 420.4526 382.2430
444 447.6726 386.8044
445 468.4273 397.2902
446 487.5373 435.2222
447 569.3398 500.9179
448 470.3337 461.2437
449 446.4014 466.1664
450 416.2552 466.1875
451 387.7296 461.9753
452 365.4789 455.0207
453 350.0346 447.4885
454 579.4227 509.4791
455 356.2989 562.4388
456 321.7663 492.3659
457 316.7088 553.2696
458 306.2561 564.9698
459 318.5008 557.5262
460 351.7114 568.9934
461 301.3340 566.8701
462 301.5913 571.9278
463 350.7440 430.6884
464 337.9331 435.1712
465 329.7946 437.9018
466 453.8358 422.0435
467 466.7294 415.4291
