# Image: /home/yaroslav/Projects/Diia.AIContest-AdAstrum/fixtures/FLUXSynID-processed/003705bb8fe8/003705bb8fe8_m_doc.jpg
# Mode: stream
# Status: fail
# Errors: hair_covers_part_of_face: Possible hair occlusion detected (score: 0.275)

# 2D Landmarks (index x y)
0 307.2498 593.7000
1 308.3378 526.6845
2 307.3063 550.1562
3 290.6720 462.5321
4 308.1441 505.4700
5 307.4609 479.3296
6 305.6680 420.1019
7 170.7893 428.0642
8 304.5599 384.1901
9 304.2341 359.7056
10 301.7770 262.1336
11 307.3598 603.0326
12 307.3268 609.5289
13 307.3036 611.6642
14 307.8261 615.3421
15 308.0524 620.9543
16 308.1690 629.1619
17 308.3608 639.9764
18 308.5067 665.2727
19 308.0781 538.4064
20 288.7730 538.4713
21 97.6010 367.8025
22 224.3052 441.9145
23 205.4368 444.1159
24 187.3823 443.9604
25 163.5141 436.7462
26 240.4410 436.4069
27 199.7713 400.7916
28 218.9614 400.1720
29 181.9180 404.5177
30 169.7084 410.8481
31 147.1887 450.1746
32 235.3657 709.5304
33 164.4200 424.8325
34 88.1231 452.1121
35 124.6908 441.8594
36 209.6888 518.6098
37 282.2099 591.1221
38 285.4148 609.7261
39 256.1900 598.0397
40 239.1541 606.9958
41 266.2167 611.5897
42 250.8257 614.6901
43 216.8487 639.0878
44 291.6898 526.8327
45 289.3252 506.3433
46 138.3784 396.8628
47 248.6347 468.8947
48 243.5721 524.4332
49 242.6607 514.2874
50 151.7768 520.5070
51 290.0301 482.1653
52 185.2781 374.5270
53 157.8592 382.5083
54 116.6825 329.6925
55 268.0510 383.4561
56 236.5296 403.7495
57 200.2334 622.1586
58 102.0853 643.5057
59 257.5602 535.4847
60 274.3523 541.3132
61 220.3445 619.8273
62 228.6453 618.5586
63 146.5606 371.0614
64 242.2130 533.4700
65 221.8689 373.5929
66 217.6923 357.1721
67 193.4389 276.4181
68 132.3476 348.3745
69 207.4375 313.1242
70 126.2061 389.6441
71 112.0761 378.8865
72 283.4557 602.3943
73 262.0491 606.6387
74 245.3554 611.2689
75 262.4197 538.9179
76 224.6087 619.1932
77 234.6162 620.8558
78 230.7803 618.2593
79 269.3683 528.3536
80 253.9410 613.3444
81 269.6765 612.0180
82 287.7005 611.7514
83 283.3973 665.8291
84 285.2077 639.8196
85 286.0544 628.3018
86 286.7820 620.2659
87 287.8512 615.4020
88 252.8498 616.8508
89 250.6403 618.3366
90 247.3009 622.8182
91 244.0760 629.6381
92 223.0333 587.2432
93 83.8901 546.7236
94 307.6921 543.6078
95 242.3771 618.1401
96 238.8362 618.3217
97 281.3689 550.2521
98 249.1896 545.6271
99 277.9235 545.9271
100 228.3446 481.5119
101 197.3788 495.3592
102 239.0739 523.5916
103 146.9523 298.4937
104 162.8262 325.9322
105 178.0228 359.0055
106 234.8306 650.0482
107 261.1182 357.9519
108 252.3050 308.2461
109 243.2117 265.3077
110 172.1295 442.0158
111 125.9234 465.2808
112 250.6775 430.7614
113 147.2103 417.8839
114 262.3366 454.9789
115 256.8920 516.3982
116 104.6343 481.8393
117 139.7182 475.8317
118 164.7767 479.9228
119 201.0452 475.3632
120 227.8007 466.5063
121 247.9172 456.1486
122 287.6036 426.3488
123 106.4632 521.7403
124 130.2416 417.3805
125 298.0187 537.6456
126 249.8118 486.7322
127 81.7537 456.7542
128 262.8172 444.4257
129 237.3949 525.9433
130 158.0807 428.0493
131 256.1981 504.0645
132 88.7843 594.7274
133 250.4027 423.6946
134 273.1155 490.9774
135 145.0255 676.7982
136 146.2136 705.6374
137 86.3853 535.5450
138 120.0108 653.5169
139 99.6888 412.1893
140 230.3014 734.0077
141 299.6164 542.8903
142 232.3317 502.2488
143 107.6148 447.8457
144 189.0592 432.0417
145 205.3678 433.0052
146 230.2917 625.1763
147 108.0116 562.5175
148 267.6944 761.6887
149 204.9210 742.9307
150 177.4061 728.1950
151 302.9367 307.7138
152 309.7757 762.9065
153 221.1830 431.4820
154 236.1866 428.1148
155 245.6972 425.9156
156 115.8377 415.5245
157 233.9677 411.3146
158 217.7887 407.4808
159 202.0269 406.9966
160 185.9698 410.8927
161 175.7402 416.6184
162 86.9278 407.3423
163 178.1190 430.0189
164 307.3685 564.1120
165 240.9472 574.3096
166 257.5047 532.3244
167 279.5652 566.0424
168 304.9704 402.0008
169 173.2076 700.3322
170 200.3958 718.0987
171 266.9814 743.3529
172 122.3289 680.1620
173 245.4305 418.1940
174 275.5250 456.8612
175 309.8058 743.8893
176 234.2710 754.3081
177 91.1538 579.8524
178 269.0397 615.5620
179 266.8533 619.2006
180 264.9025 625.5958
181 263.0314 635.8109
182 256.7078 659.3133
183 237.0500 617.2115
184 231.6982 616.2039
185 226.0974 613.8574
186 207.3595 603.3990
187 133.8877 567.0551
188 275.4804 439.4138
189 265.8356 410.0786
190 253.6125 413.9204
191 240.9716 615.0159
192 129.6521 618.8165
193 281.7068 406.9969
194 245.3858 684.7014
195 306.8709 458.5564
196 288.7572 444.9529
197 306.2862 439.6295
198 262.0852 488.2687
199 309.5419 719.2733
200 309.0455 690.4874
201 276.9177 691.7503
202 198.1081 652.0818
203 222.2230 543.0260
204 220.0678 671.7197
205 178.1574 543.1666
206 204.1358 563.7795
207 159.9079 577.6146
208 270.2630 719.6403
209 249.6397 500.5846
210 180.7628 672.2078
211 207.7330 692.7979
212 180.9481 628.3619
213 111.6309 597.8218
214 155.4414 636.2076
215 100.5214 619.6994
216 187.3279 591.0051
217 263.1738 471.6404
218 263.1528 525.0592
219 249.3138 530.8882
220 272.3093 510.5718
221 251.5356 398.2205
222 220.9997 391.5540
223 194.5887 391.3206
224 172.3077 395.1156
225 156.1678 403.7823
226 143.4613 434.7412
227 84.6879 493.1538
228 158.1323 456.5393
229 177.5083 459.8954
230 202.4626 458.6797
231 226.5769 453.5110
232 245.4703 446.0051
233 258.3538 438.5985
234 82.6370 501.9412
235 249.5139 536.1157
236 275.8566 473.2515
237 277.6379 524.7965
238 288.1033 535.0309
239 277.3420 528.7555
240 254.9947 542.0777
241 291.7776 536.5560
242 293.1978 541.4742
243 257.3028 424.6350
244 268.3289 427.5821
245 274.0460 428.9190
246 169.5042 420.9878
247 159.4737 418.0865
248 322.9952 462.0340
249 438.6163 422.5605
250 326.3266 538.1993
251 504.2166 362.1579
252 385.6716 438.7716
253 404.7329 440.4010
254 422.6881 439.6079
255 445.6275 431.0714
256 369.3771 433.7848
257 408.6045 395.6450
258 389.0920 396.0932
259 426.8611 398.7834
260 439.2898 404.6305
261 461.7268 444.5809
262 381.9819 706.1576
263 444.7278 418.8104
264 516.5134 445.2776
265 482.8264 435.3109
266 402.2134 515.7319
267 332.0376 590.3510
268 328.9554 609.0172
269 357.5189 596.5223
270 373.9883 604.9083
271 347.6156 610.3992
272 362.5203 612.9071
273 396.3902 635.8962
274 324.7114 526.3623
275 326.6211 505.8444
276 469.5087 388.6696
277 362.3884 467.1018
278 370.0728 522.9239
279 370.3182 512.6044
280 459.2132 515.5710
281 324.8339 481.6842
282 422.9689 367.5286
283 450.3113 374.6403
284 485.5005 324.4277
285 340.9298 380.8963
286 371.7886 400.7448
287 412.1655 618.7588
288 504.7225 636.0412
289 356.3452 534.4102
290 339.8885 540.7828
291 391.7605 617.2201
292 383.8010 616.1732
293 460.9404 362.7898
294 371.1130 532.0329
295 386.4570 368.4228
296 390.2907 351.7924
297 409.4020 273.2762
298 472.5087 341.7256
299 398.1488 309.1425
300 480.5531 381.6775
301 492.4163 372.1820
302 330.8836 601.7546
303 351.7913 605.2517
304 367.9740 609.3227
305 351.4471 538.0190
306 387.5636 616.6519
307 378.1799 618.4005
308 381.6691 615.8682
309 345.5340 527.3210
310 359.0989 611.7458
311 343.9807 610.8914
312 326.6383 611.0663
313 333.6669 664.7971
314 331.1639 638.7880
315 329.9673 627.4264
316 328.9144 619.6051
317 327.4848 614.8912
318 360.8702 615.0814
319 363.1318 616.3961
320 366.4547 620.6559
321 369.8858 627.2880
322 390.2709 584.7723
323 519.9356 539.5720
324 370.7358 616.1235
325 374.1094 616.1325
326 333.1413 549.7475
327 364.1006 544.4945
328 336.3381 545.4550
329 382.7233 479.0704
330 413.8329 491.9616
331 373.8217 521.8407
332 455.4872 294.1005
333 442.6518 320.0783
334 429.6411 351.6182
335 379.8136 647.1242
336 347.1482 355.1245
337 353.4458 306.3076
338 359.9961 263.8313
339 437.4986 437.0113
340 482.7281 459.4705
341 358.9378 428.5130
342 461.0349 411.0754
343 348.7585 453.5032
344 357.4678 515.0400
345 503.3617 475.3803
346 469.9127 470.5014
347 445.5175 475.4443
348 409.5186 471.9717
349 382.7959 463.8844
350 362.4124 454.1743
351 323.6591 425.6967
352 502.6995 515.2384
353 477.1270 410.2060
354 317.9879 537.4582
355 361.9502 485.1522
356 519.9929 450.3226
357 347.4759 442.9377
358 374.8014 524.1813
359 450.7896 421.8811
360 357.3833 502.7425
361 516.2726 587.3766
362 358.9280 421.3921
363 341.2188 489.9679
364 466.9880 670.1688
365 465.2956 698.6799
366 520.2645 528.2789
367 490.2424 646.2621
368 504.6440 405.5956
369 387.1944 730.1206
370 315.6993 542.7334
371 379.2751 500.1440
372 499.0188 441.0989
373 421.0776 427.6095
374 404.8614 429.1656
375 382.4942 622.5780
376 501.4923 555.8735
377 351.2266 759.6787
378 410.8154 737.7427
379 436.4861 721.9355
380 388.7659 428.0743
381 373.5492 425.1700
382 363.8419 423.3522
383 490.5852 408.3030
384 374.9867 408.1463
385 390.9791 403.4428
386 406.9452 402.3469
387 423.1051 405.5315
388 433.4473 410.7983
389 514.7426 401.5053
390 431.6153 425.0897
391 372.7431 572.4735
392 356.7491 531.0636
393 334.8433 565.4212
394 440.6909 694.4589
395 414.9744 712.9609
396 352.2148 741.4621
397 486.8627 672.8823
398 363.6943 415.6015
399 336.7939 455.9174
400 383.3442 750.6116
401 516.4136 572.4126
402 345.6398 614.3742
403 347.9656 617.8192
404 350.2023 624.0506
405 352.3268 633.9802
406 359.2188 657.2108
407 375.7008 615.0675
408 380.9541 613.8623
409 386.3279 611.4256
410 405.2622 600.3916
411 477.1146 561.3339
412 335.6630 438.3275
413 343.1094 408.1311
414 355.3163 411.6812
415 371.6270 613.0219
416 481.3919 612.3648
417 327.9038 405.8476
418 371.0017 681.8636
419 323.6564 444.3430
420 350.6939 486.9282
421 340.9232 690.2175
422 415.6746 648.0810
423 390.2574 540.7014
424 394.7984 668.1407
425 433.8255 539.1184
426 408.5815 560.7737
427 452.1030 572.7429
428 348.7151 717.8851
429 362.5102 499.0647
430 433.2151 667.1104
431 407.5168 688.3151
432 431.9429 623.9696
433 498.2318 590.9022
434 456.8590 630.6029
435 508.1427 612.2651
436 425.2170 587.2303
437 348.7809 470.2927
438 351.7053 523.8441
439 364.7500 529.4150
440 343.0345 509.5933
441 356.9848 395.3532
442 387.1478 387.0693
443 413.7662 385.7015
444 436.2348 388.8239
445 452.3812 396.8528
446 464.8853 428.4210
447 521.0813 486.1280
448 451.4132 451.3377
449 432.4714 455.4264
450 407.6706 455.1054
451 383.5790 450.5669
452 364.6887 443.8508
453 351.6282 436.7535
454 519.7813 495.2269
455 364.1566 534.8752
456 337.4120 472.2802
457 338.2330 523.9726
458 327.3576 534.6224
459 337.9783 527.8922
460 358.6213 541.0692
461 324.1077 536.1587
462 322.0408 541.3160
463 352.0977 422.5185
464 341.3504 426.0494
465 336.1392 427.7360
466 439.5918 415.0497
467 449.2986 411.6182
