# Image: /home/yaroslav/Projects/Diia.AIContest-AdAstrum/fixtures/FLUXSynID-processed/0053e2c19a21/0053e2c19a21_f_live_0_a_d1.jpg
# Mode: stream
# Status: fail
# Errors: image_blurry_or_out_of_focus: Image is blurry (sharpness score: 30.43); face_not_looking_straight_at_camera: Head is tilted up/down 12.2° (max: 10.0°)

# 2D Landmarks (index x y)
0 329.3978 620.0744
1 340.6400 545.4717
2 327.4798 573.8711
3 311.1868 477.9192
4 341.5061 522.3127
5 336.7942 495.4166
6 320.3460 433.6863
7 135.8057 434.6777
8 315.5027 381.4351
9 316.1312 352.4384
10 306.6262 262.0428
11 328.7166 631.2458
12 326.5577 640.9293
13 323.2516 645.9835
14 323.6140 654.5737
15 324.9621 663.5613
16 325.3007 675.7378
17 324.0647 689.1566
18 318.3491 713.4469
19 336.4758 559.1112
20 310.2224 560.9007
21 22.2820 362.5937
22 204.8170 455.2614
23 181.1718 456.7152
24 158.1685 455.2010
25 125.2024 443.0753
26 224.7382 449.6905
27 177.4594 393.1136
28 202.2006 395.9328
29 152.6268 396.0325
30 134.7225 404.4058
31 105.2636 458.4809
32 224.3964 754.6447
33 126.6480 428.7564
34 16.0312 456.4894
35 75.2890 444.2338
36 198.7342 540.2971
37 300.6643 617.2602
38 301.7612 641.6990
39 267.4416 627.6950
40 244.6352 640.0504
41 277.4789 645.3629
42 257.7797 650.3952
43 206.5538 681.0053
44 321.3093 545.2922
45 319.1852 523.2269
46 96.8531 380.2139
47 242.8773 485.8821
48 254.1117 547.2627
49 249.8216 536.4901
50 121.4367 540.9419
51 315.6100 498.1983
52 160.9548 353.0540
53 124.8686 361.5662
54 56.1009 319.9145
55 265.6203 374.7415
56 223.0269 404.7845
57 188.9158 660.0262
58 21.2136 671.0245
59 270.2244 559.6339
60 290.0549 566.3348
61 216.0821 659.6037
62 225.8555 657.8430
63 108.9582 347.8073
64 249.8549 558.8958
65 207.0137 356.1674
66 203.4928 338.0512
67 170.2248 266.9585
68 83.7831 333.5568
69 190.4475 301.3068
70 78.3488 372.6922
71 51.4271 368.9390
72 301.3855 630.8938
73 274.0125 638.2213
74 252.1256 645.4109
75 275.4265 564.3712
76 221.6117 659.0248
77 233.4766 661.8047
78 227.1702 656.6869
79 288.6840 549.1036
80 259.2655 649.8837
81 279.1478 647.4119
82 301.0035 646.0535
83 287.3235 713.4135
84 295.1349 687.9278
85 297.7539 673.7701
86 299.3887 661.9145
87 300.0252 654.4196
88 256.1174 656.2420
89 253.4189 658.9299
90 248.7352 665.0809
91 243.8515 673.3913
92 222.9522 617.4043
93 -6.1687 561.5156
94 331.7641 565.7922
95 242.0704 657.4354
96 238.5325 658.6142
97 298.1333 575.8242
98 255.9173 573.6305
99 294.4088 571.3916
100 217.0339 499.4680
101 179.2855 513.9605
102 243.3735 547.7593
103 103.5633 286.9145
104 127.8972 309.6564
105 151.4866 335.8001
106 227.8123 694.3303
107 259.8517 345.6018
108 249.4210 303.0920
109 235.6254 260.1841
110 137.3666 451.1895
111 78.9399 475.3439
112 238.0695 443.6630
113 105.6403 413.2741
114 260.9653 470.6733
115 273.3126 535.9039
116 48.2269 492.5529
117 99.2817 489.0345
118 133.6220 495.4396
119 179.7941 491.5033
120 212.6341 482.6079
121 238.0651 471.7118
122 297.6943 439.6003
123 53.0129 538.4998
124 83.8672 410.5298
125 325.3035 558.2085
126 248.8573 505.6906
127 -8.5660 461.7940
128 257.5602 459.0403
129 237.2039 550.9425
130 117.0493 429.8721
131 268.6574 523.2715
132 1.3748 615.2065
133 237.1171 435.9105
134 292.3362 507.9444
135 100.4393 714.3238
136 89.8035 744.6492
137 13.9125 550.6564
138 64.3690 686.0807
139 32.0754 410.0623
140 215.8272 780.1674
141 323.1893 564.9400
142 226.3687 522.9586
143 50.8113 450.5562
144 160.6311 442.3543
145 181.2938 444.6840
146 227.1141 666.7408
147 55.4134 583.6686
148 258.1548 810.8488
149 173.4025 787.8263
150 134.8919 770.8367
151 312.2125 307.1710
152 308.6616 812.5167
153 200.9405 443.9071
154 219.0917 440.7980
155 230.9590 438.5332
156 61.9834 408.4837
157 217.9306 420.6618
158 198.1682 414.1917
159 178.9653 412.3452
160 158.1599 415.0324
161 143.9558 420.2886
162 2.0295 407.2194
163 146.1892 438.6407
164 326.9115 588.8160
165 246.0920 603.3951
166 271.8334 555.2393
167 295.5252 592.3755
168 315.0413 408.9488
169 138.1114 741.3303
170 174.9292 761.6799
171 263.5241 792.0837
172 52.8144 714.1724
173 231.8265 429.5903
174 285.2249 472.4063
175 315.2181 793.6971
176 214.5145 801.6347
177 20.0869 600.1208
178 277.1499 654.6687
179 274.3933 660.0644
180 271.3211 669.2220
181 267.6853 682.0324
182 254.7596 705.7071
183 238.9779 654.7441
184 233.1325 653.0585
185 226.2427 650.0659
186 202.4485 636.8180
187 97.6473 591.1516
188 279.7683 453.5730
189 258.7675 417.2830
190 242.6692 421.8855
191 242.0478 652.2346
192 86.5614 648.7662
193 283.5318 413.2012
194 238.0513 730.1395
195 330.9694 474.2025
196 304.2560 459.5921
197 325.7702 454.5427
198 269.9037 506.4742
199 318.3189 768.3778
200 318.5151 738.8511
201 278.7474 738.9963
202 179.5610 692.1868
203 217.3534 569.3910
204 205.3886 715.1548
205 160.7994 566.7232
206 195.3106 591.2375
207 136.2390 604.8959
208 270.2594 767.3158
209 252.2459 521.0481
210 152.9065 712.4323
211 187.8020 735.7124
212 161.1539 664.4231
213 58.9552 623.0381
214 123.4367 671.1903
215 33.7074 645.7661
216 174.4806 621.6871
217 267.0844 488.6917
218 281.9561 545.2040
219 262.0296 553.9750
220 295.7660 528.2081
221 241.2866 396.3848
222 204.8146 381.8238
223 171.9205 378.0145
224 142.5487 381.6747
225 119.6624 392.9772
226 99.2433 436.9854
227 11.9554 503.0190
228 120.3118 466.8550
229 146.7076 472.5355
230 178.8332 472.6162
231 208.5681 467.8799
232 231.9943 460.3173
233 248.5478 452.5413
234 -8.6977 511.9195
235 260.3998 561.2472
236 290.4495 489.5277
237 302.6015 543.9003
238 311.9828 556.3345
239 299.9137 548.9377
240 265.2737 568.8702
241 317.6193 557.3490
242 315.6829 564.0125
243 246.9190 436.4333
244 261.7782 439.9226
245 272.3302 441.4242
246 134.9237 424.6567
247 120.3314 414.8191
248 347.6315 478.6696
249 449.7303 443.2210
250 347.9891 561.2556
251 488.9089 381.8282
252 392.4496 461.1772
253 413.2818 463.4271
254 432.0331 462.6470
255 453.3648 451.7483
256 375.0137 454.8095
257 421.3098 401.7643
258 398.4735 403.8684
259 441.8060 405.5121
260 453.8689 414.4511
261 465.8801 467.9833
262 389.8538 749.6767
263 454.9124 437.7628
264 495.5392 469.3295
265 480.7190 454.9370
266 414.8275 543.7082
267 354.1394 617.3596
268 346.7014 641.5662
269 376.7222 627.0094
270 388.7129 639.4490
271 362.2815 644.5706
272 373.4810 649.5911
273 404.6499 679.3703
274 356.7260 546.1009
275 360.3637 524.1617
276 481.1780 391.8385
277 372.5577 489.1542
278 389.0704 548.6809
279 387.8398 538.0579
280 467.9026 546.6853
281 354.6024 498.9930
282 445.8924 363.1412
283 468.6280 372.6200
284 480.2303 339.7185
285 360.1592 378.3171
286 378.3663 411.5365
287 419.5857 659.3989
288 464.8915 669.5227
289 372.5133 560.6728
290 356.4758 566.5728
291 398.6929 659.0442
292 388.0926 656.8653
293 476.9083 360.1628
294 385.9704 559.7355
295 411.1961 363.8259
296 415.4789 346.5116
297 418.4870 281.2250
298 479.6663 349.6018
299 416.3962 312.6370
300 487.8833 385.8735
301 489.2107 385.2474
302 351.5911 630.8161
303 369.7572 637.3714
304 381.8017 644.6338
305 366.4878 564.6789
306 393.5671 658.2220
307 387.5984 661.0918
308 384.7441 655.6120
309 368.6638 550.3536
310 366.7370 648.9461
311 355.1567 646.7378
312 340.8592 645.8764
313 345.4127 712.2302
314 349.0615 687.3642
315 348.9618 673.3496
316 346.6303 661.6813
317 343.3885 654.3602
318 370.6813 655.5376
319 374.5672 658.2965
320 379.7913 664.4046
321 383.8409 672.5637
322 403.8732 617.6996
323 477.7792 568.3571
324 376.9778 656.6083
325 382.2202 657.8181
326 350.7985 575.5921
327 376.6511 573.3997
328 353.5404 571.4571
329 392.8021 503.4447
330 425.3296 519.1334
331 388.2514 548.8847
332 458.7502 305.5234
333 456.9728 324.5430
334 452.4112 347.0152
335 390.1159 692.1161
336 368.5153 350.3068
337 369.4053 309.5175
338 369.5628 268.3354
339 446.3511 459.2508
340 483.1422 485.3356
341 363.9065 448.0543
342 469.3579 423.5462
343 360.0454 473.4911
344 381.9428 537.9037
345 497.8737 502.7666
346 475.9780 498.0082
347 455.2593 503.0377
348 419.3984 497.4135
349 391.2687 487.2620
350 370.2039 475.5385
351 338.6065 441.0284
352 498.8676 545.9570
353 481.0857 421.9579
354 346.0591 558.6758
355 374.0609 508.1436
356 484.4101 475.4455
357 355.6437 462.2113
358 385.7720 552.0148
359 459.3233 439.3188
360 379.2014 525.1016
361 474.2746 618.1377
362 362.1930 439.9852
363 368.0983 509.3596
364 454.0160 708.6859
365 442.1695 736.6027
366 498.5128 557.8872
367 470.6048 682.9165
368 491.6525 425.2500
369 391.6950 773.4628
370 339.3084 565.2561
371 390.1756 525.6132
372 490.9084 462.0219
373 432.4802 450.2839
374 414.7499 452.0928
375 392.3469 665.9879
376 493.7132 588.2610
377 352.9350 806.6583
378 403.7329 778.6554
379 422.2540 761.2317
380 396.4028 450.4978
381 379.4358 446.3367
382 368.1620 443.2029
383 488.4751 421.0965
384 380.1932 426.3205
385 398.1776 421.1287
386 416.7780 419.6129
387 434.8680 422.7521
388 445.5294 428.6769
389 489.7351 424.4571
390 443.2235 446.9275
391 387.8803 603.1958
392 374.9481 556.4970
393 354.3457 592.1303
394 433.6310 733.9707
395 413.4839 753.5895
396 360.3148 788.3178
397 454.2150 709.0061
398 367.8697 434.0706
399 354.7192 474.1097
400 382.6596 794.1416
401 492.3872 603.7966
402 359.0227 654.2907
403 363.1842 659.6290
404 367.0727 668.8338
405 369.4845 681.1222
406 371.0687 703.8365
407 382.3912 653.7214
408 389.9116 652.3158
409 396.4726 649.5645
410 415.6446 637.0636
411 477.5290 595.0027
412 348.7579 455.7439
413 350.3567 420.7391
414 360.1280 426.5545
415 375.7803 651.1927
416 472.8122 648.6931
417 338.7359 415.1606
418 380.0992 726.4133
419 343.8224 460.7008
420 368.8764 508.3115
421 352.1743 736.8105
422 421.2034 689.4182
423 401.4740 570.6597
424 402.1196 711.1193
425 444.8915 570.5422
426 420.3358 593.0769
427 457.8097 607.2792
428 359.7694 764.2930
429 376.9553 522.9443
430 433.8648 707.6528
431 411.3886 729.6955
432 437.1504 663.5120
433 486.2874 624.9504
434 455.4408 669.3584
435 483.8070 646.0382
436 433.8244 623.0748
437 363.5841 490.8810
438 376.0207 546.8128
439 383.6267 555.3222
440 372.8752 529.5891
441 368.6728 401.0909
442 402.8991 388.9552
443 431.7015 387.2203
444 453.7696 392.0823
445 466.4544 403.7490
446 468.4645 446.6918
447 499.6750 513.4793
448 458.6689 475.7487
449 441.1298 480.1992
450 416.1744 478.9796
451 390.6544 473.1581
452 370.5600 464.7730
453 357.3346 456.1889
454 479.0903 522.1681
455 379.8752 562.0305
456 359.7302 490.8819
457 367.3626 544.8970
458 352.3613 556.6963
459 363.4903 549.9616
460 372.5805 568.9484
461 351.0175 558.0953
462 344.6590 564.2239
463 356.0262 440.1389
464 346.9161 443.0310
465 344.6265 444.0662
466 451.1361 433.3302
467 460.8049 424.6634
