# Image: /home/yaroslav/Projects/Diia.AIContest-AdAstrum/fixtures/FLUXSynID-processed/005afc2e648b/005afc2e648b_f_doc.jpg
# Mode: stream
# Status: fail
# Errors: strong_shadows_on_face: Strong shadows or uneven lighting detected (difference: 63.8); face_too_small_in_frame: Face occupies only 38.0% of frame (min: 50.0%)

# 2D Landmarks (index x y)
0 302.1135 575.7860
1 300.4679 513.0230
2 301.3088 534.7360
3 283.2076 453.4082
4 300.2008 493.3463
5 299.9797 469.1819
6 299.6213 412.8219
7 155.1598 415.8147
8 299.0487 363.2372
9 298.6856 336.9330
10 297.2471 257.9511
11 302.3010 585.2159
12 302.5326 593.0191
13 302.5905 596.8848
14 302.4066 602.9532
15 302.5585 611.0904
16 302.6554 621.5826
17 302.7518 632.6082
18 303.0494 650.2801
19 300.6577 523.6022
20 284.8348 523.9068
21 87.2159 351.3588
22 212.1068 432.9672
23 192.0268 434.5879
24 173.5204 433.2918
25 149.1508 422.9815
26 229.4231 427.3741
27 186.3801 381.1971
28 207.5328 382.8640
29 166.6981 384.1959
30 153.5143 391.4764
31 134.3865 435.5676
32 230.5687 679.0903
33 148.8891 410.6739
34 81.3163 430.2402
35 113.4555 421.9521
36 203.4127 506.3129
37 279.2663 573.7431
38 283.5232 593.4703
39 256.4559 581.9197
40 242.0644 591.6127
41 267.2993 596.1863
42 254.6374 599.6977
43 217.6943 622.7203
44 284.6346 512.9851
45 281.6879 494.3905
46 121.5037 366.7412
47 240.8275 459.1347
48 242.1972 513.3790
49 240.3313 504.0102
50 144.2747 507.2892
51 282.3395 471.8833
52 165.2253 342.1087
53 139.0027 350.3728
54 103.6778 315.7524
55 253.8696 358.1793
56 226.2895 389.6882
57 203.6460 605.9190
58 108.7708 601.7247
59 257.1185 523.4653
60 273.1574 528.2847
61 226.7491 606.0868
62 235.7792 604.1889
63 127.3608 337.9171
64 242.6113 522.7223
65 202.2044 343.1892
66 198.1848 327.4690
67 181.2971 268.6084
68 115.3527 326.5950
69 191.5372 297.5999
70 109.8681 359.5596
71 98.3660 356.5000
72 281.0399 584.9547
73 262.4969 590.5039
74 248.3524 595.9236
75 262.5848 526.8179
76 231.5651 605.5669
77 238.2165 607.7750
78 237.6250 602.7865
79 265.6155 514.8189
80 258.6564 598.9576
81 271.4127 597.6445
82 286.2109 596.8840
83 277.5438 649.9454
84 279.1058 631.3850
85 280.2648 619.9063
86 282.0103 609.6407
87 283.8046 602.8869
88 254.4513 603.2958
89 251.4283 605.8167
90 247.0854 611.0496
91 243.1288 617.7464
92 224.2371 571.5101
93 85.7530 513.5230
94 300.9949 528.2540
95 246.2091 603.8061
96 242.6139 605.0959
97 279.1380 536.1130
98 250.0210 534.3177
99 276.4032 532.3838
100 220.0732 471.1661
101 188.1524 484.4234
102 237.8607 513.1769
103 132.9933 287.2960
104 144.2257 305.7211
105 157.3590 327.0776
106 232.6183 633.4926
107 246.8556 332.5568
108 241.4550 297.6420
109 234.5250 260.3786
110 157.7771 429.9097
111 114.8189 449.7803
112 240.6480 421.6154
113 132.3388 396.5793
114 254.3793 445.7398
115 252.7367 504.3574
116 95.7840 463.4754
117 127.7351 462.7684
118 152.7051 468.9054
119 189.9143 464.9569
120 217.6479 456.5122
121 238.8258 446.6330
122 280.6462 418.3176
123 100.4052 502.5566
124 116.6254 392.9577
125 291.4887 522.9465
126 244.2108 476.4047
127 77.7591 432.3397
128 254.3035 435.1101
129 236.2181 515.3875
130 143.0878 411.8656
131 251.5046 493.1295
132 93.5192 557.0274
133 240.9944 414.2607
134 266.0764 480.1712
135 149.2115 641.3920
136 151.1277 661.6856
137 84.2888 508.3613
138 125.7839 617.7845
139 89.6762 391.3576
140 226.7915 697.0748
141 294.0170 527.6397
142 227.0127 491.2852
143 98.0176 426.5645
144 173.8574 422.4255
145 190.9659 424.4776
146 233.3909 611.8554
147 106.8013 539.0572
148 262.7105 721.8790
149 204.3908 698.6351
150 179.7135 683.7251
151 297.9433 298.3742
152 304.0039 725.2907
153 208.2065 423.3781
154 224.4787 419.7988
155 235.3210 417.0297
156 103.2066 390.3466
157 223.4183 401.3476
158 206.0600 396.4333
159 188.6881 395.3043
160 171.3353 398.2219
161 160.3663 403.2654
162 79.1633 388.1043
163 162.6018 419.1659
164 301.6097 547.5810
165 241.2119 559.8473
166 256.2648 519.8449
167 276.4450 550.6342
168 299.3368 388.8820
169 174.5484 663.6830
170 199.6585 680.2156
171 261.1482 709.3324
172 128.9615 636.4774
173 235.7355 408.7789
174 267.9624 447.7670
175 303.7659 712.3632
176 231.0947 712.0366
177 92.7309 548.3414
178 267.6482 602.6738
179 264.4937 607.4482
180 261.3659 615.3968
181 258.7341 625.6998
182 252.3375 642.9523
183 243.6393 602.4155
184 237.4967 601.3722
185 231.6145 599.0265
186 210.6452 587.5123
187 132.6353 547.3552
188 267.7566 430.5728
189 256.1034 397.6521
190 244.2863 402.9237
191 247.7722 600.0278
192 132.8895 591.6028
193 273.3713 393.3620
194 240.5996 660.9864
195 299.9767 449.9083
196 281.5410 436.8315
197 299.7668 432.0452
198 255.8267 477.7083
199 303.4612 693.6773
200 303.2828 670.6430
201 270.6155 669.7390
202 197.2279 630.2648
203 220.0930 530.7584
204 216.7990 648.3523
205 173.6375 528.8113
206 201.9877 549.1949
207 159.0331 559.5544
208 263.7696 691.4008
209 245.3847 490.0387
210 180.0839 643.8493
211 205.1403 662.5046
212 181.9912 608.1563
213 113.8365 570.0130
214 157.2793 611.0300
215 104.7579 584.8712
216 188.1289 574.4935
217 256.3353 461.7915
218 259.2956 511.9656
219 248.3207 519.0153
220 266.1489 498.0749
221 238.7767 379.7192
222 206.0054 368.5924
223 178.2228 366.6832
224 155.5127 370.3583
225 139.8519 379.8195
226 130.1824 416.5512
227 79.8298 469.1232
228 144.5951 443.5720
229 164.4137 448.5994
230 190.0983 448.4196
231 215.2969 443.7692
232 235.2622 436.5980
233 248.9110 429.2007
234 81.5511 472.9605
235 249.6763 524.7173
236 268.3344 463.3779
237 271.8092 511.0579
238 283.0106 520.5411
239 272.6139 514.7017
240 255.8065 530.4101
241 285.9416 521.8381
242 288.4961 526.6175
243 248.2118 414.8505
244 259.6550 417.7296
245 265.9749 419.1638
246 153.9964 407.2086
247 143.7313 399.4496
248 316.8620 453.0187
249 444.6309 412.5994
250 317.0862 523.3993
251 510.4571 347.7444
252 387.6671 430.9256
253 407.6987 432.2007
254 426.4653 430.5466
255 450.8042 419.6246
256 370.4749 425.7997
257 411.4453 379.4075
258 390.4992 381.4937
259 431.2952 381.7229
260 444.9593 388.6295
261 465.5900 432.3551
262 376.5445 677.9607
263 450.7831 407.4171
264 519.4692 426.6587
265 486.2992 418.5701
266 398.5937 504.0055
267 324.9146 572.8680
268 321.6028 592.7834
269 348.2305 580.2020
270 363.0320 589.4958
271 338.0345 595.0044
272 350.8849 598.1127
273 388.3076 620.6434
274 316.3864 512.5345
275 318.8289 493.8773
276 475.9642 364.1418
277 359.4245 457.7597
278 359.3626 511.5470
279 361.0161 502.1362
280 457.7594 503.9293
281 317.8679 471.4902
282 431.4238 341.2216
283 457.8861 348.6033
284 492.4603 312.2453
285 344.0079 358.3458
286 372.2596 388.7424
287 402.1309 603.3679
288 498.2725 599.2630
289 344.9114 521.8670
290 329.1889 527.2555
291 379.0989 603.8430
292 370.1733 602.0662
293 469.0912 336.1474
294 359.5881 520.8595
295 394.7909 343.0206
296 398.2050 327.3473
297 413.0800 266.6040
298 481.0400 323.7953
299 403.8654 296.4977
300 487.4926 356.8157
301 499.1336 353.2960
302 323.6957 584.0859
303 342.6276 588.9495
304 357.0533 593.9710
305 339.8569 525.4224
306 374.3987 603.3211
307 367.5638 605.7713
308 368.2812 600.7955
309 335.7116 513.6094
310 347.0296 597.4875
311 334.0140 596.6013
312 319.0494 596.2951
313 328.3905 649.4074
314 326.2622 630.7152
315 325.0466 619.1781
316 323.0855 608.9953
317 321.0697 602.2637
318 350.7634 601.7142
319 353.8671 604.2322
320 358.3704 609.3536
321 362.6304 615.9803
322 380.2138 569.2091
323 518.1330 510.5775
324 359.1534 602.0863
325 362.9184 603.2008
326 323.6137 535.2645
327 352.7605 532.6915
328 326.1753 531.4952
329 380.6081 469.4056
330 413.0603 481.8576
331 363.9889 511.2713
332 461.9880 284.4863
333 451.3059 303.6898
334 438.7349 326.0640
335 373.4761 631.7255
336 350.0809 332.7869
337 354.1859 296.9536
338 359.7918 259.1309
339 442.2737 426.7698
340 485.6426 446.3041
341 359.4571 420.2126
342 466.4099 393.5983
343 345.5427 444.7088
344 348.4639 502.9192
345 505.2004 459.7854
346 472.9855 459.1943
347 447.9506 465.7771
348 410.6133 462.5162
349 382.6462 454.6716
350 361.2049 445.2908
351 318.8137 418.0239
352 501.6430 498.8390
353 482.1291 389.8587
354 309.9753 522.7429
355 356.6066 475.0115
356 523.5663 428.8369
357 345.5252 434.1917
358 365.7772 513.4738
359 456.6026 408.5239
360 349.2443 491.7498
361 511.9001 554.2127
362 359.0395 412.9793
363 334.1811 479.2615
364 458.3318 639.3887
365 457.5583 660.2403
366 518.5138 504.9102
367 481.5681 615.5600
368 509.5813 387.9110
369 381.0309 696.1084
370 307.9515 527.4059
371 374.2585 489.4739
372 502.3416 423.1594
373 425.7834 419.6237
374 408.4402 421.9270
375 372.5955 609.6973
376 496.8065 535.6703
377 345.3786 721.5118
378 404.0268 697.7311
379 429.0795 682.5645
380 391.2219 421.1738
381 375.1914 418.0292
382 364.7016 415.5736
383 495.6601 387.1277
384 375.8675 400.1485
385 392.6756 394.9292
386 409.7940 393.1902
387 427.5156 395.4921
388 438.9317 400.2316
389 520.1970 384.5706
390 437.1271 416.1384
391 362.7202 557.9196
392 345.6149 518.3053
393 326.9254 549.7534
394 433.1744 661.9776
395 408.2458 679.1223
396 346.3456 708.8193
397 479.2277 634.7489
398 364.0878 407.5949
399 331.9252 447.1051
400 377.0845 711.2667
401 511.9128 545.1135
402 337.3626 601.6276
403 340.5590 606.2191
404 343.8263 614.0533
405 346.8114 624.4444
406 353.6833 641.9553
407 362.1351 600.4276
408 368.2141 599.2296
409 373.9189 596.7576
410 394.4199 584.9563
411 471.0701 544.1261
412 331.9155 429.9937
413 343.1297 397.1755
414 355.0912 402.0316
415 358.1218 598.2643
416 472.7043 588.8778
417 325.5638 393.1553
418 366.1046 659.9765
419 318.1946 436.4598
420 344.6521 476.6563
421 335.8618 669.1974
422 408.9720 628.0722
423 382.6147 528.4918
424 389.7356 646.7074
425 429.3030 526.0490
426 401.5692 546.6730
427 445.0214 556.5981
428 343.1670 690.7653
429 355.6720 488.5774
430 426.6380 641.7438
431 402.0937 661.0780
432 423.6399 605.6201
433 491.0735 566.9271
434 448.7115 608.5568
435 501.4109 582.2010
436 416.3904 571.9086
437 343.8978 460.7903
438 341.9658 510.6598
439 353.5545 517.2298
440 334.7220 497.2085
441 359.7875 379.2983
442 391.8144 367.5422
443 419.3673 364.9602
444 442.2148 368.0262
445 458.2840 377.0087
446 469.5735 413.2603
447 521.8253 465.6345
448 455.6496 440.2889
449 435.7553 445.7256
450 409.8870 446.0392
451 384.6055 441.8308
452 364.7976 435.0569
453 351.0391 428.0533
454 520.8999 469.8114
455 352.4794 522.9388
456 331.8027 462.6168
457 329.1865 510.1838
458 318.4741 519.9554
459 328.7365 513.7889
460 346.8395 528.9789
461 315.5752 521.4680
462 313.4699 526.2586
463 351.8046 413.7967
464 340.2082 416.9844
465 333.7323 418.7063
466 445.5581 403.9286
467 455.2596 396.3053
