# Image: /home/yaroslav/Projects/Diia.AIContest-AdAstrum/fixtures/FLUXSynID-processed/005afc2e648b/005afc2e648b_f_live_0_a_d1.jpg
# Mode: stream
# Status: fail
# Errors: image_blurry_or_out_of_focus: Image is blurry (sharpness score: 41.40)

# 2D Landmarks (index x y)
0 287.2697 625.4568
1 285.1117 557.1455
2 287.7088 580.4448
3 269.8915 485.9224
4 284.7992 534.3881
5 285.8106 505.5531
6 290.3373 437.1440
7 143.1730 437.2811
8 291.2315 377.4447
9 291.0384 346.0797
10 293.1981 249.8154
11 287.3613 635.7719
12 288.0772 643.7453
13 289.1228 647.1371
14 288.4254 653.8920
15 288.2014 662.5794
16 288.1450 673.6012
17 288.5841 685.3846
18 290.3047 703.7052
19 285.8149 569.1050
20 269.5531 568.0792
21 74.0058 358.2531
22 203.1164 457.2087
23 181.6940 458.7884
24 161.9366 456.8699
25 136.5575 445.1847
26 221.3875 451.3452
27 175.9208 399.0044
28 198.3220 400.7008
29 155.1688 402.3687
30 141.2716 410.4287
31 120.0270 458.7777
32 217.2174 733.7826
33 136.7290 431.9650
34 66.3112 450.2345
35 98.5029 442.8286
36 187.6613 541.3942
37 262.6069 622.2448
38 267.1871 643.1759
39 238.2747 628.8790
40 223.5334 637.4198
41 249.9650 644.4440
42 236.8357 646.6290
43 201.1932 669.2616
44 268.1488 556.7661
45 265.2346 534.9856
46 106.5880 381.7853
47 229.7221 488.4290
48 224.9177 552.5991
49 224.1108 541.1817
50 125.9240 540.2186
51 267.2237 508.2154
52 151.2180 353.7937
53 124.3663 363.2377
54 90.2570 317.2970
55 243.7851 371.7048
56 218.2157 408.4242
57 185.6446 650.2141
58 98.6926 645.2151
59 240.5586 564.6568
60 257.4928 571.0922
61 208.1340 650.2013
62 217.8654 648.8972
63 112.2623 348.3164
64 225.5755 562.2720
65 189.4582 354.6840
66 184.8877 335.9593
67 169.7054 262.5327
68 100.7728 332.5695
69 178.9104 298.7669
70 94.6569 372.6238
71 83.7771 366.6781
72 264.2048 634.3407
73 244.5668 638.3387
74 230.0648 642.3615
75 246.1578 568.3675
76 213.1314 649.8588
77 220.1644 653.5209
78 220.3105 647.8035
79 249.1193 557.1902
80 241.6807 645.4615
81 254.9956 645.5015
82 270.8687 646.2671
83 263.6355 703.0546
84 263.5211 683.3905
85 264.3365 670.9517
86 265.9181 660.1721
87 268.1555 653.0019
88 237.2317 650.6768
89 233.9825 653.0147
90 229.5182 658.3048
91 225.6791 665.3517
92 205.7173 615.0778
93 74.9819 544.6063
94 286.8755 573.8387
95 229.1050 650.1111
96 224.8858 651.0209
97 263.7437 580.5873
98 233.2976 575.0741
99 260.9412 576.1662
100 207.6387 501.4771
101 173.2772 515.5518
102 221.6301 550.8045
103 119.9281 284.4663
104 130.1429 308.5430
105 142.9102 335.7401
106 216.9190 682.1211
107 236.0768 341.1949
108 231.4478 298.4846
109 225.8926 252.6805
110 145.4373 452.8661
111 98.4843 474.2245
112 233.1160 445.1094
113 118.6611 415.5734
114 244.0652 473.6556
115 235.7952 544.1421
116 78.7028 489.1747
117 111.3048 489.2488
118 137.3148 496.5797
119 177.0981 493.0810
120 206.7110 484.2753
121 229.0963 473.6029
122 270.6660 443.1533
123 82.1627 533.6769
124 101.7878 410.7325
125 276.0397 568.1294
126 231.5137 508.8414
127 65.9638 451.0183
128 245.3501 460.9878
129 220.7615 552.5529
130 130.5499 432.9375
131 235.7201 530.2755
132 82.9923 594.3871
133 233.9761 436.7111
134 250.6766 516.7294
135 136.4645 690.0545
136 141.9045 712.7237
137 68.5389 539.7966
138 111.3922 664.1229
139 74.8075 406.1122
140 214.8674 752.7477
141 279.1969 572.9848
142 213.1807 524.8471
143 82.1579 447.4045
144 162.7481 444.6679
145 181.0748 447.2653
146 215.4196 657.7728
147 88.4198 575.3105
148 252.0733 779.7531
149 195.5700 753.6343
150 171.3212 737.0235
151 291.9774 299.4003
152 293.4859 784.4011
153 199.4742 446.1822
154 216.7016 442.4177
155 228.0789 439.5348
156 87.9319 406.7561
157 215.8504 422.3554
158 197.5777 416.9685
159 178.8154 415.7663
160 160.3525 418.9774
161 148.6908 424.2777
162 66.3705 400.3102
163 150.9028 440.9960
164 287.9353 594.3912
165 223.3953 603.3566
166 239.4964 561.2399
167 260.6049 596.3456
168 291.5623 407.8901
169 163.1960 714.8437
170 188.5368 733.4311
171 248.6319 767.2016
172 118.9751 684.8260
173 228.4982 430.7155
174 256.1383 477.7205
175 291.7660 770.7809
176 221.2185 768.5968
177 77.2185 585.5341
178 250.8309 651.4920
179 247.4649 656.4440
180 244.2655 664.7667
181 242.0562 675.7163
182 237.3133 693.9503
183 225.4566 648.0507
184 218.7636 646.5649
185 212.6789 643.7275
186 191.6493 631.1414
187 112.9906 585.5042
188 257.6899 456.8776
189 248.3208 417.3355
190 236.9228 423.6050
191 230.4195 645.3379
192 115.6239 634.8981
193 264.8398 412.7656
194 226.6885 713.9213
195 287.5118 482.2774
196 269.7528 465.8247
197 288.8521 460.7409
198 242.1454 511.8829
199 290.7345 750.9373
200 290.5263 725.9902
201 256.9565 724.8744
202 182.1517 678.0732
203 203.7211 569.2818
204 202.7957 698.6367
205 155.1635 566.0098
206 184.2677 589.5162
207 139.7685 599.7811
208 250.3070 748.6338
209 231.4098 524.8684
210 166.5421 692.8822
211 192.1726 714.1082
212 164.9383 653.3195
213 96.4658 610.4933
214 140.9823 656.3281
215 89.9073 627.1681
216 169.3796 616.5002
217 244.2356 493.0164
218 242.3555 553.6006
219 231.0822 559.6467
220 249.2982 538.3564
221 229.8927 396.6709
222 195.2157 384.3780
223 166.0508 382.4545
224 142.3637 386.5288
225 126.2474 397.0875
226 116.4063 437.5070
227 64.4584 494.8401
228 130.6455 467.9762
229 151.3647 473.9163
230 178.7454 474.3454
231 205.5782 469.5905
232 226.6797 461.8938
233 240.9176 453.8313
234 70.6650 497.7697
235 232.5952 565.3030
236 254.7379 496.5748
237 255.1699 554.0263
238 267.3988 564.7035
239 256.3526 557.7044
240 239.0030 571.5746
241 270.2160 566.6410
242 273.3875 571.4439
243 241.0316 437.5265
244 251.9838 440.8457
245 257.5090 442.8403
246 141.9532 428.3814
247 131.1012 419.2094
248 306.0322 485.8411
249 451.7134 434.4874
250 306.0128 568.2349
251 538.5502 353.8317
252 389.6503 455.3768
253 411.6600 456.6487
254 432.4790 454.7159
255 459.5705 442.5638
256 370.8266 449.6714
257 415.8042 396.9130
258 393.2361 398.8865
259 437.2721 399.9353
260 452.2693 407.8831
261 478.0962 456.5924
262 370.5319 736.7792
263 458.7667 429.0676
264 546.7054 447.3289
265 502.8715 440.3345
266 400.9379 541.4296
267 313.0803 622.8603
268 310.2284 643.7514
269 340.4898 630.4739
270 358.1606 639.5325
271 329.8123 645.9669
272 345.3678 648.5438
273 386.4553 672.1285
274 302.8299 556.6507
275 305.4388 534.8533
276 488.5488 379.3096
277 358.1000 487.8672
278 355.2536 552.9510
279 357.5248 541.4989
280 469.2802 539.7587
281 305.5872 508.1244
282 436.5645 351.7066
283 466.7986 360.9591
284 515.4190 312.5394
285 340.0520 371.0212
286 373.4289 406.9482
287 403.0356 653.0183
288 522.8221 647.6788
289 339.5655 564.9083
290 321.1280 571.5329
291 377.9512 653.2507
292 368.7100 651.5023
293 480.5607 345.9323
294 356.4303 562.8920
295 395.6353 353.1619
296 399.5398 334.2901
297 421.8034 259.2423
298 498.1014 328.9033
299 408.3710 296.1639
300 503.4588 369.8372
301 521.3151 363.1151
302 311.8786 634.9653
303 334.2720 639.8294
304 351.5667 644.2993
305 334.0258 568.8573
306 373.0051 652.6972
307 364.0466 655.7827
308 366.8645 650.3421
309 327.3288 556.9884
310 341.9556 647.1896
311 326.3155 646.7868
312 308.5319 646.7949
313 318.1159 704.0355
314 314.5692 684.1108
315 313.0924 671.5725
316 311.3922 660.8761
317 309.7803 653.5536
318 345.3105 652.1553
319 348.2471 654.6260
320 352.5798 660.0872
321 356.8241 667.3349
322 378.4587 616.6327
323 548.7841 543.9669
324 355.5982 652.0764
325 359.3046 653.1244
326 313.8120 580.9662
327 349.2965 576.0047
328 317.2027 576.5373
329 381.8436 500.8723
330 417.8971 514.8590
331 361.5453 551.3902
332 478.4239 280.0146
333 462.5883 305.1208
334 445.3647 333.3425
335 369.1799 684.3776
336 346.5276 340.4775
337 353.2244 297.0035
338 362.0583 250.7483
339 450.0371 450.4147
340 502.0887 472.2450
341 358.6307 443.5897
342 477.6481 413.1268
343 342.2803 473.1750
344 341.5734 544.1195
345 526.0792 487.3903
346 486.5315 487.4197
347 457.4981 495.0926
348 415.3643 491.9072
349 384.3294 483.2298
350 360.6658 472.7339
351 311.3855 442.9103
352 522.1443 532.9223
353 496.9707 408.0483
354 296.2429 568.1601
355 354.3505 508.6378
356 555.8551 447.8740
357 343.1332 460.2282
358 364.6538 553.1792
359 465.8584 430.1776
360 343.3494 530.3273
361 540.3519 595.2135
362 358.5110 435.2919
363 324.9042 516.6055
364 468.1171 694.2533
365 468.8991 717.7026
366 545.2599 539.3064
367 498.2860 667.5326
368 534.7501 402.6411
369 375.1306 756.2465
370 294.8258 573.0186
371 374.3230 524.8857
372 522.9351 444.9048
373 430.7438 442.0819
374 411.9893 444.7441
375 369.3080 660.1546
376 517.0378 576.0014
377 336.6445 781.9351
378 402.7119 758.5231
379 432.8822 742.3366
380 393.3777 443.8844
381 375.9725 440.3766
382 364.5951 437.9503
383 514.5526 403.8524
384 377.0959 420.7980
385 395.7970 415.1489
386 414.1704 413.6244
387 433.0554 416.4648
388 445.3173 421.5849
389 551.1530 396.3796
390 443.2169 438.2225
391 358.7497 604.6246
392 339.7981 561.3505
393 316.6279 596.8826
394 436.5754 719.4730
395 406.7295 738.1341
396 336.6194 769.2321
397 497.7518 688.7560
398 364.0442 429.2903
399 325.0989 477.4992
400 371.5058 772.2941
401 537.2309 586.3591
402 329.1333 652.6593
403 332.0976 657.5837
404 335.1280 665.9301
405 338.0316 677.0415
406 346.5240 695.9022
407 359.3576 650.2690
408 365.5419 649.0574
409 371.7528 646.2673
410 394.6803 633.2551
411 485.7648 586.1665
412 326.5168 456.4452
413 340.8730 416.4772
414 354.3149 422.3538
415 355.4123 647.5276
416 487.2334 637.2327
417 320.5484 412.2865
418 359.7641 716.4773
419 309.0264 465.6602
420 339.2826 511.8865
421 325.7437 726.2560
422 409.0913 681.0591
423 382.8172 569.9669
424 386.5514 701.7230
425 435.7548 566.3506
426 403.4247 590.4026
427 454.0786 600.9353
428 333.1372 750.1505
429 352.7324 524.9979
430 428.7923 696.5412
431 399.8197 717.9709
432 427.0213 655.9819
433 510.0491 612.0890
434 456.6264 659.2949
435 523.8546 629.3070
436 420.3533 618.1485
437 339.4083 492.8148
438 334.0728 553.6116
439 348.6401 559.8557
440 324.5146 538.3882
441 358.7477 395.7654
442 393.5783 382.7176
443 423.5013 380.2177
444 448.8549 384.1372
445 467.4141 394.5178
446 482.0721 434.9822
447 549.1926 493.0750
448 466.0347 465.7945
449 443.6798 472.1689
450 414.4931 472.7251
451 386.5766 468.1178
452 364.8195 460.5535
453 349.5968 452.7052
454 552.7580 495.8089
455 348.1577 565.8229
456 323.5076 496.4512
457 318.1682 553.8914
458 306.7571 564.7348
459 318.5953 557.6672
460 342.2370 572.3730
461 302.9124 566.6366
462 301.5200 571.5675
463 350.4625 436.2581
464 337.6648 439.8763
465 329.8861 442.2877
466 452.7271 425.4316
467 464.0808 416.4714
