# Image: /home/yaroslav/Projects/Diia.AIContest-AdAstrum/fixtures/FLUXSynID-processed/0055a347676b/0055a347676b_f_live_0_a_d1.jpg
# Mode: stream
# Status: fail
# Errors: image_blurry_or_out_of_focus: Image is blurry (sharpness score: 22.54); strong_shadows_on_face: Strong shadows or uneven lighting detected (difference: 94.1); face_not_looking_straight_at_camera: Head is turned 176.8째 (max: 15.0째); head_is_tilted: Head is tilted 35.3째 (max: 10.0째)

# 2D Landmarks (index x y)
0 334.6048 625.3479
1 352.7197 565.0748
2 337.5252 585.9409
3 322.2045 490.3963
4 353.7676 541.0498
5 348.8081 510.9264
6 331.0509 441.3797
7 147.7980 437.8825
8 325.2357 389.0019
9 325.3205 361.4461
10 315.6295 273.3407
11 333.3725 635.8089
12 330.8144 643.3484
13 327.5981 645.6556
14 326.7495 689.0940
15 328.0155 699.0598
16 328.3067 710.9393
17 327.3590 723.9821
18 323.4759 743.5731
19 348.5322 577.8218
20 318.0452 576.7678
21 39.8289 369.0606
22 218.0321 454.8059
23 195.1185 456.1532
24 171.9274 455.8022
25 136.3680 445.5016
26 236.9249 450.3575
27 185.7224 398.2386
28 211.4193 400.2262
29 160.3014 401.8119
30 142.4504 410.4504
31 117.9785 460.3707
32 226.0004 769.9471
33 137.0286 433.2888
34 33.3449 458.2005
35 88.8685 448.4807
36 201.0027 541.4354
37 296.6036 621.8299
38 295.8594 642.9445
39 253.9722 627.2834
40 225.3335 634.1179
41 264.5796 643.3920
42 239.9703 645.0948
43 190.0647 678.9091
44 331.9999 564.8299
45 329.8453 541.3796
46 108.7959 391.0246
47 251.7157 489.5888
48 257.0338 556.2132
49 253.3415 543.3831
50 125.6450 536.8762
51 326.7687 513.4956
52 171.4582 364.5801
53 135.9456 373.2190
54 72.2041 330.1935
55 275.3487 383.0300
56 232.5511 408.4746
57 170.9523 649.8183
58 40.1155 662.4009
59 273.0977 569.4270
60 293.9215 576.6152
61 188.2119 650.7690
62 200.4609 651.3470
63 121.2971 360.7753
64 250.8450 564.6928
65 217.2255 366.3164
66 213.7239 349.8030
67 182.3880 280.1751
68 98.3684 345.8898
69 201.9536 314.1619
70 91.8358 383.4418
71 67.0657 378.2928
72 296.0332 634.3065
73 260.2278 637.1772
74 233.1391 639.8118
75 277.5368 573.2812
76 194.1419 651.0935
77 209.6565 668.1334
78 204.0136 651.2903
79 295.3236 565.4368
80 242.6908 643.1637
81 267.0039 643.4284
82 295.2887 644.6011
83 283.9716 741.1932
84 288.5068 720.5971
85 291.1409 707.6702
86 293.1262 695.5650
87 294.5848 687.1552
88 240.0463 674.1551
89 236.0287 677.0727
90 229.8837 682.8520
91 224.6012 689.9029
92 210.8154 614.7837
93 14.5262 554.7196
94 343.2970 582.2372
95 223.0943 666.3546
96 216.4920 666.2988
97 302.3510 585.8215
98 254.7184 576.9670
99 298.4921 581.5133
100 225.1400 500.6898
101 185.6464 513.0218
102 244.9297 552.5187
103 118.0162 299.3338
104 141.1719 323.2002
105 162.6765 348.9276
106 214.0898 703.8315
107 269.5014 355.7564
108 259.4508 314.6473
109 246.0934 272.9217
110 150.0710 452.4815
111 92.2840 475.7510
112 249.1453 445.3471
113 116.6136 420.4334
114 270.3860 476.1970
115 279.5727 549.4721
116 62.3508 491.9562
117 111.6051 487.3007
118 144.4331 493.0202
119 190.1522 490.4886
120 223.4241 483.2861
121 248.4759 474.1160
122 308.1402 447.2331
123 63.3089 533.6071
124 96.6363 418.3384
125 335.7263 577.0160
126 255.2248 510.2197
127 11.4557 459.8125
128 267.6351 462.9914
129 237.9281 553.0982
130 127.2457 434.0821
131 275.3225 533.9891
132 21.3144 606.6168
133 247.1955 438.1442
134 301.7396 521.5646
135 108.9928 712.1752
136 104.0007 742.4078
137 29.0306 546.5163
138 75.0084 681.8687
139 48.5715 415.5633
140 221.4148 795.8909
141 333.2355 581.3705
142 230.6955 524.8277
143 65.9528 454.5065
144 174.9943 443.1468
145 195.8126 444.3623
146 202.9648 670.6078
147 62.1678 577.6772
148 266.1867 829.3595
149 182.5725 796.5447
150 146.0359 773.8446
151 321.2723 317.5414
152 317.9105 831.9082
153 214.3129 443.4897
154 231.4602 441.1653
155 242.2619 439.7768
156 76.2775 415.8314
157 227.1763 425.7321
158 207.1993 420.3102
159 188.0846 419.0161
160 167.5588 421.7870
161 153.3860 426.6507
162 20.4845 409.4764
163 159.5809 440.7234
164 335.3253 598.6247
165 238.8980 604.5938
166 275.7381 566.9261
167 296.2904 600.0518
168 325.4838 415.4352
169 145.9009 743.8067
170 181.6578 770.2154
171 269.9157 812.3890
172 69.9378 708.0844
173 241.2942 433.1558
174 294.8625 481.6559
175 322.7255 815.5663
176 222.0666 816.3808
177 33.5195 594.7544
178 265.7277 681.6501
179 261.7760 687.6263
180 257.6245 696.8516
181 253.8965 708.6076
182 244.3907 726.0200
183 215.8235 646.6629
184 208.6797 644.1529
185 201.8099 640.4064
186 185.7398 629.1879
187 99.2977 586.3223
188 289.8851 460.5134
189 268.5958 421.5747
190 252.3443 424.9106
191 221.0104 643.7498
192 89.1284 643.9516
193 293.4740 419.1643
194 234.4149 745.3842
195 342.4836 486.8293
196 314.9974 469.8799
197 336.7792 464.9419
198 277.5291 515.0527
199 324.5212 791.7308
200 323.9219 764.5624
201 278.7981 762.0525
202 173.9687 689.6706
203 216.2588 569.7742
204 200.5010 720.9544
205 160.6092 566.1569
206 191.4596 590.1696
207 134.9728 601.0602
208 273.5616 788.4216
209 257.7296 526.4929
210 155.0632 712.7560
211 189.3243 742.9009
212 154.3689 656.6981
213 64.6322 617.1403
214 123.2297 666.5752
215 46.8581 640.4232
216 166.5477 614.4881
217 275.4509 496.0163
218 288.4413 561.0173
219 265.2271 564.3928
220 304.5826 545.2214
221 251.2504 401.7907
222 214.4856 388.3311
223 181.1140 385.7868
224 151.5412 390.3223
225 129.2134 401.5800
226 111.4929 441.4997
227 28.8933 501.8504
228 132.9120 467.5229
229 159.7319 472.4785
230 191.5454 472.2071
231 220.8211 468.1113
232 243.2938 461.7627
233 259.1519 455.1118
234 11.9714 507.0712
235 262.0558 569.0495
236 300.1119 500.6857
237 311.2781 562.8784
238 320.5208 574.1652
239 307.6151 566.9616
240 265.5494 574.9334
241 327.0269 575.8661
242 324.4983 580.0916
243 257.1661 438.7726
244 271.6885 443.3597
245 282.1646 446.3319
246 144.5209 430.4427
247 129.5115 420.6766
248 359.4872 490.2582
249 457.3240 437.7249
250 363.4019 576.3785
251 492.0472 376.4955
252 399.1704 455.3389
253 419.4983 456.4783
254 438.5669 456.0187
255 462.3729 445.5739
256 382.8089 451.0942
257 430.4478 400.1417
258 407.0061 402.5623
259 451.7787 403.3904
260 464.1968 411.9310
261 473.8560 461.0130
262 400.6749 762.6202
263 463.6659 433.2838
264 499.0458 459.2405
265 487.0222 449.2589
266 431.3378 541.2058
267 367.4742 621.2348
268 359.2462 642.6737
269 397.1328 625.7688
270 411.7273 632.8528
271 380.6398 642.3868
272 394.3598 644.3682
273 424.5015 676.1699
274 370.3828 564.6849
275 373.2418 541.1672
276 487.2310 392.5060
277 384.7669 489.8026
278 408.0698 555.5606
279 406.1947 543.0733
280 482.9527 536.0559
281 367.3326 513.3587
282 452.1086 367.7116
283 474.7166 375.3689
284 482.6411 339.2519
285 368.5390 384.5006
286 387.2294 410.6723
287 440.5774 647.6961
288 470.6740 651.3476
289 391.7179 568.8782
290 374.6307 576.3220
291 426.0234 650.5499
292 413.9737 651.0490
293 481.6492 363.7384
294 406.7119 564.1881
295 418.0357 369.1454
296 421.8540 353.1445
297 423.8446 287.7669
298 482.7746 351.7113
299 422.1768 319.6782
300 492.8385 385.9549
301 493.0730 383.2556
302 364.4177 633.7133
303 388.9237 635.7748
304 403.6773 638.6516
305 386.1431 572.5812
306 420.6600 650.9157
307 411.5244 667.3938
308 408.7298 650.7948
309 385.4949 564.7235
310 387.1644 642.6167
311 373.0685 642.8281
312 353.3991 644.3603
313 357.8994 739.6449
314 360.7656 719.5914
315 360.2706 706.5687
316 357.5283 694.7919
317 353.7031 686.5235
318 388.8783 673.0702
319 393.9611 676.0657
320 400.2981 681.7415
321 404.6592 688.4578
322 425.3008 613.4327
323 481.6069 550.4640
324 397.5021 665.6248
325 405.1430 665.6733
326 367.3835 585.2883
327 398.2898 576.5140
328 371.0901 581.3214
329 405.8331 500.8613
330 438.9468 513.2506
331 407.9390 552.0553
332 462.1959 308.8436
333 460.9964 329.4980
334 457.7796 352.6522
335 408.5197 700.4860
336 376.1093 358.1268
337 376.8487 317.8965
338 376.8898 277.3790
339 454.0268 452.4120
340 490.0759 476.2933
341 372.5614 445.9476
342 477.4555 421.2864
343 371.3745 476.4430
344 398.6969 549.1651
345 504.3900 491.7420
346 483.8464 487.6988
347 464.6549 493.5833
348 429.3218 491.0203
349 401.2008 483.6851
350 380.5634 474.4743
351 349.1412 447.5745
352 509.7955 531.4377
353 487.4685 419.6332
354 359.3245 576.8924
355 389.0721 510.1614
356 487.7196 461.5891
357 366.1155 463.4227
358 406.1300 552.6954
359 468.5575 434.3961
360 395.5717 533.5932
361 479.3211 598.9126
362 372.0112 438.4515
363 382.0179 521.2838
364 462.0023 699.8636
365 448.7884 727.3908
366 505.9541 542.8603
367 478.8400 670.4961
368 495.8902 419.0942
369 401.6060 786.3879
370 352.4856 581.3557
371 406.7843 524.7096
372 495.7314 454.9705
373 438.4934 443.1528
374 420.5783 444.6654
375 416.5375 669.6262
376 507.7903 573.3713
377 363.4565 823.4999
378 414.0108 783.6515
379 430.5054 759.0160
380 402.7559 444.1292
381 386.7301 441.8162
382 376.7954 440.3000
383 493.7634 417.7345
384 388.8908 426.4454
385 406.1502 421.2743
386 424.6475 419.5010
387 443.0064 421.9128
388 454.0732 426.7993
389 493.4115 414.8768
390 449.8865 440.7096
391 409.1096 603.3495
392 393.6209 566.4146
393 369.1144 599.2464
394 441.7355 731.0724
395 422.0918 758.0450
396 369.1049 807.1808
397 460.2651 694.7173
398 377.4366 433.6457
399 366.4712 481.5985
400 393.8531 806.2925
401 501.6205 588.1580
402 373.9702 680.5622
403 379.0871 686.4215
404 383.6737 695.7801
405 386.6403 707.2217
406 388.1569 723.4302
407 406.4657 646.1148
408 415.1156 643.5251
409 421.7671 639.6705
410 437.4670 627.7358
411 494.0202 582.7908
412 359.4800 460.8743
413 360.0576 422.4685
414 369.8613 425.8274
415 398.5410 643.5202
416 486.7142 636.4216
417 349.0120 419.8760
418 393.0497 740.1367
419 354.8243 469.9324
420 383.4487 514.7977
421 362.2690 759.1215
422 434.4122 683.8836
423 420.6662 569.0336
424 415.3715 714.8425
425 461.6293 564.8010
426 437.7307 588.8399
427 473.8869 597.8534
428 368.5781 784.3249
429 393.6139 526.3392
430 444.0277 703.3227
431 421.6098 733.6202
432 451.7308 652.0135
433 500.1366 610.3260
434 468.4994 659.1709
435 492.2694 631.1592
436 450.6160 612.4694
437 376.7841 495.8967
438 392.8662 560.4077
439 402.4962 563.7554
440 387.7369 544.5692
441 377.3989 402.9544
442 410.9728 390.2587
443 440.0743 388.0393
444 462.4108 392.4599
445 475.0367 403.1844
446 475.9416 441.8757
447 504.3644 500.7112
448 466.7003 468.0118
449 448.4907 472.9255
450 423.6329 472.6190
451 398.6010 468.5757
452 379.5321 462.3680
453 367.0170 455.6936
454 482.4768 505.9162
455 399.9195 568.4679
456 372.6708 500.4482
457 382.5310 562.0683
458 367.3724 573.4522
459 379.3099 566.1888
460 393.5448 574.5094
461 365.1598 575.6136
462 359.0329 579.8138
463 365.5486 439.2685
464 357.1143 444.0261
465 355.0536 446.8679
466 459.9061 430.5526
467 470.5033 421.5130
