# Image: /home/yaroslav/Projects/Diia.AIContest-AdAstrum/fixtures/FLUXSynID-processed/010babc2a342/010babc2a342_f_live_0_p_d1.jpg
# Mode: stream
# Status: fail
# Errors: face_not_looking_straight_at_camera: Head is turned 174.0째 (max: 15.0째); head_is_tilted: Head is tilted 23.9째 (max: 10.0째); face_too_small_in_frame: Face occupies only 46.3% of frame (min: 50.0%)

# 2D Landmarks (index x y)
0 317.3250 650.6290
1 314.4904 584.5255
2 313.9649 604.9727
3 290.0424 518.1207
4 312.6336 563.2675
5 309.4982 535.6401
6 301.5851 469.9391
7 158.7782 479.7564
8 296.5733 419.3203
9 294.2532 391.6618
10 284.8122 296.9006
11 318.0370 660.7319
12 318.3793 667.9293
13 318.2439 670.2767
14 319.4826 684.0984
15 320.3801 692.9507
16 321.4389 703.8941
17 322.4605 715.7874
18 323.9101 733.1496
19 314.7587 595.2718
20 294.5534 595.3687
21 84.0807 412.4276
22 217.4286 492.0681
23 198.0732 495.4382
24 179.1776 496.2221
25 152.3351 487.7718
26 233.4937 485.5392
27 187.0633 443.1714
28 208.1165 442.4471
29 167.7003 448.2226
30 154.9523 456.7666
31 138.4434 502.4224
32 251.6127 766.6044
33 151.0582 475.4204
34 81.7240 500.0867
35 116.0123 491.5244
36 208.4841 575.2002
37 289.6010 649.3801
38 293.7253 669.4809
39 261.4190 656.7339
40 243.4719 664.8407
41 272.9663 671.3804
42 256.7234 673.6735
43 222.1919 698.8392
44 297.3724 585.5424
45 293.1074 565.3787
46 123.8551 438.7652
47 245.3131 521.5474
48 246.6829 583.2669
49 244.1739 572.4104
50 149.4391 577.7590
51 291.3670 539.6196
52 167.7229 411.6483
53 141.4221 421.6842
54 99.6596 374.0027
55 254.4161 419.0047
56 226.9328 447.4264
57 204.5338 678.7518
58 117.7321 685.1213
59 261.8787 593.1707
60 279.5346 598.3630
61 222.2397 678.0524
62 231.7491 677.0559
63 129.5270 409.5618
64 245.6738 591.8729
65 204.2281 409.0690
66 199.1802 392.6015
67 172.9061 317.9149
68 114.9111 391.1417
69 188.1941 353.8649
70 111.4891 431.0475
71 97.9798 422.7495
72 291.4434 661.3178
73 267.9882 665.7014
74 250.2497 669.4743
75 267.0260 596.3951
76 226.9022 677.7006
77 237.6314 684.5490
78 234.6070 676.2479
79 273.8047 586.4654
80 260.3505 671.8720
81 276.8308 671.5375
82 296.1350 671.2145
83 294.8628 735.1116
84 294.2588 716.3175
85 294.3536 703.7736
86 294.9167 692.5366
87 296.1624 685.0447
88 258.2874 682.7701
89 255.2997 685.5993
90 251.0933 691.3921
91 247.8596 698.5607
92 226.7911 644.4502
93 88.1413 589.1274
94 314.4231 599.3272
95 247.4341 680.8946
96 242.5923 682.0017
97 287.2486 607.0037
98 252.9502 603.3073
99 283.6577 602.9366
100 225.1212 534.8699
101 193.8778 550.6045
102 240.8673 581.4526
103 127.1990 342.0221
104 143.0469 367.4858
105 159.2409 395.9959
106 241.5119 713.6500
107 245.7718 392.4600
108 235.5637 348.1034
109 223.9320 304.2286
110 162.3443 494.1363
111 119.1204 518.6987
112 243.5483 479.0478
113 134.6238 465.0298
114 258.6072 507.2250
115 259.7911 575.1298
116 99.8650 534.7789
117 133.4597 530.5417
118 159.1611 534.9610
119 196.2719 528.7009
120 223.2201 518.3524
121 243.2275 507.0814
122 283.2240 477.4104
123 105.0178 575.6513
124 118.6982 463.4723
125 304.4216 595.3388
126 248.2562 541.0087
127 76.1393 500.1081
128 257.6802 494.6264
129 238.4061 582.6946
130 145.3768 477.5427
131 257.2570 561.8999
132 98.6963 636.5945
133 242.5155 471.5594
134 274.0309 548.7758
135 163.9965 726.7761
136 168.9735 749.6799
137 87.8229 584.5161
138 136.6466 702.8169
139 89.2119 458.5630
140 250.9452 786.1127
141 306.1260 599.2902
142 230.9762 557.1591
143 100.0233 497.2766
144 179.3618 484.1646
145 196.6879 484.1997
146 233.0567 688.3561
147 111.2989 615.7542
148 289.5874 808.9283
149 228.6913 788.0923
150 201.5689 772.5429
151 289.6744 344.0699
152 330.2491 808.4505
153 213.1961 481.6053
154 228.4725 477.0669
155 237.9971 474.0464
156 104.4898 460.8401
157 224.2151 458.6886
158 206.8925 454.4723
159 189.7395 454.7664
160 172.6498 459.7500
161 161.9706 466.4226
162 76.7007 451.9940
163 167.2546 482.3483
164 314.8676 619.5463
165 245.1530 632.0710
166 261.8127 590.3550
167 285.7136 623.6474
168 298.7429 444.5394
169 193.7141 750.3374
170 221.3784 768.2881
171 287.2187 797.1101
172 142.3192 722.7068
173 236.7488 466.1796
174 273.1134 511.1448
175 329.4930 795.9116
176 257.1809 801.0416
177 97.6258 628.2004
178 275.5854 684.2975
179 272.8813 689.7708
180 270.4286 698.5574
181 268.8634 709.7540
182 265.0687 726.8293
183 241.4271 675.1036
184 235.1465 673.6537
185 229.2156 670.9904
186 211.2496 660.1971
187 137.0356 623.2724
188 271.2217 491.0240
189 256.8492 454.9458
190 245.0225 459.9039
191 246.1852 672.3112
192 140.0047 672.4024
193 273.7608 450.8827
194 257.5867 745.9156
195 306.8083 513.2186
196 286.4336 498.9221
197 304.2709 492.5685
198 261.2916 544.0653
199 327.9857 776.7467
200 325.7379 753.1246
201 291.0697 755.3334
202 208.1736 708.8344
203 223.6422 600.2783
204 231.0383 730.2942
205 178.7140 601.6428
206 206.6100 621.6684
207 164.3216 635.1416
208 287.5569 778.6336
209 249.3560 556.3375
210 195.5674 726.6028
211 223.3107 747.5766
212 189.0188 684.1529
213 119.6449 649.9322
214 166.7132 691.1537
215 112.4331 668.0181
216 191.8862 647.5272
217 261.0523 525.8561
218 267.1908 583.7791
219 253.3712 589.4632
220 275.5358 569.4947
221 239.7116 439.1824
222 207.3424 431.1882
223 179.6799 431.9219
224 157.0302 437.6483
225 141.5509 448.3133
226 133.0631 484.2066
227 82.1932 542.1941
228 149.8874 509.4653
229 170.7045 513.0872
230 196.5098 510.7991
231 220.7462 504.2290
232 239.4593 495.6794
233 252.0159 487.5712
234 81.6088 544.3265
235 253.6492 594.3429
236 274.9743 529.2013
237 282.4902 583.8424
238 293.8665 592.7067
239 282.3061 586.9422
240 259.3579 599.8273
241 297.9777 594.3562
242 299.4673 598.2684
243 249.7495 472.1067
244 261.3166 475.2778
245 267.8941 477.5489
246 155.8908 471.3884
247 145.6286 465.8028
248 323.8534 514.8750
249 439.1457 452.0994
250 332.5877 591.7150
251 491.9414 373.9610
252 384.8876 475.7778
253 404.4666 475.3512
254 422.8082 472.4954
255 446.0472 458.8376
256 367.9726 472.3902
257 406.1764 421.2113
258 385.3646 424.7813
259 425.8989 422.4895
260 439.4232 428.5450
261 461.6914 470.9332
262 399.1709 751.1962
263 445.2184 446.1343
264 509.6473 458.2806
265 480.0184 455.7351
266 409.8259 555.9522
267 343.7809 644.2435
268 342.1636 664.7753
269 371.1912 646.2100
270 388.1854 650.8091
271 361.7528 662.7776
272 376.5535 662.0307
273 412.7324 680.0849
274 330.9996 582.2413
275 331.6566 561.6203
276 465.4669 404.3777
277 364.3178 510.1923
278 376.4239 570.8255
279 376.5053 559.7909
280 466.1596 547.1257
281 327.7465 536.1329
282 420.1539 385.6024
283 446.7703 390.6146
284 473.0439 339.0825
285 337.5653 410.3395
286 367.9118 433.5981
287 425.9593 657.2049
288 502.8084 645.9587
289 362.9697 583.5210
290 346.6641 592.0854
291 407.7280 660.0291
292 398.3963 660.9046
293 455.4540 376.5088
294 378.0327 579.3184
295 384.6353 390.3903
296 386.7523 373.3309
297 395.9406 297.5066
298 464.2002 357.1604
299 389.5168 334.4384
300 474.9910 394.8588
301 483.9103 385.3938
302 343.6510 656.2724
303 366.0577 656.2203
304 382.4677 656.5907
305 358.3754 587.7638
306 403.2182 660.5571
307 394.8418 669.1610
308 395.4276 660.6671
309 351.8106 578.7446
310 372.2021 661.0113
311 357.4645 663.7467
312 339.5568 666.9691
313 352.3795 729.2320
314 349.6412 710.6301
315 347.3405 698.4640
316 344.5981 687.6999
317 341.7852 680.4935
318 375.7389 671.0377
319 379.2832 673.2377
320 384.3804 678.1058
321 388.6941 684.3829
322 402.1006 627.6351
323 513.2596 546.7988
324 384.9297 667.4069
325 389.8242 667.6284
326 340.4075 601.9531
327 372.1786 592.1415
328 343.3921 597.3029
329 386.3569 519.4439
330 419.4371 529.0039
331 380.6030 568.2564
332 442.7426 312.6055
333 434.4119 339.0334
334 425.3716 368.7729
335 397.8513 697.8902
336 341.7823 382.4921
337 342.8630 337.8896
338 345.1155 293.2698
339 438.1292 467.0959
340 482.6188 483.3651
341 357.0468 468.0547
342 459.2385 432.8509
343 349.1195 498.4793
344 363.5272 565.1308
345 502.3857 495.4598
346 472.0420 497.8161
347 449.1279 507.0225
348 412.5717 507.8935
349 384.5939 502.8030
350 363.1923 495.6280
351 320.7392 473.6888
352 505.1255 536.5667
353 473.4632 428.2222
354 324.6309 593.3093
355 365.7461 529.8469
356 510.1683 457.9781
357 347.0229 486.0753
358 382.2013 569.0748
359 450.8145 447.3200
360 362.8267 551.8389
361 511.6505 595.1132
362 356.4258 460.3246
363 345.3760 541.8881
364 472.0282 695.1414
365 469.1748 718.1755
366 518.4715 541.9841
367 493.0283 666.5046
368 496.6247 419.0365
369 402.8869 769.9440
370 322.2607 597.6980
371 384.9205 542.4798
372 495.0608 458.5212
373 420.7493 460.6031
374 404.0333 463.9578
375 399.9197 671.8808
376 505.3763 577.0661
377 369.5619 800.3433
378 422.3082 767.3210
379 444.0293 746.7520
380 387.2573 464.6036
381 371.4409 463.0097
382 361.4179 461.9481
383 485.3625 423.2563
384 372.1115 444.0427
385 388.3772 436.3823
386 405.2609 433.1971
387 422.7377 434.7170
388 433.9071 439.3027
389 503.5829 411.3455
390 431.7706 456.3794
391 383.6813 618.8772
392 363.0976 580.5155
393 343.9833 618.0119
394 448.9018 723.8732
395 426.4747 746.6744
396 370.8331 788.2847
397 487.7905 687.1739
398 361.1023 453.8447
399 337.4304 504.8883
400 398.7448 785.7433
401 516.3096 586.4200
402 360.5727 675.8070
403 364.4027 680.5937
404 368.5235 688.5426
405 371.9226 699.1832
406 378.7550 715.2096
407 389.7809 660.7026
408 395.8278 658.0411
409 401.2893 654.2456
410 417.8468 640.1891
411 483.9731 589.2813
412 334.3330 484.8924
413 340.0787 446.7359
414 352.1179 449.4199
415 384.4870 659.0057
416 486.9660 637.7503
417 323.8354 445.9450
418 389.2181 732.2408
419 322.7548 495.3609
420 354.7982 535.1359
421 359.7037 748.2117
422 428.4607 686.8859
423 399.0093 583.5410
424 410.8324 712.0431
425 442.5562 576.0125
426 418.2306 601.3765
427 460.5289 606.2043
428 367.6876 770.2908
429 367.7412 545.1057
430 443.5881 701.3522
431 421.3609 727.1796
432 442.6553 659.0963
433 502.1725 611.9723
434 465.0302 661.2328
435 509.1913 628.0540
436 435.1745 623.9816
437 351.0792 517.3401
438 357.9538 574.8785
439 371.2118 578.1606
440 348.5271 562.4815
441 354.3052 427.6690
442 384.6622 413.1692
443 411.7128 408.5252
444 434.5384 409.8554
445 450.6688 417.5306
446 463.3507 451.6382
447 516.6627 499.5669
448 452.6409 480.0093
449 433.7766 487.6129
450 408.6581 490.2886
451 383.9521 488.3384
452 364.2569 483.5645
453 350.5758 478.0091
454 511.6101 502.1564
455 370.9241 583.2133
456 339.8630 522.9186
457 344.3179 577.6453
458 333.7178 588.6931
459 344.1322 580.7381
460 365.9853 589.8669
461 330.5936 591.1572
462 328.5579 595.4795
463 349.7628 462.3000
464 339.2843 467.7714
465 334.0247 471.2280
466 440.3564 443.0637
467 449.1713 435.6334
