# Image: /home/yaroslav/Projects/Diia.AIContest-AdAstrum/fixtures/FLUXSynID-processed/00cbd752fc08/00cbd752fc08_m_doc.jpg
# Mode: stream
# Status: fail
# Errors: face_not_looking_straight_at_camera: Head is turned 178.4째 (max: 15.0째); head_is_tilted: Head is tilted 20.7째 (max: 10.0째); hair_covers_part_of_face: Possible hair occlusion detected (score: 0.160)

# 2D Landmarks (index x y)
0 314.2228 639.5815
1 314.1563 564.0844
2 313.3470 587.7287
3 293.3454 496.0307
4 313.6609 542.2398
5 312.5707 514.5794
6 309.7106 450.0271
7 162.4954 455.4260
8 308.2803 405.2716
9 307.7229 378.7419
10 305.0002 288.5222
11 314.4527 650.4411
12 314.4352 658.5825
13 314.2231 661.6716
14 315.1629 671.8824
15 315.5042 680.8638
16 315.8412 692.2451
17 316.1147 704.8866
18 316.3564 724.3231
19 313.9176 575.4981
20 291.9376 574.8008
21 91.4897 390.7600
22 221.3453 469.7536
23 201.3088 472.3752
24 181.7653 472.4056
25 155.4201 463.6713
26 238.3341 463.6366
27 192.9202 423.6859
28 214.2126 423.3665
29 173.1981 427.4776
30 159.9000 434.5290
31 140.0559 477.5656
32 237.1190 755.5695
33 155.2727 451.4170
34 82.9482 475.2614
35 117.1128 466.3578
36 206.7688 552.7383
37 285.9037 636.3525
38 289.9899 658.7969
39 256.8345 643.3784
40 239.1956 652.8222
41 268.9349 660.0863
42 252.9050 662.9056
43 214.7584 686.3274
44 295.4987 563.7514
45 292.2706 543.1195
46 127.6708 415.5196
47 247.1374 500.1209
48 240.4131 560.1336
49 238.9669 549.4915
50 148.1498 552.7755
51 292.7534 517.3399
52 174.9219 390.7796
53 146.8124 399.6410
54 109.1244 353.0016
55 265.4460 401.8609
56 233.4144 428.0096
57 198.3617 666.0255
58 107.4060 665.4435
59 256.3004 571.2516
60 275.2262 578.2127
61 219.2318 668.0339
62 228.9891 667.0402
63 135.2942 387.4622
64 239.2214 569.9430
65 213.7198 389.7714
66 209.4154 373.2038
67 188.4929 301.1001
68 122.5676 369.1267
69 200.9124 335.2121
70 115.9585 407.9085
71 103.9517 400.1592
72 287.5548 649.4995
73 263.6817 653.6383
74 246.1897 658.1591
75 261.7818 575.3208
76 224.1809 667.9610
77 233.9151 672.3982
78 231.5634 665.9959
79 269.9799 563.4441
80 256.9973 661.5075
81 273.1710 661.1174
82 292.5817 661.3355
83 286.6320 724.0190
84 287.4082 703.4787
85 288.8171 690.3345
86 290.3707 678.7301
87 292.1165 671.3142
88 254.7248 669.3622
89 251.3860 671.9785
90 246.4720 677.7371
91 242.2557 684.8132
92 222.1012 628.1363
93 84.8969 567.4850
94 313.6181 580.4079
95 244.0733 668.5585
96 239.2899 669.6904
97 283.5837 588.2235
98 247.2510 583.2303
99 279.5224 583.4202
100 225.7278 513.0654
101 193.9238 527.6226
102 235.3303 559.3313
103 139.4149 322.2044
104 153.0077 346.6637
105 167.0836 374.9477
106 233.7752 700.1559
107 258.1887 375.3245
108 250.4789 332.3213
109 242.0994 291.1729
110 165.0907 469.9381
111 119.2106 492.7371
112 249.0519 457.6934
113 137.8964 441.0140
114 261.9047 485.8369
115 255.3892 551.5301
116 98.7328 508.2670
117 133.3196 505.0828
118 159.2117 510.4800
119 197.2443 506.0410
120 225.1551 496.5933
121 246.5134 485.9365
122 289.8040 456.2991
123 102.5303 549.6491
124 121.1898 439.0265
125 302.7340 574.7820
126 247.9499 519.2979
127 79.0529 478.2083
128 262.5117 473.8887
129 233.7419 561.3592
130 148.8305 453.4341
131 254.0115 538.6587
132 91.6390 615.3081
133 248.4246 450.2798
134 273.3357 525.8448
135 149.1994 708.6733
136 151.9589 734.3651
137 84.5846 559.4413
138 125.2631 681.6408
139 93.3109 434.7749
140 232.9139 778.1003
141 304.5289 579.6754
142 229.5369 535.5230
143 100.6607 471.7155
144 182.8566 460.1641
145 200.6912 460.9043
146 228.6235 676.3128
147 107.1530 590.5150
148 272.5056 808.0810
149 207.6898 780.6323
150 181.2608 761.3976
151 306.3228 332.8702
152 318.4116 810.9612
153 217.7325 458.9191
154 233.5971 454.9635
155 243.4829 452.4770
156 107.5193 436.5382
157 230.6201 439.2607
158 213.0510 436.0242
159 195.9345 435.8035
160 178.5268 439.3798
161 167.2662 444.5160
162 82.2748 429.8170
163 170.7799 457.9609
164 313.5950 604.3455
165 239.6533 614.6633
166 256.2630 567.6607
167 282.0820 606.8503
168 308.7494 427.9191
169 175.4966 736.0236
170 202.8056 757.3194
171 271.4567 791.9401
172 128.7238 704.8717
173 242.8620 445.3405
174 276.2123 489.0540
175 318.4163 794.4167
176 237.2547 796.9039
177 92.1535 603.9244
178 271.7093 670.1160
179 268.5150 675.5646
180 265.0859 684.3479
181 262.2634 695.7654
182 256.7446 713.7842
183 238.5107 664.9230
184 231.9395 663.3324
185 225.6119 660.1184
186 206.5496 645.7689
187 133.5971 598.5326
188 276.3095 469.7114
189 265.1581 435.4908
190 252.0488 439.5712
191 243.4708 662.3392
192 132.0500 649.7727
193 282.7999 432.3993
194 246.7807 733.3750
195 311.5721 492.0858
196 291.0799 476.8927
197 310.6523 471.6292
198 260.8880 521.7788
199 317.9897 771.4462
200 317.1480 745.4640
201 280.9770 744.9527
202 196.7023 694.4128
203 218.8433 579.3018
204 219.4125 716.7490
205 176.2670 578.0078
206 202.2810 601.1488
207 159.7141 612.4911
208 274.3179 769.9497
209 247.0036 534.2394
210 180.4728 711.0425
211 208.3301 734.6051
212 179.7934 668.1555
213 113.1586 625.9367
214 156.1872 671.7936
215 104.0401 644.8618
216 186.7023 629.3140
217 262.5064 503.9574
218 262.8407 560.2980
219 247.1010 566.5525
220 272.9079 546.1949
221 248.4878 420.2267
222 214.8476 411.7004
223 186.1836 411.3713
224 162.4876 415.6693
225 145.9654 425.2560
226 135.2801 459.7341
227 80.8083 516.7763
228 151.3566 484.9274
229 171.9763 489.1348
230 198.4254 487.8937
231 223.7907 482.2317
232 243.7919 474.3728
233 257.4868 466.7377
234 81.7664 522.8589
235 247.3380 572.4725
236 276.6181 506.7480
237 279.4426 560.8314
238 291.4872 571.4207
239 279.2407 564.4047
240 253.7358 579.1924
241 295.7794 573.3693
242 297.1815 578.1693
243 256.0927 451.0394
244 268.2388 455.0700
245 274.6076 457.3226
246 160.5652 448.2788
247 149.7069 442.1962
248 329.4667 495.5935
249 450.4818 451.3948
250 334.3528 574.1546
251 513.4456 385.4457
252 394.0458 467.3913
253 414.0558 469.2541
254 433.0878 468.5849
255 457.3625 459.3370
256 376.9118 461.9119
257 419.5868 420.9992
258 398.7608 421.3040
259 439.0773 424.3014
260 452.0519 430.8810
261 473.0585 472.6486
262 395.6815 752.2304
263 456.9911 447.3622
264 525.5747 468.8470
265 494.1609 460.8285
266 413.9862 549.2201
267 342.0171 634.9955
268 338.2462 657.5677
269 370.2754 640.5899
270 387.2432 648.9124
271 358.7125 657.7314
272 373.9185 659.6267
273 412.1985 681.7459
274 332.2759 563.1099
275 334.5152 542.4545
276 482.6412 411.0578
277 371.4376 498.2823
278 383.1283 557.9899
279 383.5267 547.2727
280 470.1873 547.0107
281 332.1495 516.8250
282 437.1899 387.8979
283 464.2535 396.0221
284 496.2260 348.4370
285 349.9887 400.9382
286 380.1728 426.3395
287 426.8322 660.8045
288 508.6203 658.5261
289 368.1281 569.5481
290 350.0849 577.1666
291 406.4896 663.3668
292 396.6608 662.7429
293 474.7558 383.5245
294 384.1771 567.8077
295 399.7956 387.7124
296 403.6845 370.9359
297 419.3180 298.7506
298 485.3390 364.7080
299 409.8252 332.9940
300 493.3199 403.1384
301 503.5281 395.0221
302 340.6660 648.1849
303 363.8109 650.9640
304 380.5677 654.6139
305 362.7164 573.7977
306 401.5190 663.2652
307 392.9492 668.4488
308 393.8054 661.8071
309 355.5949 561.9499
310 369.3207 658.4787
311 353.8954 658.9799
312 335.2342 660.2241
313 345.5087 722.7814
314 344.0094 702.1583
315 342.2322 689.1797
316 340.0317 677.6296
317 337.6929 670.2221
318 373.0966 666.1813
319 376.5489 668.7483
320 381.6297 674.3801
321 386.2880 681.4451
322 402.9965 624.2673
323 525.1478 560.7959
324 382.7306 665.0146
325 387.6243 665.8906
326 342.5654 587.2634
327 376.4748 581.2883
328 346.1552 582.4372
329 393.0438 510.4356
330 424.9447 523.7031
331 387.0872 557.0389
332 466.7882 318.5409
333 456.0338 343.1978
334 444.2462 371.8377
335 395.1314 696.4114
336 356.4289 374.2725
337 361.5663 331.2073
338 367.2218 289.9475
339 448.7499 465.6147
340 493.8223 486.9512
341 366.0906 456.2700
342 473.4266 436.6474
343 356.6178 484.5029
344 369.0936 549.7525
345 513.6371 501.8426
346 481.3360 499.4678
347 457.2046 505.5797
348 420.1635 502.4245
349 392.2904 494.1073
350 370.7767 484.2208
351 329.3095 455.7581
352 512.0412 542.7071
353 489.3979 433.9592
354 324.8223 574.4038
355 372.1715 517.4183
356 527.2757 471.9307
357 354.7766 472.7185
358 387.9604 558.9634
359 463.1041 449.2757
360 369.0996 536.9336
361 520.9645 608.5797
362 366.1200 448.9611
363 350.6708 524.7006
364 474.8444 702.1126
365 471.9661 727.9257
366 527.5996 552.3674
367 495.3778 674.4789
368 514.5062 428.8742
369 400.7804 774.5978
370 322.4807 579.3737
371 390.7150 532.9612
372 509.7373 465.6742
373 431.4557 456.5144
374 414.0962 457.8937
375 398.2909 672.1272
376 509.2469 583.3863
377 363.3805 806.2976
378 423.3769 776.2321
379 446.7274 756.0161
380 397.0337 456.4909
381 381.1713 453.0444
382 371.1882 450.9365
383 502.1240 431.0638
384 383.2017 437.4098
385 400.2839 433.7836
386 417.1312 433.2280
387 434.2700 436.3195
388 445.3506 440.9768
389 523.0560 424.0215
390 442.8017 454.0004
391 385.5262 611.8806
392 368.3558 565.8729
393 344.5644 605.6846
394 451.9018 730.4890
395 427.6259 752.7174
396 364.4132 790.1244
397 491.2907 698.1815
398 371.3683 443.7821
399 344.3396 488.0970
400 396.7252 793.7753
401 522.3696 596.6760
402 357.2669 667.9331
403 360.8428 673.2255
404 364.7092 681.9309
405 368.0057 693.2930
406 373.9361 711.1338
407 387.5032 660.9784
408 394.0836 659.0601
409 400.2181 655.6362
410 418.3452 640.8917
411 485.6127 591.9098
412 342.3870 468.8612
413 350.0812 434.4482
414 362.3273 438.3513
415 382.1578 658.6249
416 488.5479 642.8740
417 334.0361 431.8427
418 384.6319 730.3843
419 329.9323 476.3847
420 360.7188 520.2203
421 352.4113 743.3525
422 429.8808 689.4674
423 403.4861 576.2087
424 409.6054 712.6939
425 444.7955 572.9396
426 420.7039 596.9751
427 461.9828 606.5469
428 360.5870 768.1915
429 374.1335 532.3562
430 446.2590 705.6401
431 421.3890 730.1659
432 444.8644 662.4069
433 504.8404 618.5959
434 467.2904 665.3860
435 513.0613 637.5126
436 436.6885 624.1379
437 357.6688 502.5715
438 362.5177 558.5661
439 377.0950 564.5418
440 352.8423 544.9582
441 365.8425 418.7900
442 398.3797 409.5043
443 426.3425 408.5560
444 449.6067 412.4007
445 465.5880 421.4023
446 476.5602 454.9396
447 529.3312 510.0588
448 462.8589 480.1529
449 443.4367 484.7786
450 417.7086 484.5982
451 392.4566 479.7385
452 372.5043 472.6698
453 358.7423 465.4770
454 525.9851 516.4290
455 376.5500 570.5214
456 345.6616 505.7644
457 347.2383 559.5963
458 335.1327 570.6845
459 346.9130 563.0950
460 370.4064 577.4960
461 331.4461 572.7399
462 329.5293 577.6926
463 358.8863 449.9091
464 347.7436 454.1811
465 342.4773 456.5976
466 451.9047 444.5402
467 461.9515 438.2176
