# Image: /home/yaroslav/Projects/Diia.AIContest-AdAstrum/fixtures/FLUXSynID-processed/0065bd34bc30/0065bd34bc30_f_live_0_a_d1.jpg
# Mode: stream
# Status: fail
# Errors: image_blurry_or_out_of_focus: Image is blurry (sharpness score: 24.50); face_not_looking_straight_at_camera: Head is turned 175.5째 (max: 15.0째); head_is_tilted: Head is tilted 29.2째 (max: 10.0째)

# 2D Landmarks (index x y)
0 274.3355 641.0735
1 258.3546 570.6552
2 270.5286 592.0752
3 250.5642 495.9145
4 257.6274 547.7526
5 261.7560 517.7907
6 277.0993 444.4827
7 148.6361 427.8900
8 282.1110 390.7066
9 281.8921 360.3603
10 290.5784 237.8959
11 275.6541 651.7293
12 277.9662 658.1795
13 280.8294 659.0464
14 281.5533 697.6530
15 280.4081 707.0688
16 280.0312 718.3551
17 280.6091 730.9480
18 283.7204 747.8490
19 261.3154 581.9628
20 247.7996 578.2642
21 102.0667 341.1430
22 207.3696 452.0416
23 186.5655 452.6032
24 166.6299 450.2186
25 142.7045 435.2733
26 223.9133 447.5110
27 176.5976 393.6198
28 199.5243 396.9696
29 156.3028 395.6202
30 144.0303 402.5788
31 127.5416 450.0036
32 211.2796 764.5641
33 142.5015 421.9150
34 92.7055 438.3948
35 111.5355 435.4603
36 176.0787 542.2349
37 244.8944 635.8515
38 251.7999 655.8880
39 218.3566 636.9759
40 203.8350 641.2487
41 232.4231 653.7390
42 218.7087 653.0392
43 188.2156 679.1315
44 241.8139 568.8108
45 239.0931 547.1501
46 115.8715 380.7183
47 222.3592 488.9361
48 204.3385 555.9511
49 205.7477 543.8900
50 119.0363 535.2954
51 243.9924 519.2058
52 155.1304 361.5457
53 130.4970 365.9144
54 113.1392 301.9506
55 239.9742 386.4559
56 219.3219 405.5941
57 171.9915 650.9837
58 125.5612 645.9001
59 219.9021 569.0936
60 237.4355 578.9425
61 187.7875 652.5729
62 198.5324 654.8040
63 122.1402 350.3135
64 206.0717 564.5145
65 190.5390 367.3522
66 186.3840 348.0166
67 176.0703 249.7957
68 117.3972 325.5404
69 182.2891 296.6937
70 107.8237 370.1233
71 104.5425 356.9459
72 247.4568 648.0343
73 225.6210 647.2642
74 210.8459 647.2712
75 225.6161 573.5583
76 192.6932 653.6289
77 202.0675 669.9454
78 203.0513 655.1233
79 226.0200 564.4194
80 224.6118 651.3723
81 238.8285 653.6446
82 257.1278 656.8984
83 251.6214 743.8069
84 249.8350 725.3732
85 250.5279 712.9260
86 252.8222 701.8338
87 256.3997 694.0401
88 222.8710 678.1586
89 218.4430 680.2375
90 212.8658 684.9108
91 209.0680 691.1023
92 188.4659 619.3473
93 108.9169 535.2075
94 265.5266 586.4386
95 214.1443 669.9698
96 207.5727 669.3331
97 244.2441 590.0156
98 214.2327 578.0276
99 240.8671 584.7481
100 201.1665 499.6514
101 166.3552 512.2517
102 204.1616 552.7496
103 135.4212 270.6092
104 141.7693 304.1559
105 148.9892 342.3725
106 203.7877 703.7080
107 231.7899 356.2731
108 228.4955 295.7134
109 226.0299 239.9044
110 150.7795 444.5674
111 107.9021 465.2526
112 234.1471 442.5056
113 126.6730 409.1110
114 236.0836 476.3431
115 213.3076 550.1781
116 91.6454 479.7852
117 116.0670 480.3111
118 137.7276 489.2442
119 175.7484 488.2030
120 205.0768 481.1659
121 225.9538 472.4422
122 259.0730 449.7255
123 87.3790 525.2950
124 113.5614 406.1106
125 251.5527 580.3282
126 219.4849 510.8403
127 101.5096 435.5323
128 240.4783 462.0536
129 205.1446 553.2658
130 137.3038 422.9001
131 215.7495 535.5063
132 113.7197 588.8870
133 234.8095 434.4495
134 229.3029 525.4964
135 144.8247 701.1220
136 158.1569 726.2580
137 87.5405 532.0317
138 122.5989 670.4828
139 98.5534 394.5166
140 212.3614 785.0882
141 257.5371 584.9206
142 201.8470 525.1352
143 99.6563 439.2563
144 167.6184 437.1802
145 186.0085 440.3014
146 197.4761 671.8026
147 90.1276 570.6388
148 249.1920 818.1696
149 200.9834 780.1559
150 182.1762 757.1190
151 285.3935 296.8039
152 289.5139 827.1021
153 203.9907 439.9703
154 220.4816 437.3063
155 230.4287 436.0067
156 104.1565 400.9308
157 217.8937 417.6080
158 200.4030 410.0310
159 181.4179 407.2541
160 163.1111 409.6270
161 152.2400 414.8207
162 98.4265 383.3249
163 156.0015 432.6074
164 272.9640 608.4842
165 205.0453 608.8263
166 217.9427 566.1878
167 242.8069 607.9521
168 281.9879 416.2418
169 169.6780 731.9695
170 191.2561 757.6526
171 243.1268 806.0683
172 140.6456 692.2993
173 229.3182 427.7765
174 242.3277 484.5250
175 285.3927 814.4099
176 221.3644 801.5664
177 93.0899 581.7353
178 237.2227 686.9980
179 232.6743 692.1231
180 228.5257 700.3044
181 226.0350 711.2526
182 223.4134 726.6385
183 206.2251 652.2034
184 198.8653 648.8025
185 192.8775 644.6923
186 175.7047 632.4656
187 106.7550 583.8317
188 248.2147 461.8898
189 246.3977 419.9804
190 236.5723 421.9944
191 213.0157 650.3670
192 115.8909 637.9479
193 258.3998 419.7004
194 217.3913 743.8072
195 267.0026 493.0373
196 254.2039 474.2946
197 271.9719 470.0635
198 226.0077 517.2865
199 283.5989 794.0117
200 283.7193 768.6675
201 247.2891 763.2840
202 176.7324 687.9760
203 190.1890 570.8433
204 195.9683 718.1402
205 143.2006 567.4090
206 171.8031 592.5788
207 130.4661 601.4448
208 242.2723 787.0331
209 216.3182 527.4941
210 166.9436 706.1910
211 190.4512 735.6368
212 158.3052 656.4104
213 99.5187 609.7353
214 138.7241 662.3881
215 104.8262 628.0613
216 158.1844 617.4016
217 231.5607 497.5905
218 218.8660 560.4070
219 209.6520 563.7613
220 224.8747 547.6703
221 229.8083 401.3524
222 196.0409 387.2279
223 167.0003 382.6341
224 144.4668 384.3552
225 131.0602 392.8659
226 126.4760 429.2303
227 88.0013 484.7843
228 136.0838 459.6369
229 155.0288 467.2968
230 181.7426 469.0577
231 207.5822 465.4845
232 226.8474 459.2547
233 239.2843 452.9523
234 106.4822 484.9953
235 212.2646 568.7195
236 236.9274 504.7086
237 230.0252 563.7175
238 244.1773 575.2300
239 232.4906 566.6082
240 218.8367 575.6576
241 246.2039 578.2167
242 251.7567 582.4414
243 240.7743 436.2649
244 248.9964 441.8580
245 251.5515 446.0239
246 146.5062 418.6720
247 136.5197 410.6436
248 286.3952 497.1289
249 455.3790 438.7015
250 287.0826 580.6625
251 570.2740 347.8384
252 385.6837 457.9889
253 408.9629 459.9448
254 432.3430 458.9667
255 466.8409 446.3582
256 366.4705 452.3328
257 418.2805 399.3240
258 393.1901 400.9189
259 442.1268 403.1568
260 459.1366 411.5160
261 487.7692 461.0059
262 373.8921 776.2315
263 465.8149 433.1406
264 577.6800 450.8122
265 518.3129 446.9203
266 401.6458 549.5104
267 308.3131 638.1817
268 309.8545 657.8750
269 346.5914 642.4394
270 374.1833 647.5389
271 337.7312 657.8228
272 361.5819 657.6944
273 409.1010 688.3011
274 277.1502 570.5915
275 279.3851 548.6413
276 496.8061 389.8993
277 352.8246 492.9953
278 345.0121 561.5897
279 348.7995 549.0617
280 479.7603 547.0220
281 282.3477 520.6233
282 432.3565 365.4836
283 468.9950 372.8250
284 538.0209 305.9664
285 329.1902 387.1612
286 372.0313 408.7176
287 428.2463 660.5417
288 562.3351 668.1304
289 328.9630 574.0432
290 308.4784 581.8555
291 411.0013 659.4750
292 400.3928 660.4148
293 484.6974 356.8664
294 349.6806 569.9981
295 385.9495 369.3970
296 389.8338 349.4089
297 426.3725 250.2111
298 509.8408 330.8151
299 404.2631 297.5442
300 515.5097 379.1992
301 542.0456 365.1084
302 309.2200 650.5677
303 341.2652 652.0292
304 367.4502 652.8260
305 324.0465 577.9156
306 405.8023 659.7151
307 390.3704 676.0050
308 397.0421 660.6266
309 309.5460 568.8846
310 359.2457 655.0592
311 335.5224 656.7353
312 309.9836 658.3649
313 320.2993 747.1614
314 316.1420 728.4513
315 314.2678 715.8975
316 312.6618 704.6700
317 311.2719 696.6352
318 362.3837 683.0452
319 365.8180 685.4800
320 370.9990 690.8660
321 375.5595 697.6101
322 388.5552 626.1656
323 593.0671 552.4880
324 378.5585 675.1829
325 384.3916 674.8810
326 301.1031 592.2113
327 345.0576 582.6087
328 304.3766 587.2322
329 378.5813 505.0239
330 418.5140 519.8693
331 355.8884 557.9982
332 491.5263 272.4822
333 465.7113 307.0729
334 441.4894 345.8589
335 385.6401 712.2053
336 335.5809 356.1396
337 346.9289 296.2857
338 361.8490 239.9944
339 453.8887 454.7807
340 515.6200 477.3168
341 354.3197 446.8085
342 487.3492 419.6234
343 334.7029 479.5231
344 324.9082 555.0533
345 546.3279 493.7505
346 495.3078 491.7380
347 461.1084 498.7766
348 414.0832 495.5012
349 380.5358 486.5870
350 356.0853 476.6121
351 299.3078 450.8318
352 543.9699 540.7979
353 509.5296 416.6104
354 272.5246 581.5375
355 348.7457 514.8687
356 598.5151 447.2892
357 337.3092 465.1173
358 362.1735 558.3286
359 475.0301 434.1591
360 329.4177 539.8357
361 583.6452 609.3197
362 356.1128 439.0916
363 305.3723 528.4087
364 488.7971 722.6160
365 491.9715 749.5028
366 579.2092 549.7014
367 526.1786 692.6989
368 561.5588 404.3315
369 376.3980 798.4148
370 273.9762 585.7597
371 371.8214 530.2942
372 543.5215 451.5951
373 428.9112 446.1643
374 408.1059 447.7034
375 396.4231 678.5093
376 543.4118 588.2236
377 334.5828 825.8998
378 410.7873 798.0421
379 447.1944 778.3629
380 389.1161 446.0607
381 371.6132 442.4164
382 360.7923 440.7283
383 532.0059 411.3508
384 377.1523 422.5863
385 397.3792 416.0352
386 416.8866 415.1232
387 436.9627 418.8716
388 450.2833 424.9644
389 589.1575 392.1450
390 444.1434 442.7481
391 360.2403 614.4442
392 327.3062 571.3814
393 307.7317 610.5159
394 449.4174 752.0652
395 414.0092 775.1951
396 332.6834 813.6858
397 529.5724 715.6159
398 362.3732 432.8038
399 311.6718 486.8488
400 373.7419 815.0387
401 572.8940 601.6995
402 338.2367 691.2711
403 341.6890 696.6553
404 345.1210 705.4180
405 348.0131 716.5569
406 356.7382 733.0797
407 385.5063 657.3964
408 391.6579 654.8175
409 397.7775 651.2812
410 413.8584 640.7011
411 505.8751 598.9918
412 316.4051 463.9463
413 336.2798 422.0791
414 351.9709 425.3633
415 380.6999 654.9057
416 512.6775 656.5462
417 312.7037 420.6251
418 366.7368 752.9243
419 292.8212 475.5012
420 327.8140 520.6590
421 325.7336 768.2119
422 424.6174 700.9665
423 383.6317 577.3423
424 398.3162 729.9873
425 443.6416 577.7943
426 409.7918 600.9921
427 468.6278 614.5025
428 330.1952 793.4140
429 345.5245 531.6706
430 441.8272 723.1738
431 408.4781 750.6571
432 445.3883 669.2203
433 538.7625 628.8270
434 476.4060 679.5407
435 557.2898 649.7293
436 434.8147 627.4616
437 329.8275 500.7152
438 316.4125 565.4393
439 337.1345 569.3210
440 302.3581 551.2323
441 352.8321 404.0116
442 389.2714 391.0744
443 422.3136 387.9311
444 451.6925 391.6299
445 474.0023 401.7920
446 493.4185 440.4653
447 581.0502 499.8875
448 472.1164 470.1218
449 445.1854 476.1687
450 412.5268 476.2393
451 382.9430 471.0936
452 360.8217 463.7308
453 345.3207 456.4021
454 597.1873 499.3012
455 339.3177 573.9857
456 307.0285 507.1036
457 295.2836 567.3814
458 285.6529 577.8871
459 298.0296 570.5304
460 335.0683 580.2885
461 280.1291 580.1224
462 281.6534 584.2884
463 346.9475 440.0702
464 333.2693 444.3964
465 323.5609 447.9497
466 458.6309 429.4737
467 472.4427 420.9146
