# Image: /home/yaroslav/Projects/Diia.AIContest-AdAstrum/fixtures/FLUXSynID-processed/0065bd34bc30/0065bd34bc30_f_live_0_e_d1.jpg
# Mode: stream
# Status: fail
# Errors: image_blurry_or_out_of_focus: Image is blurry (sharpness score: 39.35); face_not_looking_straight_at_camera: Head is turned 179.4째 (max: 15.0째); head_is_tilted: Head is tilted 16.9째 (max: 10.0째); face_too_small_in_frame: Face occupies only 43.2% of frame (min: 50.0%)

# 2D Landmarks (index x y)
0 307.0145 639.0326
1 309.7657 579.9391
2 307.4007 596.1871
3 293.8914 511.9146
4 310.1738 560.0933
5 309.8431 532.4663
6 308.3981 463.7574
7 174.8797 449.8550
8 307.8259 416.3144
9 308.2621 389.7346
10 308.7740 282.6453
11 306.7657 648.2778
12 306.4628 654.1942
13 306.0853 655.6733
14 306.2927 662.2430
15 306.4251 670.2512
16 306.3427 679.9990
17 306.1082 689.7798
18 304.9143 702.9654
19 309.0164 588.8573
20 292.4918 585.5516
21 103.2181 366.5946
22 228.3821 469.9516
23 209.9965 470.9654
24 192.2906 469.4378
25 168.1905 457.0638
26 243.7808 465.5260
27 203.8825 423.3158
28 223.3450 424.6530
29 185.9569 425.6783
30 173.7193 430.9734
31 152.6193 469.5972
32 238.5539 727.3979
33 168.0920 444.3841
34 95.3548 453.3423
35 130.8091 455.4107
36 216.4920 553.9983
37 285.7392 635.6924
38 288.1649 653.3137
39 263.6550 640.2010
40 249.0204 646.2051
41 272.2453 653.5467
42 259.3266 654.1700
43 225.0018 671.6117
44 294.9891 579.0455
45 292.9659 560.0017
46 143.4766 411.1166
47 252.7447 504.5247
48 252.5618 569.4427
49 251.1977 558.0388
50 160.5929 549.4739
51 293.5167 534.2314
52 188.8264 395.0989
53 162.3457 399.5335
54 121.9692 333.3407
55 269.6000 412.5894
56 240.4270 430.4621
57 211.6569 653.8644
58 117.7381 629.2076
59 265.3140 580.2372
60 280.1987 586.3233
61 231.4308 654.9016
62 239.0731 653.9518
63 151.3380 385.2434
64 251.6882 576.7660
65 223.8832 398.0980
66 220.3768 381.0759
67 199.1865 290.8953
68 137.1799 358.3579
69 211.9917 334.3586
70 131.2029 400.5933
71 117.1617 384.2556
72 286.6720 646.4081
73 268.6681 648.8138
74 254.3239 650.7147
75 269.7785 583.3304
76 235.4280 654.7905
77 243.0846 659.2058
78 240.7477 652.8222
79 275.1904 575.9252
80 262.3484 652.3226
81 275.4416 653.4318
82 290.0472 654.7461
83 281.7061 703.0673
84 284.3686 688.2867
85 285.5987 677.6456
86 286.9516 668.1944
87 288.4027 661.3267
88 258.9361 657.5354
89 256.4323 659.7339
90 252.8213 664.5999
91 249.4212 670.6219
92 233.4137 624.0602
93 95.3297 534.0465
94 308.2328 591.3474
95 250.2903 656.0402
96 246.9219 657.0140
97 286.0462 595.2275
98 257.6463 587.7664
99 283.2680 591.0067
100 233.6396 515.2599
101 203.4567 528.0519
102 247.9697 565.7324
103 152.3966 307.6129
104 167.3913 340.8051
105 181.8758 377.8222
106 239.7483 683.7701
107 263.8087 386.2008
108 257.4154 333.6855
109 249.6772 283.4518
110 176.9735 464.9445
111 132.1828 483.3417
112 253.7247 460.8963
113 152.3870 434.3341
114 265.6829 492.3959
115 263.7032 563.8937
116 112.4036 494.8888
117 145.6736 499.0960
118 170.6187 508.0575
119 206.3511 505.5533
120 232.1603 497.6076
121 251.2033 488.8996
122 290.8165 468.3730
123 116.7643 537.1330
124 135.8655 430.8475
125 300.2811 587.8586
126 255.3443 525.1729
127 88.7563 447.2592
128 265.5386 478.9947
129 245.9705 565.6604
130 162.6358 446.2266
131 262.7278 550.1543
132 102.9698 580.7947
133 253.4832 453.0519
134 277.5904 540.2130
135 161.5010 681.3405
136 162.2627 697.5412
137 97.8374 536.4880
138 137.1674 654.8114
139 105.3746 415.3453
140 235.7821 742.1579
141 301.5153 590.4708
142 238.8945 538.7763
143 114.0856 457.3827
144 193.7665 457.4544
145 209.7735 459.8959
146 238.7678 662.6099
147 121.6081 575.6446
148 267.6887 762.8591
149 215.2943 738.6867
150 191.3268 722.2915
151 308.7035 335.0232
152 302.4285 765.8367
153 225.1871 459.1181
154 239.9001 456.3515
155 249.1412 454.7438
156 121.3890 424.9312
157 237.5183 436.9663
158 221.4076 430.1618
159 204.9703 428.5838
160 188.5572 431.7532
161 178.4824 437.1301
162 92.8946 402.2133
163 182.6622 453.7204
164 307.2434 609.2509
165 249.8179 614.2309
166 265.0612 577.8054
167 283.6043 610.4931
168 307.8150 438.3413
169 186.8295 705.8089
170 210.4524 723.9634
171 266.5017 755.5799
172 138.3606 668.6164
173 248.6694 446.7084
174 279.0378 500.4742
175 303.5407 757.6249
176 240.1750 752.9435
177 105.1740 579.0543
178 272.4056 659.4088
179 269.8738 664.0889
180 267.2855 671.5005
181 265.0882 680.8604
182 258.5525 694.8848
183 247.3662 654.0125
184 242.4076 652.8378
185 237.4353 650.1721
186 219.3318 637.8304
187 146.9212 589.3298
188 278.4465 479.1382
189 268.0483 440.9784
190 256.2682 443.4178
191 250.9181 651.4173
192 145.7096 632.2074
193 284.3181 441.0095
194 247.2636 711.2763
195 309.3546 509.1492
196 292.0141 491.2517
197 308.8549 487.3093
198 266.8701 531.6861
199 304.2089 742.7141
200 304.5594 721.8674
201 274.8934 721.5054
202 207.2905 677.6853
203 230.7218 580.4319
204 225.5782 696.8596
205 187.5478 576.1353
206 213.5917 599.0123
207 172.4928 605.6439
208 268.7694 741.5287
209 256.1847 541.4464
210 192.1179 688.9354
211 215.1666 709.0273
212 192.9806 655.1334
213 127.5423 607.5166
214 169.9739 655.0046
215 116.3719 618.1603
216 199.2957 623.0374
217 267.4479 512.5105
218 269.5758 572.9292
219 257.8552 576.1624
220 277.4130 561.1550
221 253.7080 426.4229
222 224.2700 416.9070
223 198.4879 414.4521
224 176.7079 415.7920
225 161.0820 421.8510
226 148.8338 450.7908
227 93.7751 494.5834
228 163.4417 479.0511
229 182.7896 485.9727
230 207.4968 486.5802
231 230.6464 482.5137
232 248.4079 476.4179
233 260.7290 470.3429
234 91.3616 490.0592
235 258.1717 580.3147
236 279.6037 519.8838
237 282.4547 575.2729
238 291.7575 583.5404
239 282.2023 577.4695
240 263.1209 585.5986
241 294.9310 586.0362
242 296.1631 588.8219
243 259.8427 455.2800
244 270.4638 460.2188
245 276.4495 464.2377
246 172.6405 441.0842
247 163.9462 436.5081
248 324.1798 512.0474
249 434.8436 450.4227
250 323.3629 585.4644
251 499.7668 370.6432
252 382.0002 470.4859
253 400.2740 471.6369
254 417.5716 470.3030
255 440.2088 457.7619
256 366.9040 465.8963
257 407.4863 423.3636
258 387.7915 424.6525
259 425.1856 425.8519
260 436.7598 431.3847
261 454.2836 471.0232
262 366.6163 726.7510
263 441.0127 444.8814
264 503.2170 456.1231
265 474.2326 457.0450
266 393.6724 554.7031
267 327.7441 635.4935
268 324.1458 653.1301
269 348.1900 639.7659
270 360.9524 645.7306
271 338.7822 653.2980
272 350.3721 653.7586
273 380.8359 671.2082
274 324.0610 579.0750
275 326.8415 560.0116
276 467.1390 411.6785
277 359.2960 505.0109
278 361.1075 569.5894
279 361.9611 558.2991
280 446.0780 550.5403
281 325.6947 534.3143
282 425.3284 394.7838
283 450.4377 399.5642
284 485.5481 337.0804
285 345.3686 412.3378
286 370.8607 430.6914
287 394.0004 653.4991
288 469.1359 628.8700
289 348.2225 580.2524
290 333.8141 586.4148
291 375.3390 654.5953
292 367.8665 653.6342
293 461.3603 385.5577
294 360.7433 577.0338
295 390.7337 397.7578
296 394.8701 380.6709
297 415.2077 292.9927
298 473.3208 360.3238
299 403.5079 335.2181
300 478.1332 401.6715
301 489.4029 386.9870
302 326.3543 646.3301
303 342.9935 648.4193
304 355.7428 650.3226
305 343.5232 583.3652
306 371.3467 654.3634
307 364.8485 658.8730
308 365.9999 652.5425
309 340.6953 575.8343
310 346.7823 652.0361
311 335.0323 653.2842
312 321.5196 654.6636
313 327.5682 703.0308
314 327.2142 688.2439
315 326.6011 677.6750
316 325.2039 668.2538
317 323.4850 661.4485
318 350.3036 657.3883
319 352.8727 659.6174
320 356.4349 664.4293
321 359.4009 670.3743
322 376.2465 624.0080
323 493.3304 535.5919
324 357.6495 655.8244
325 361.0335 656.8937
326 328.0735 595.1728
327 353.9887 587.9593
328 330.7529 590.9712
329 377.2119 516.0160
330 406.2344 529.1158
331 364.0785 565.9822
332 458.7942 310.4447
333 446.1087 342.0621
334 432.3980 377.5263
335 367.2051 683.4005
336 352.2351 386.0630
337 359.3002 334.3493
338 366.7564 284.6131
339 432.1527 465.8294
340 472.7347 485.1499
341 357.4414 461.0771
342 456.5911 435.1390
343 347.5968 492.7537
344 352.0012 564.0468
345 489.3993 496.8234
346 460.5511 500.6953
347 437.5532 509.4897
348 403.3870 506.6438
349 378.3203 498.3452
350 360.2138 489.3548
351 325.3148 468.4046
352 484.1484 538.4477
353 471.8262 432.1273
354 317.5042 587.8234
355 357.1193 525.6118
356 504.8512 450.6076
357 346.9105 479.3277
358 364.9706 565.9426
359 445.6937 446.8662
360 352.3718 550.3102
361 483.9836 581.4440
362 357.5938 453.0573
363 339.8615 540.3308
364 434.3146 679.8160
365 429.6829 695.5917
366 496.6472 537.8472
367 456.1278 653.6571
368 496.9580 418.3135
369 367.8668 740.9226
370 314.8573 590.4571
371 372.1843 539.3143
372 488.6006 459.5232
373 417.0113 458.1150
374 401.1560 460.4532
375 368.7486 662.3125
376 477.1911 576.1984
377 336.3121 762.2195
378 383.5452 736.8746
379 404.3268 720.1823
380 385.5475 459.5296
381 370.9862 456.5206
382 361.8484 454.9237
383 484.3371 426.6992
384 373.6302 437.0416
385 389.5301 430.1926
386 406.0259 428.7751
387 422.1635 432.0047
388 431.6988 437.4732
389 505.5325 406.2012
390 427.6766 454.3811
391 361.2516 614.2323
392 349.1016 577.8293
393 330.1654 610.3521
394 411.4789 704.2119
395 389.9945 722.3085
396 339.5237 755.1131
397 450.3928 667.2460
398 362.4513 446.7011
399 336.7470 500.7764
400 361.8436 751.6804
401 487.2575 579.3851
402 338.3560 659.4700
403 341.0318 664.1426
404 343.5780 671.5018
405 345.3583 680.7909
406 349.7218 694.6661
407 360.8270 653.6556
408 365.7804 652.5338
409 370.6455 649.7756
410 388.3994 637.6730
411 455.5909 589.6680
412 336.2149 479.3545
413 344.5104 441.0387
414 355.2098 443.5013
415 357.0386 651.1747
416 452.5703 631.7299
417 330.1222 441.1211
418 358.8088 710.6528
419 325.0951 491.4094
420 347.6515 531.9191
421 333.3221 721.3182
422 396.5761 677.0990
423 379.3884 580.8456
424 379.0213 696.2253
425 420.6160 576.8155
426 395.4177 599.4170
427 432.8036 606.0066
428 338.6702 741.2782
429 356.4568 541.8328
430 409.2759 687.7989
431 387.5808 707.8830
432 411.1307 654.6235
433 469.3457 607.4819
434 430.7189 654.1664
435 475.4517 617.7037
436 407.5934 623.1932
437 346.6428 512.8198
438 346.4259 572.9677
439 356.0285 576.2866
440 340.5369 561.2943
441 358.7991 426.3291
442 388.2597 416.6586
443 414.1281 414.3735
444 435.4698 416.1939
445 449.7896 422.4339
446 458.2772 451.8977
447 502.7180 496.7448
448 444.4037 480.2933
449 426.1266 487.2209
450 402.2121 487.5574
451 379.6543 483.0851
452 362.5616 476.8780
453 350.9044 470.6162
454 499.3064 492.6701
455 354.7362 580.5010
456 337.0872 520.1251
457 335.5466 575.2949
458 325.0845 583.4911
459 334.6273 577.3747
460 349.3619 585.7476
461 322.5414 585.9813
462 319.8944 588.6968
463 351.6209 455.4032
464 341.7341 460.3869
465 336.8951 464.4204
466 436.9927 441.5597
467 445.3758 437.0499
