# Image: /home/yaroslav/Projects/Diia.AIContest-AdAstrum/fixtures/FLUXSynID-processed/00960122ce74/00960122ce74_f_live_0_a_d1.jpg
# Mode: stream
# Status: fail
# Errors: image_blurry_or_out_of_focus: Image is blurry (sharpness score: 46.59); strong_shadows_on_face: Strong shadows or uneven lighting detected (difference: 50.5); face_not_looking_straight_at_camera: Head is tilted up/down 12.3° (max: 10.0°); face_too_close_or_cropped: Face occupies 70.1% of frame (max: 70.0%)

# 2D Landmarks (index x y)
0 323.3868 649.5033
1 334.7189 564.7399
2 323.6629 594.2984
3 307.4862 486.1768
4 335.6232 538.6651
5 331.8637 507.0121
6 318.4046 434.4851
7 141.7395 433.6709
8 313.9386 377.6972
9 314.3424 346.6007
10 307.9885 249.2274
11 322.6496 662.1165
12 320.6555 672.6638
13 317.9166 677.9648
14 318.3290 685.8256
15 319.3075 696.5423
16 319.4925 710.2940
17 318.2530 724.9631
18 313.4627 749.3052
19 331.3276 579.1973
20 306.2266 579.9736
21 32.6127 358.5244
22 208.3326 454.3139
23 185.2818 456.3152
24 162.6272 455.7453
25 130.6798 443.7892
26 227.8357 447.9335
27 181.8341 392.5361
28 205.6234 394.3841
29 158.1159 396.2876
30 140.9099 405.1628
31 109.4878 462.1167
32 220.7755 790.8505
33 132.6737 428.2876
34 21.1028 459.7744
35 79.4683 447.5766
36 198.8381 555.3296
37 296.4888 646.1568
38 297.6757 673.0704
39 265.6328 656.6788
40 244.3656 669.1898
41 275.5134 676.3615
42 257.3832 680.7081
43 206.2278 711.8951
44 315.4282 564.4660
45 313.2537 539.4939
46 102.3592 380.9757
47 243.3574 492.8812
48 252.8976 564.6725
49 248.8166 552.1890
50 123.7861 556.0503
51 310.7683 510.2722
52 165.1418 350.3214
53 130.0878 360.7867
54 65.9164 313.3664
55 266.9112 370.2646
56 225.8482 402.3135
57 189.6708 688.7149
58 26.5319 693.3833
59 268.6685 578.3911
60 287.5137 585.5228
61 217.6687 689.0349
62 227.6131 686.8861
63 114.4454 346.4825
64 249.4250 577.3049
65 210.3141 351.8107
66 206.5615 332.9010
67 176.6346 256.6018
68 91.1751 329.6297
69 194.6996 293.4278
70 84.4976 372.8532
71 59.0285 367.1407
72 297.1588 661.4478
73 272.0438 668.4174
74 251.5314 675.3278
75 273.8089 583.4096
76 223.2823 688.3975
77 233.4235 691.5484
78 229.0758 685.2693
79 285.5655 567.2726
80 259.5114 680.0252
81 277.4403 678.4610
82 297.4468 677.6742
83 282.7939 749.4698
84 289.7371 723.3821
85 292.5602 707.9446
86 294.5731 694.3574
87 295.6655 685.5256
88 254.9707 685.9346
89 252.0231 689.1446
90 247.1273 696.0510
91 241.8108 705.0545
92 222.4300 642.3911
93 1.1799 572.7773
94 327.4497 585.7603
95 242.2446 686.5621
96 238.6287 688.0272
97 295.4001 596.1457
98 255.4449 593.3774
99 291.8215 591.0952
100 218.1584 508.3187
101 180.3985 525.4760
102 242.9907 564.5782
103 112.2990 278.1528
104 134.3464 303.6124
105 156.0241 332.2906
106 225.8576 727.0302
107 261.0587 339.3418
108 251.4110 294.2579
109 239.6104 248.6527
110 142.5547 451.9937
111 82.0635 481.5024
112 240.6393 441.2552
113 111.0928 414.3885
114 260.7646 475.7445
115 270.5577 552.6445
116 51.6551 500.3982
117 101.9134 497.1431
118 135.7405 504.5675
119 181.7725 499.1133
120 214.5223 488.0818
121 239.4147 475.6791
122 296.0889 440.9658
123 56.5164 551.4721
124 88.8617 412.1850
125 320.0143 578.1403
126 248.6231 516.0249
127 0.2604 464.3735
128 258.4043 461.5338
129 237.5052 567.6932
130 123.3329 430.1463
131 266.5588 537.8069
132 7.5420 631.9184
133 239.7292 432.5565
134 288.4724 520.8862
135 101.7691 743.8521
136 92.1569 775.2200
137 18.1865 562.7224
138 67.3306 712.1375
139 38.6576 410.2979
140 212.0670 817.2253
141 318.8153 584.7541
142 226.5644 535.6524
143 54.7649 454.4274
144 166.0623 440.1552
145 185.9774 442.1818
146 227.1108 696.8127
147 59.5474 601.0194
148 253.8431 850.4982
149 172.0807 823.6876
150 135.0853 804.4828
151 311.9334 298.0809
152 304.7779 852.7138
153 204.8706 441.1365
154 222.4932 437.4921
155 233.8253 435.0370
156 67.2058 409.9011
157 221.1349 418.6796
158 201.8370 413.4405
159 182.9350 412.0921
160 162.8865 415.3630
161 149.1811 420.6432
162 11.7253 405.8585
163 152.0066 436.9865
164 322.5639 611.6668
165 245.1790 627.1889
166 269.9195 573.5995
167 292.2472 615.5750
168 313.9624 406.8288
169 137.5794 773.9536
170 173.0066 796.4781
171 258.2806 831.3651
172 57.0107 741.2595
173 234.4113 426.7110
174 283.1202 478.9245
175 310.0512 832.9032
176 211.2420 839.5314
177 24.0935 617.1225
178 274.3355 685.1459
179 271.3081 691.5381
180 267.7337 702.0425
181 263.6938 715.7730
182 251.2748 740.2208
183 240.0610 684.1536
184 233.9449 682.4444
185 227.2241 679.0670
186 202.6763 663.6537
187 100.8712 610.7783
188 278.8473 456.5988
189 260.8124 414.1368
190 245.1989 418.8351
191 243.4011 681.2811
192 89.9805 672.8367
193 283.8844 410.9763
194 234.9275 765.3150
195 327.0495 481.9510
196 301.4429 464.5394
197 322.8046 458.8574
198 268.2982 517.8641
199 312.7765 806.3419
200 313.3204 775.4592
201 273.9299 775.7349
202 178.7294 723.2672
203 217.1999 588.1525
204 203.3921 748.4459
205 161.6139 584.9072
206 195.1641 612.3660
207 138.1949 626.6177
208 264.8652 805.4780
209 251.8232 533.9395
210 152.5018 743.8568
211 185.7254 769.4594
212 161.5413 692.6853
213 63.1463 643.8580
214 125.0517 698.5106
215 37.3352 667.3494
216 175.0310 646.0863
217 266.0779 497.0433
218 278.8726 563.1918
219 260.5567 572.3624
220 291.1482 544.6561
221 243.9921 392.5400
222 208.3770 378.9489
223 176.2332 376.4281
224 147.6083 381.3389
225 125.3601 393.3953
226 104.1895 438.8766
227 16.2515 510.4353
228 124.3986 471.2702
229 150.0033 477.2511
230 181.8881 476.0405
231 211.3593 469.9054
232 234.2978 461.3571
233 250.4602 452.7144
234 -0.5936 518.5536
235 259.2188 580.0811
236 287.5612 499.1410
237 297.5732 562.2084
238 307.3428 575.3774
239 295.6902 567.3903
240 264.3045 588.2090
241 312.4435 576.8836
242 311.4162 583.5202
243 249.1344 433.5584
244 263.3986 438.8446
245 272.9663 441.7089
246 140.4387 424.7977
247 126.6214 415.3899
248 343.9740 486.5452
249 446.1275 438.7056
250 344.7538 580.1797
251 497.7294 371.3670
252 390.6379 457.8346
253 410.9456 460.0775
254 429.8008 459.8191
255 451.6204 448.9604
256 373.5551 451.2472
257 417.6947 399.1153
258 396.0505 400.0792
259 437.2752 403.2836
260 449.2550 412.4471
261 467.0359 467.6351
262 387.3239 786.3443
263 451.7650 433.9370
264 508.1871 467.4481
265 484.7261 453.9808
266 412.7358 556.6937
267 347.0202 646.3174
268 339.5683 673.1286
269 368.9509 656.1810
270 380.8129 669.2614
271 354.6400 676.0412
272 365.6128 680.7982
273 400.5500 711.0953
274 351.4511 564.8459
275 354.8389 540.0080
276 478.4587 389.8349
277 371.3528 494.6200
278 385.6824 565.1741
279 384.9880 552.5844
280 466.8378 558.5015
281 350.0437 510.6591
282 439.7109 358.8334
283 463.4674 369.6783
284 484.4522 327.1598
285 355.5509 373.1049
286 376.8104 407.0591
287 415.0082 688.4541
288 481.7943 690.2723
289 369.4577 578.7979
290 353.4981 585.4799
291 391.9380 689.7225
292 381.5108 687.2363
293 472.5690 356.6869
294 383.1865 577.3075
295 404.7850 358.1388
296 409.3065 339.9352
297 417.8373 266.6873
298 479.5016 341.3247
299 412.9347 301.9925
300 487.1672 382.8372
301 493.4287 378.3694
302 344.1225 661.3086
303 361.6416 667.9770
304 373.7126 675.1774
305 363.4597 583.2855
306 386.7479 688.9747
307 381.3855 691.8027
308 378.5711 685.5085
309 364.8753 568.0418
310 359.4011 679.9778
311 347.9909 678.3663
312 334.2499 677.7436
313 340.6846 748.5322
314 343.3553 723.0665
315 342.9974 707.6563
316 340.7681 694.3019
317 337.6290 685.4866
318 364.7986 685.8392
319 368.6614 689.1738
320 373.8612 696.1172
321 378.0714 704.8047
322 398.5433 642.1020
323 496.7509 575.7377
324 371.1893 686.7231
325 376.1164 688.3460
326 347.1861 595.8253
327 373.7425 592.7283
328 350.3494 591.0639
329 391.4773 510.2491
330 423.8160 527.9661
331 385.7846 564.6421
332 459.7687 291.3927
333 454.2490 314.8709
334 446.5228 341.8305
335 386.0477 725.3027
336 363.4842 343.1990
337 366.8165 298.9040
338 369.2042 254.3698
339 444.2569 456.4340
340 487.0664 486.9888
341 362.6982 444.0664
342 467.8697 421.4761
343 358.6173 477.3159
344 377.8053 553.7258
345 504.7049 505.7894
346 477.6931 501.8073
347 455.1829 508.4908
348 418.2816 502.1379
349 390.2093 490.6253
350 369.3271 477.9031
351 336.6660 441.9238
352 504.2489 554.7496
353 482.1167 419.9183
354 341.3361 578.4366
355 372.4403 517.0461
356 501.6017 472.5936
357 354.6191 463.4517
358 384.0746 567.6646
359 457.0384 436.3211
360 375.8188 538.6044
361 493.0793 631.9667
362 361.4420 435.1909
363 364.0046 521.5260
364 459.3872 737.9424
365 451.2787 767.6870
366 511.6051 565.8781
367 478.9356 707.9600
368 500.7302 420.1147
369 390.4569 811.3926
370 335.3833 584.9196
371 388.6925 536.6749
372 498.0634 461.2291
373 428.6570 444.6667
374 411.4431 446.5160
375 386.3133 697.1925
376 498.6902 602.3921
377 350.8498 846.8518
378 406.4459 815.5894
379 427.8296 795.7653
380 393.9973 445.2302
381 377.8014 441.0759
382 367.0943 438.0201
383 492.4481 418.4143
384 378.2375 422.2800
385 395.3996 417.9135
386 413.3426 416.8825
387 430.9106 420.3564
388 441.6457 426.0292
389 503.0388 416.9455
390 439.3345 441.6787
391 383.1163 626.5483
392 371.5697 574.2281
393 349.3131 615.1597
394 436.9705 766.7516
395 414.6676 789.1726
396 356.8363 827.9697
397 467.3650 735.6658
398 366.7566 429.4667
399 352.0706 479.8935
400 382.6952 833.1260
401 505.3845 617.6667
402 353.1672 685.1008
403 357.1057 691.4316
404 361.1092 701.8227
405 363.8330 715.3819
406 366.6825 738.8065
407 374.8813 684.3690
408 382.3457 682.8165
409 388.9345 679.5225
410 410.3896 663.5722
411 477.9184 611.6649
412 347.0940 457.8943
413 348.8388 416.5446
414 358.9569 421.8891
415 368.9439 681.4957
416 475.6899 671.0514
417 337.0705 412.3245
418 376.6830 762.1056
419 341.0372 465.1842
420 366.0775 518.7845
421 347.5544 773.8272
422 419.4012 720.4322
423 399.5605 588.2002
424 399.8155 744.8454
425 442.0714 586.3244
426 417.0970 612.5958
427 455.4397 626.8521
428 355.4798 802.8590
429 374.8612 534.6695
430 434.2440 738.8484
431 410.7566 763.9938
432 434.9020 691.1166
433 491.6988 643.2477
434 455.7416 695.5979
435 495.6206 665.4491
436 430.0982 646.0435
437 361.5174 498.1777
438 371.9022 564.1129
439 379.9510 572.8932
440 368.1136 545.3667
441 365.8745 395.9294
442 398.9049 384.5088
443 426.8111 383.8401
444 448.9308 389.3529
445 462.3990 401.3902
446 469.1191 444.8760
447 512.8839 516.0688
448 458.5600 476.0459
449 440.6280 481.2672
450 414.9807 479.5208
451 389.5590 473.0261
452 369.6906 463.9609
453 356.3640 455.0662
454 497.5098 524.1400
455 376.8112 580.2113
456 356.3920 499.7622
457 362.8762 562.9128
458 348.5452 575.5408
459 359.5858 567.9837
460 369.6514 587.9551
461 346.7293 577.3813
462 341.1525 583.6487
463 355.1160 435.9837
464 345.9499 440.8871
465 343.3681 443.4120
466 447.6182 430.2744
467 457.4530 422.2093
