# Image: /home/yaroslav/Projects/Diia.AIContest-AdAstrum/fixtures/FLUXSynID-processed/00028290bd21/00028290bd21_f_live_0_e_d1.jpg
# Mode: stream
# Status: fail
# Errors: image_blurry_or_out_of_focus: Image is blurry (sharpness score: 44.30); face_not_looking_straight_at_camera: Head is turned 175.2째 (max: 15.0째); head_is_tilted: Head is tilted 18.3째 (max: 10.0째); face_too_small_in_frame: Face occupies only 46.7% of frame (min: 50.0%)

# 2D Landmarks (index x y)
0 295.4153 633.9479
1 303.4982 580.1005
2 299.1271 593.2929
3 295.2221 509.6502
4 306.1988 561.0274
5 308.7892 533.1111
6 314.1856 462.1669
7 185.4447 428.2275
8 318.8561 417.3264
9 322.3277 392.2461
10 333.8279 285.6055
11 294.3641 642.6363
12 293.1849 647.9221
13 292.3285 648.8732
14 292.1127 653.0360
15 291.6075 660.5392
16 290.6546 669.6456
17 289.2229 678.4237
18 285.6918 691.2218
19 301.5790 588.0321
20 285.1226 582.0302
21 117.1641 336.6032
22 236.2178 455.0595
23 217.9926 453.9175
24 200.4184 450.4969
25 178.1240 434.4653
26 251.5607 452.5573
27 215.3432 408.0727
28 234.2860 411.4756
29 197.9651 408.0749
30 185.7172 411.1534
31 160.5402 445.7007
32 215.8327 710.7818
33 179.0321 421.5521
34 100.5185 420.4931
35 138.8986 428.8167
36 215.5129 538.8312
37 275.3781 628.9865
38 276.4064 645.6614
39 253.5944 631.7042
40 239.4895 636.7720
41 261.2100 644.8279
42 248.9028 644.6711
43 212.0010 657.3230
44 288.9079 577.6707
45 289.1931 558.8789
46 157.1666 389.1422
47 255.2663 493.2305
48 247.3042 560.9644
49 247.4487 548.8624
50 161.3887 527.1669
51 292.5551 532.8346
52 203.7774 381.0448
53 177.1877 381.2283
54 140.5515 308.2046
55 281.9515 409.1595
56 250.7295 418.6475
57 200.7108 640.1205
58 98.3324 594.7151
59 258.6179 572.8677
60 272.7399 580.3020
61 221.9748 644.2086
62 229.3508 643.4572
63 167.2276 365.6620
64 245.5048 567.4633
65 238.3287 389.2715
66 236.5851 372.3125
67 224.2211 279.7310
68 154.4803 336.2179
69 232.7523 324.8176
70 145.3559 376.9663
71 131.2715 357.6989
72 275.5056 639.4103
73 258.0992 640.5086
74 244.3806 641.5235
75 262.7013 576.1071
76 225.9825 644.3722
77 232.8883 647.9589
78 230.6203 642.0833
79 269.2157 571.1273
80 251.7358 642.7626
81 264.0339 644.4964
82 277.8702 646.8512
83 263.9643 689.4853
84 269.4195 675.7468
85 271.9340 665.9624
86 274.0018 657.4297
87 275.8668 651.1376
88 248.1427 646.4975
89 245.6546 648.4618
90 241.8221 652.8594
91 237.7389 658.1128
92 225.3296 612.4985
93 88.0882 497.0332
94 300.4072 589.5101
95 239.6645 644.9120
96 236.7652 645.9271
97 277.8258 589.7919
98 250.3062 578.6078
99 275.3573 585.3719
100 236.1508 501.5119
101 205.9660 511.1189
102 243.3424 555.5616
103 174.8162 288.5663
104 187.1027 323.9841
105 198.3953 363.1500
106 225.2959 669.1864
107 279.0746 383.4608
108 278.0819 330.3450
109 275.4405 279.4785
110 185.8846 443.8593
111 138.0544 457.1588
112 261.5417 449.5607
113 163.9941 411.3789
114 269.1420 483.2643
115 259.2725 557.8212
116 115.7206 465.6489
117 150.9024 475.0024
118 175.2877 487.2553
119 210.9232 488.5519
120 236.7066 483.3086
121 255.6835 476.9537
122 296.4898 464.4179
123 116.1732 508.1888
124 146.9095 406.0319
125 293.0247 586.1636
126 255.3646 514.7549
127 92.3799 411.3502
128 270.6039 469.5192
129 241.4671 554.4542
130 173.4430 422.9545
131 259.8409 543.2977
132 89.3549 544.4089
133 261.6424 441.7452
134 275.9719 536.1663
135 139.7048 655.7357
136 135.6494 670.6870
137 93.5149 502.8808
138 118.4234 625.4710
139 115.4449 385.3059
140 208.9192 726.0031
141 293.8177 587.9359
142 238.2704 526.1637
143 121.0117 428.2814
144 203.5270 438.8358
145 219.0419 443.2310
146 228.2270 650.9083
147 116.2252 546.5081
148 237.8320 750.8892
149 185.3897 720.0095
150 162.1971 699.9583
151 328.5763 337.4715
152 273.6816 757.1747
153 234.2597 444.0651
154 248.7821 442.9869
155 257.6768 442.7512
156 132.2570 398.1132
157 247.4090 423.1420
158 231.9705 414.1561
159 215.8468 410.7018
160 199.5445 412.0091
161 189.5272 415.9982
162 102.2267 368.7302
163 192.8566 433.4715
164 297.9271 605.0907
165 241.3825 604.2588
166 258.7140 570.8729
167 274.8458 604.1025
168 316.1247 437.5282
169 162.0937 683.5590
170 184.3318 704.9843
171 239.1615 742.4983
172 114.5977 637.5982
173 257.4919 434.7576
174 281.5086 494.7976
175 276.6121 748.1795
176 210.0506 737.7666
177 95.5459 545.6577
178 260.9800 648.5758
179 258.3071 652.7961
180 255.2072 659.4881
181 251.8039 667.9794
182 242.5391 680.5449
183 237.5089 644.0984
184 232.9187 643.0029
185 228.1381 640.0857
186 210.6012 625.3005
187 142.2795 564.1004
188 283.1293 472.6730
189 277.1090 433.2537
190 265.1645 433.1439
191 240.7920 641.3740
192 133.1960 605.4582
193 292.8763 436.7170
194 228.1285 695.4552
195 310.6036 508.8193
196 295.3468 487.9015
197 312.3140 486.1385
198 266.1733 524.2725
199 279.7840 732.0525
200 282.9536 710.2678
201 254.6045 707.4770
202 190.9352 660.1595
203 225.6303 567.1788
204 207.3684 679.9135
205 185.2978 557.3888
206 207.9752 583.8433
207 166.2524 584.5394
208 245.0079 727.4629
209 254.3776 531.9073
210 171.9520 668.2916
211 193.3804 690.6201
212 179.9738 637.2719
213 117.3630 578.3285
214 154.9235 632.3175
215 101.7056 585.8083
216 191.5490 606.7184
217 268.5829 504.3584
218 264.0050 567.7590
219 251.7487 568.3611
220 273.3551 557.7082
221 264.7466 418.2156
222 236.5942 405.7844
223 211.6601 400.2311
224 190.2738 398.3629
225 174.3074 401.4590
226 158.4723 426.2430
227 94.3038 461.0287
228 170.8828 456.6027
229 189.2617 466.1803
230 213.8480 469.4733
231 236.9297 467.8107
232 254.6277 464.0160
233 267.0889 459.9684
234 89.6183 453.3895
235 251.5549 572.0390
236 280.1757 515.1448
237 276.6913 572.3020
238 284.8418 580.6870
239 276.0508 573.9243
240 255.8640 577.3945
241 287.8563 583.7131
242 288.4906 585.6513
243 267.6780 445.0366
244 277.5006 451.7127
245 282.7899 457.0703
246 183.6249 419.0893
247 175.7555 414.4756
248 324.5730 512.7838
249 435.3681 455.5755
250 316.0443 584.8163
251 505.6485 382.4485
252 381.4030 470.9771
253 398.9226 473.7253
254 415.9401 474.1227
255 439.0478 462.9164
256 367.6909 465.3314
257 413.5680 430.1891
258 394.3702 429.4582
259 430.0542 433.7898
260 440.0261 439.3060
261 450.9691 477.4189
262 341.9606 721.2100
263 442.1296 450.3633
264 499.1610 464.9850
265 472.2588 465.3258
266 384.3735 556.1855
267 315.3281 632.2913
268 309.3799 648.2664
269 333.7966 638.1338
270 344.1670 644.9512
271 322.6459 649.6024
272 332.8869 651.2083
273 360.0665 669.3855
274 317.5949 580.4563
275 322.5737 562.2484
276 471.8241 423.7835
277 357.2276 504.1967
278 354.0781 571.3994
279 355.5688 559.6116
280 433.7835 555.3678
281 323.8835 536.1343
282 435.3994 407.0375
283 458.1594 412.3679
284 497.0588 350.7230
285 355.7099 417.6405
286 376.8647 433.0818
287 374.4270 654.7870
288 448.7846 628.6896
289 340.3515 580.6714
290 325.9558 585.4437
291 355.2703 654.6823
292 348.2417 652.6854
293 470.2764 399.4951
294 352.6821 577.7894
295 401.8195 407.7563
296 408.2573 391.7201
297 436.2398 305.4676
298 483.7981 374.3177
299 421.1833 347.0121
300 483.2399 414.4237
301 494.6390 399.5849
302 312.6818 642.4527
303 327.6314 645.9044
304 338.5232 648.9060
305 335.5024 583.0244
306 351.3443 653.9674
307 345.1612 656.5761
308 346.8197 651.2613
309 333.7280 577.2057
310 329.4006 648.8464
311 318.7695 648.8627
312 306.2283 649.1134
313 306.5153 693.0401
314 308.5466 678.6986
315 309.1254 668.9929
316 308.7415 660.1884
317 307.8058 653.8051
318 332.2125 653.0698
319 334.3987 655.3933
320 337.1287 660.1703
321 339.4182 665.9427
322 361.2546 624.8651
323 480.3954 538.6953
324 338.8757 652.7255
325 341.9094 654.2355
326 319.3121 593.6679
327 344.6929 587.5747
328 322.5045 589.7096
329 372.4213 516.0878
330 398.3327 531.4942
331 356.5792 566.6376
332 475.6785 324.5981
333 460.9315 355.8416
334 444.4422 390.7139
335 345.8071 678.9423
336 365.9873 393.5898
337 378.3451 342.3882
338 390.3193 293.4371
339 430.4689 470.5861
340 467.1313 492.9341
341 359.5524 460.2593
342 458.1921 443.6051
343 347.7752 491.8349
344 346.0132 566.5038
345 481.7749 505.0926
346 453.4082 507.5889
347 430.3408 514.6100
348 397.9250 508.6791
349 375.1036 498.2823
350 359.3131 488.2884
351 329.8547 468.0189
352 471.6830 545.3275
353 473.3372 441.9440
354 310.2023 587.7464
355 353.2125 525.0449
356 500.2415 457.6380
357 348.0337 478.0642
358 356.6780 565.7197
359 446.0064 452.7725
360 347.3346 552.1233
361 467.4414 582.8679
362 360.7894 452.5793
363 336.7077 542.4097
364 412.4752 679.5858
365 406.3070 693.9149
366 483.7487 543.7611
367 434.7782 654.5556
368 497.6456 428.7948
369 342.4935 736.5548
370 307.0923 589.1487
371 365.6325 539.2771
372 485.4543 468.4391
373 416.9732 462.3269
374 401.2398 463.2740
375 348.5896 660.2022
376 460.9993 581.2426
377 308.8142 756.3983
378 358.4759 733.5502
379 380.2274 717.4955
380 386.1902 460.8343
381 372.6378 456.5114
382 364.3656 454.4187
383 485.5133 437.3419
384 378.4274 437.8193
385 394.7906 432.3984
386 411.3493 432.4803
387 426.5825 437.0038
388 434.8428 442.9409
389 506.3714 415.8188
390 427.8638 459.2532
391 348.7058 614.0643
392 341.5888 578.8667
393 319.8566 608.1176
394 388.8499 702.5459
395 366.2374 719.4301
396 313.0474 748.5165
397 427.7543 666.2012
398 366.4393 446.5697
399 337.3008 500.8066
400 335.5648 747.4627
401 470.6974 583.4078
402 321.4084 653.4458
403 323.4208 657.9901
404 324.9792 664.9841
405 325.7654 673.7593
406 328.0743 687.3510
407 341.8601 652.2498
408 346.7513 651.9618
409 351.8454 649.8689
410 370.8152 639.3500
411 438.8204 593.6181
412 338.7076 478.7429
413 350.0622 441.5029
414 360.0082 443.8273
415 338.5866 649.0989
416 432.8263 633.8316
417 337.0541 441.8390
418 335.3997 704.0587
419 327.5519 491.3959
420 344.1582 532.3357
421 309.9981 712.0152
422 376.0937 675.9642
423 368.7485 581.2699
424 356.9368 692.2530
425 407.3381 579.7886
426 381.8355 600.9227
427 416.2396 609.0318
428 313.4325 733.2142
429 351.1371 541.8130
430 388.0631 686.7821
431 364.6838 704.5563
432 391.8252 656.1137
433 450.8358 610.9549
434 410.9244 655.4538
435 456.0115 620.0611
436 390.8210 625.5550
437 345.0086 512.4199
438 339.6383 575.0129
439 348.5633 577.8128
440 335.5020 564.0010
441 366.0152 429.6456
442 396.0944 423.6107
443 421.2884 423.6575
444 441.1814 426.4388
445 453.5962 432.4780
446 457.4654 458.9916
447 494.1243 504.3529
448 440.2479 485.8431
449 421.9882 491.5396
450 398.8846 489.6574
451 377.7630 483.0664
452 362.4473 475.8156
453 352.2655 469.3142
454 490.1412 497.4716
455 346.6540 581.1639
456 335.7305 521.0287
457 329.1887 577.4155
458 318.0251 583.7455
459 327.7665 578.7119
460 340.7631 585.5284
461 315.3000 586.2127
462 312.2877 587.7947
463 354.8842 454.7343
464 344.9229 459.3379
465 340.4046 463.5515
466 439.0640 447.1360
467 447.1473 444.3290
