# Image: /home/yaroslav/Projects/Diia.AIContest-AdAstrum/fixtures/FLUXSynID-processed/00bffa3b186b/00bffa3b186b_f_doc.jpg
# Mode: stream
# Status: fail
# Errors: strong_shadows_on_face: Strong shadows or uneven lighting detected (difference: 86.4); face_not_looking_straight_at_camera: Head is turned 179.8째 (max: 15.0째); head_is_tilted: Head is tilted 18.2째 (max: 10.0째)

# 2D Landmarks (index x y)
0 304.6403 641.0759
1 303.5457 576.2345
2 303.2932 596.6119
3 286.1738 502.6176
4 303.3663 553.7835
5 302.9666 523.8505
6 302.1790 451.5307
7 161.8706 445.5795
8 301.9256 394.3325
9 302.0242 364.1825
10 301.1576 263.5278
11 304.8121 651.3668
12 304.8512 658.9144
13 304.9448 661.6901
14 305.3877 669.7548
15 305.5864 678.5135
16 305.7779 689.5705
17 305.9386 700.9723
18 305.7282 717.4656
19 303.3838 587.3064
20 285.1901 585.1110
21 93.3246 363.4945
22 218.6375 465.3655
23 199.2421 466.8985
24 180.7329 465.7014
25 155.4193 453.2479
26 234.9545 460.0212
27 192.7456 408.7425
28 213.6072 410.4364
29 173.1376 412.0242
30 159.9024 419.7977
31 140.5933 467.2764
32 235.6576 745.4918
33 155.0020 439.6069
34 85.6238 455.9175
35 119.3700 452.1346
36 205.9481 553.6259
37 280.0653 637.6845
38 283.5278 658.4818
39 255.0770 643.7978
40 239.4346 651.4728
41 265.4327 659.3143
42 251.4582 661.1190
43 217.0166 681.9583
44 287.2568 575.7133
45 284.6303 553.9661
46 129.8792 396.4400
47 244.3857 500.2283
48 241.4097 567.8534
49 240.0366 555.8718
50 148.2981 550.0104
51 285.2768 526.2060
52 174.5512 372.1295
53 148.1151 380.0931
54 110.9246 324.7860
55 259.7281 389.2160
56 231.6966 418.0248
57 201.9871 662.1144
58 112.2471 649.0527
59 255.4553 579.8822
60 271.8585 586.6010
61 221.6644 663.3287
62 230.4964 662.6337
63 137.1234 365.7340
64 240.5623 576.7750
65 210.5944 373.2062
66 206.9500 355.2254
67 187.8998 274.1205
68 124.1863 344.9353
69 199.5126 313.9555
70 118.1764 386.7454
71 105.7097 376.3108
72 281.4642 649.8487
73 260.9303 653.3600
74 245.5576 656.6415
75 260.2994 583.4986
76 226.1182 663.2881
77 234.5549 668.2475
78 232.7000 661.6988
79 266.1379 574.1875
80 255.1702 659.6601
81 269.2784 660.0823
82 285.9806 660.9803
83 279.8820 717.5085
84 281.2619 699.5410
85 282.1498 687.2203
86 283.4179 676.3597
87 285.0035 669.0294
88 252.3192 666.0260
89 249.4822 668.5037
90 245.3362 673.9676
91 241.7404 680.9101
92 223.0000 628.5809
93 88.5743 547.3373
94 303.2928 591.1474
95 243.1967 664.8824
96 239.0964 665.7900
97 278.6969 596.1103
98 247.4306 589.1541
99 275.3510 591.6344
100 223.9786 512.4452
101 192.6721 526.1707
102 236.8904 564.9262
103 140.4719 294.3014
104 153.5215 323.1292
105 167.2359 354.5851
106 233.3205 695.6268
107 253.3902 360.0265
108 247.4070 313.2242
109 239.8607 265.2139
110 164.6781 461.4217
111 120.5311 482.5440
112 245.4793 454.2424
113 139.2941 426.0954
114 258.0508 486.2341
115 253.4308 560.7999
116 100.9705 496.6537
117 133.7404 497.8140
118 158.9184 505.7930
119 195.8672 502.7753
120 222.7930 494.2164
121 243.0574 484.2304
122 283.8402 457.2913
123 104.6906 541.0412
124 123.4721 422.3053
125 293.7455 586.3014
126 246.3026 521.6944
127 80.9212 453.7557
128 258.0950 472.4631
129 234.9933 565.7042
130 149.3304 441.0590
131 252.5150 546.1944
132 96.5459 597.4542
133 245.3416 445.8324
134 268.5640 533.9156
135 155.1511 698.4978
136 157.7652 719.7616
137 87.8598 545.2646
138 129.9736 671.2910
139 95.0630 413.1790
140 233.1048 763.3381
141 295.6215 590.3066
142 228.8613 537.1280
143 103.2558 455.9772
144 181.4857 453.0373
145 198.5953 455.1094
146 229.9119 672.1160
147 109.9463 582.8365
148 267.4040 788.1254
149 212.0551 762.8877
150 187.3953 745.5111
151 301.7031 314.6444
152 305.4062 791.4754
153 215.1484 453.9789
154 230.6375 450.5649
155 240.4678 448.2222
156 109.7511 417.6722
157 228.5443 429.6468
158 211.7332 422.9335
159 194.6481 421.3523
160 177.2030 424.9383
161 166.2630 431.0099
162 83.9161 403.9753
163 169.8733 449.4835
164 303.8285 610.4003
165 239.6433 617.5767
166 255.1985 576.9175
167 276.9915 612.0493
168 301.8484 422.6360
169 181.6935 724.6027
170 206.6442 743.9754
171 265.9747 777.5593
172 133.5363 690.0409
173 240.2359 439.4021
174 271.3248 492.5117
175 305.8667 779.6845
176 237.9282 777.6551
177 95.8091 591.1666
178 267.0718 667.3898
179 264.3161 672.5302
180 261.5460 681.0173
181 259.4108 691.7803
182 253.9080 708.3538
183 238.8211 661.9892
184 232.9199 660.3055
185 227.3733 657.1970
186 208.8540 643.8901
187 135.0117 594.7034
188 271.2909 470.3855
189 260.3085 429.1370
190 248.4258 433.4754
191 243.1295 659.3672
192 135.9191 643.4022
193 277.0368 426.6089
194 244.0690 726.6401
195 302.7492 499.1701
196 284.6196 481.2289
197 302.4985 476.4485
198 257.9571 526.8601
199 306.0188 761.3456
200 305.8770 737.8673
201 274.0025 737.7487
202 200.4097 689.3401
203 219.8740 582.0984
204 220.4161 710.6672
205 176.2267 577.8064
206 203.0520 602.2077
207 161.2813 610.6193
208 268.1005 760.2874
209 246.3853 538.5967
210 185.7836 703.5281
211 210.6723 725.3166
212 184.0651 664.2277
213 117.0007 618.0160
214 161.0551 666.2593
215 108.2096 633.2272
216 188.8113 628.1324
217 259.1727 506.9083
218 259.8417 570.7143
219 247.2751 575.1676
220 268.0905 556.5231
221 244.3657 409.8351
222 213.0036 397.9298
223 185.7511 395.8260
224 163.0176 399.4463
225 147.1452 409.0492
226 136.5114 446.5343
227 83.8902 500.3852
228 151.2896 476.5495
229 171.4373 482.9764
230 196.9660 483.1585
231 221.2232 478.5499
232 240.1168 471.3935
233 253.0971 464.0701
234 84.2431 500.2391
235 247.7045 580.2165
236 271.3213 512.5743
237 273.6576 572.3673
238 284.3211 582.2940
239 273.7893 575.4629
240 253.2282 586.3426
241 287.8942 584.6411
242 289.4991 588.6196
243 252.2600 447.2864
244 263.3286 451.8827
245 269.4704 455.1491
246 159.9406 435.6665
247 150.2771 428.3642
248 319.2426 502.6039
249 441.6302 445.6717
250 321.0269 584.9579
251 507.7384 363.5270
252 385.2385 465.6099
253 405.0450 467.1132
254 423.6023 465.6866
255 447.8465 453.2018
256 368.5354 460.1875
257 411.2226 408.1678
258 390.1096 409.8567
259 430.8863 411.7045
260 443.9645 419.6748
261 462.8559 466.8654
262 375.0880 744.9635
263 448.2114 439.6714
264 515.5316 455.3037
265 483.5557 451.5039
266 400.3648 553.1398
267 329.2245 637.3835
268 326.4624 658.1717
269 354.4636 643.1871
270 370.0901 650.4114
271 344.5815 658.8497
272 358.3487 660.1637
273 392.5249 680.6362
274 319.6324 575.4856
275 322.0785 553.8649
276 474.1068 395.4921
277 360.5425 500.1151
278 364.2184 567.7296
279 365.3889 555.6482
280 457.6167 549.0312
281 320.7041 526.1238
282 430.0866 370.7443
283 456.2392 378.9460
284 491.1997 324.8192
285 344.4545 388.4986
286 371.8716 417.6442
287 406.8291 660.6862
288 486.8591 647.7057
289 350.3387 579.6880
290 334.3123 586.5449
291 387.5512 661.7941
292 378.7512 661.1766
293 467.2487 364.5780
294 364.9172 576.6244
295 393.8865 371.8894
296 397.6634 353.8376
297 414.4398 273.9673
298 479.3845 344.1714
299 404.2594 313.2664
300 485.4312 385.8178
301 496.9836 375.9298
302 328.3965 649.5820
303 349.1124 652.7751
304 364.3876 655.6057
305 345.5157 583.4077
306 383.0002 661.7169
307 375.1750 666.9776
308 376.3360 660.3638
309 339.9834 573.9700
310 354.4600 658.6707
311 340.6221 659.6102
312 324.0741 660.6391
313 331.6796 717.2930
314 330.6610 699.2206
315 329.4990 686.9492
316 327.7444 676.1785
317 325.8067 668.7627
318 357.8934 665.0415
319 360.8964 667.5679
320 365.1373 673.0069
321 368.8178 679.7535
322 385.3676 627.7724
323 509.3418 546.2236
324 366.4904 663.7584
325 370.6861 664.6460
326 327.8591 595.9318
327 358.4327 588.9737
328 330.8588 591.5091
329 381.2404 512.3469
330 413.2798 525.7506
331 368.5922 564.7691
332 461.8083 294.0431
333 450.2100 322.2177
334 437.2235 353.0921
335 377.0937 694.6741
336 351.1343 359.1365
337 356.2508 312.9771
338 362.6338 265.0878
339 439.2181 461.4085
340 482.8927 481.8672
341 357.8811 454.3370
342 464.2373 425.7363
343 346.8222 486.0850
344 352.5282 560.6281
345 501.7173 495.7875
346 470.4120 497.1677
347 446.1717 505.2293
348 409.3482 502.5039
349 381.9232 494.1651
350 361.3863 484.1913
351 320.7740 457.1283
352 498.4603 539.9171
353 479.9270 421.5486
354 313.0971 586.2011
355 359.0117 521.6741
356 517.7742 453.2161
357 346.1835 472.4244
358 370.1358 565.4499
359 453.7185 441.0638
360 353.0606 546.0305
361 501.4319 596.2514
362 357.8354 445.8698
363 337.3379 533.7154
364 450.3418 697.3203
365 445.9833 718.5497
366 512.7047 544.0901
367 473.4130 669.9143
368 506.7198 412.6251
369 377.2277 762.7618
370 310.8473 590.1636
371 376.6478 536.9289
372 499.1296 455.2665
373 422.6242 453.3790
374 405.5422 455.4175
375 379.8878 670.7026
376 493.2749 581.6447
377 342.9030 787.9228
378 395.8511 762.0677
379 418.7912 744.5666
380 388.6773 454.3023
381 372.8826 450.6835
382 362.7794 448.3751
383 493.2531 416.8482
384 375.0690 429.6111
385 392.1385 422.8640
386 409.4103 421.2982
387 426.7383 424.9189
388 437.3804 430.9903
389 516.0370 403.8427
390 433.9208 449.7303
391 368.0098 617.1116
392 350.6566 576.6737
393 330.9058 611.8644
394 425.5205 723.6657
395 401.9253 743.1608
396 345.3996 777.3401
397 467.6270 688.7085
398 363.0780 439.3559
399 334.0112 492.4507
400 371.6600 777.1833
401 504.7190 589.7767
402 343.6432 666.8546
403 346.6612 671.9715
404 349.7746 680.3192
405 352.0778 691.0878
406 357.2892 707.7407
407 370.7431 660.6801
408 376.4870 659.0201
409 382.0468 655.8355
410 399.8024 642.7250
411 470.2872 593.5148
412 333.3944 470.2317
413 343.1784 429.0150
414 354.7407 433.3960
415 366.1635 658.2513
416 469.0527 642.1174
417 326.7639 426.4821
418 366.6979 725.9792
419 320.3398 481.1423
420 347.4436 526.7270
421 337.6279 737.4113
422 408.2944 688.2667
423 386.3126 581.6462
424 389.2905 709.9181
425 430.7905 576.9650
426 404.3438 601.5345
427 445.7768 609.6011
428 343.7375 760.0593
429 358.7615 538.5436
430 422.2637 702.4616
431 398.6567 724.5362
432 424.1316 662.8506
433 486.4421 616.7681
434 445.7644 664.9960
435 493.2191 631.7656
436 419.0998 627.0883
437 346.0511 506.8949
438 346.2550 570.5444
439 358.5877 574.9459
440 338.3097 556.4196
441 359.3169 409.3424
442 391.0562 397.1145
443 418.4814 395.0752
444 441.2195 398.8844
445 456.7690 408.6483
446 466.6463 446.1648
447 516.9577 499.4319
448 452.7109 476.1962
449 433.1567 482.6326
450 407.6147 483.1618
451 383.0395 478.5773
452 363.8802 471.4839
453 350.7268 464.0498
454 513.7886 499.4582
455 357.9304 580.1085
456 334.2035 512.4712
457 332.9373 572.1434
458 322.1882 582.1679
459 332.6411 575.2273
460 352.5881 586.2172
461 318.9384 584.5120
462 316.9163 588.4851
463 351.0946 447.3396
464 340.2379 451.8996
465 334.5793 455.1372
466 443.5199 435.6845
467 453.1542 428.1815
