# Image: /home/yaroslav/Projects/Diia.AIContest-AdAstrum/fixtures/FLUXSynID-processed/0034c8167c5f/0034c8167c5f_m_live_0_e_d1.jpg
# Mode: stream
# Status: fail
# Errors: image_blurry_or_out_of_focus: Image is blurry (sharpness score: 31.34); strong_shadows_on_face: Strong shadows or uneven lighting detected (difference: 70.6); face_not_looking_straight_at_camera: Head is turned 169.9째 (max: 15.0째); head_is_tilted: Head is tilted 23.9째 (max: 10.0째)

# 2D Landmarks (index x y)
0 265.3351 647.3008
1 265.3785 570.5428
2 269.7632 592.6178
3 261.5867 493.2921
4 267.5503 547.7639
5 273.2861 517.4863
6 290.5915 444.8928
7 161.9092 414.2440
8 299.3821 398.9062
9 302.8201 371.4590
10 322.3576 259.6158
11 264.6569 658.5008
12 264.8238 665.7897
13 266.0224 667.7258
14 265.6578 672.2122
15 264.1014 681.0717
16 262.6242 692.2193
17 261.3882 704.9550
18 260.9493 726.1209
19 265.8339 581.6607
20 248.1787 576.1057
21 117.0704 330.2080
22 216.5772 440.7626
23 197.0004 439.7059
24 177.8969 436.9999
25 154.8181 422.0742
26 232.8668 438.2257
27 193.0908 390.9217
28 214.2152 394.7769
29 173.8304 391.0523
30 161.0963 395.2349
31 137.8759 435.6913
32 180.4342 747.9066
33 155.6024 408.6850
34 94.6995 420.3315
35 120.0995 420.2250
36 180.0094 532.8233
37 238.7061 639.2845
38 241.6377 661.7807
39 211.7776 640.0356
40 195.7343 644.7451
41 222.5432 658.5407
42 208.1091 657.1198
43 170.6828 671.8279
44 247.8941 567.0665
45 247.2732 544.9391
46 134.4599 373.0919
47 228.9607 482.7219
48 204.2700 550.5913
49 206.3372 538.3301
50 126.6992 521.1623
51 254.2360 516.9406
52 178.7224 360.0381
53 152.3379 362.1500
54 135.6545 295.5857
55 260.4272 389.1187
56 232.2781 402.5648
57 157.0031 648.4934
58 90.7943 623.9654
59 218.0359 565.1384
60 234.8192 575.7401
61 177.0417 653.2241
62 186.5663 653.9970
63 145.0313 346.8365
64 203.6204 559.7284
65 214.2669 367.5552
66 212.2618 349.2450
67 209.8697 256.2718
68 140.6203 320.0305
69 212.9341 300.5661
70 126.3732 362.1873
71 121.4477 347.0471
72 239.2956 652.8051
73 217.5403 651.5842
74 201.8253 651.4184
75 223.1332 570.0889
76 181.7903 653.8916
77 190.3309 659.9936
78 189.6024 653.3312
79 228.2702 560.8580
80 213.2615 656.1214
81 227.8334 659.5071
82 245.4678 663.8211
83 232.2964 721.3282
84 234.6065 699.1619
85 237.4062 686.2320
86 240.4613 675.2761
87 243.6768 668.2327
88 209.7166 660.2697
89 206.1593 662.3235
90 200.9614 667.2704
91 196.3162 673.9135
92 181.3854 615.7407
93 89.4293 514.4214
94 267.8237 585.8832
95 200.5511 657.7521
96 195.6071 658.1864
97 241.4062 587.8470
98 210.2285 574.5431
99 238.1125 582.1205
100 207.8524 492.1089
101 174.4432 502.4533
102 202.9828 547.3014
103 164.7868 269.9816
104 169.9219 303.3656
105 174.4355 341.5724
106 186.3976 689.2807
107 256.5058 360.5069
108 258.6810 304.8880
109 260.6258 253.5799
110 162.5371 430.9695
111 115.7780 449.1171
112 243.0923 434.5968
113 141.1431 397.9245
114 243.9726 471.1038
115 216.6011 545.4204
116 95.8040 461.3260
117 124.7013 465.7318
118 146.8620 477.1863
119 184.2667 478.4373
120 212.5607 472.8194
121 233.2912 465.7727
122 271.3177 447.5848
123 89.9118 506.4809
124 126.8125 394.0363
125 255.2529 578.9762
126 224.0978 505.0097
127 98.5358 418.4262
128 249.0305 456.9673
129 203.4411 548.0603
130 150.3148 410.3245
131 219.3991 530.6680
132 86.8644 567.2126
133 243.6151 426.5058
134 236.5929 521.5905
135 110.6172 682.4831
136 115.0573 707.7549
137 79.9302 510.2105
138 93.3290 648.8179
139 108.5252 380.0925
140 174.9344 770.0427
141 259.0503 583.5380
142 205.3896 518.4320
143 105.9184 422.5720
144 180.7517 422.9034
145 198.1478 426.8372
146 185.1298 663.1109
147 87.2865 550.6821
148 209.8837 807.0064
149 157.0994 766.5518
150 137.1073 741.7744
151 312.5719 313.1533
152 253.0473 818.4503
153 214.7808 427.8762
154 230.3780 427.2469
155 239.6343 427.1419
156 116.4274 388.2370
157 228.9629 410.6398
158 212.7144 403.0565
159 195.0994 399.3071
160 177.2373 400.0006
161 166.1315 403.6464
162 105.6866 368.6828
163 169.4184 418.5351
164 268.9553 609.9011
165 198.8810 605.7452
166 217.4064 561.9080
167 238.6560 606.9599
168 296.5542 420.5418
169 131.1622 715.7792
170 152.0882 742.9427
171 207.4913 791.5991
172 100.6145 671.1221
173 239.1141 420.1905
174 251.5898 480.3446
175 252.2128 802.6267
176 179.8180 788.9783
177 78.7489 558.8944
178 224.9033 663.8715
179 220.8872 668.8148
180 216.5989 676.7809
181 212.7845 687.9655
182 205.9049 706.6688
183 195.0439 655.1140
184 188.8560 652.3257
185 183.2861 647.9911
186 165.5086 630.1082
187 106.4919 566.2155
188 258.2456 458.1173
189 259.3517 417.3031
190 247.7072 417.4058
191 200.9530 653.1826
192 100.2226 618.5205
193 272.6745 420.1070
194 193.0555 726.4672
195 279.1712 492.4207
196 265.5922 471.4111
197 284.7315 469.3882
198 231.5426 512.3401
199 253.9314 778.9975
200 257.6295 750.4991
201 222.6829 743.7521
202 152.7502 677.5359
203 186.5910 563.8135
204 170.8985 704.6236
205 146.4220 554.0616
206 167.3164 583.4365
207 126.6235 586.7515
208 211.9105 769.7887
209 218.9189 522.1074
210 136.7208 691.6755
211 158.5004 721.0934
212 139.3909 647.6923
213 88.0714 588.8469
214 118.3022 646.7264
215 81.8914 604.8807
216 149.2125 609.6180
217 238.3751 492.4031
218 221.6249 556.3282
219 209.1231 558.8295
220 230.7304 544.1313
221 245.7208 400.2012
222 214.6751 386.1154
223 187.1401 380.2659
224 164.3925 379.5299
225 149.2183 385.0172
226 137.3675 415.5779
227 84.7340 464.1814
228 146.4197 445.9713
229 164.7898 454.8938
230 190.6356 457.6573
231 215.6403 455.7274
232 234.7846 451.5826
233 247.9960 446.9477
234 94.8869 466.0366
235 209.9640 564.4207
236 245.7677 500.6822
237 234.5363 560.7870
238 246.4884 572.9724
239 235.5297 563.6939
240 215.7549 572.1104
241 249.2736 576.1912
242 252.5041 580.5822
243 249.8018 429.7697
244 259.1094 437.5295
245 262.1828 442.7784
246 160.0162 406.5364
247 151.6557 400.2610
248 297.6503 498.3958
249 448.7425 457.6467
250 291.3829 582.3769
251 551.5960 387.9241
252 384.7175 465.7829
253 405.1170 470.4965
254 426.0558 473.3904
255 457.1376 467.2743
256 368.1862 458.7084
257 419.9596 425.2364
258 398.0386 422.2335
259 439.7976 431.2463
260 453.0362 439.2903
261 474.1214 484.0178
262 340.9317 773.5269
263 458.3103 454.6871
264 550.1724 483.2682
265 502.7960 474.8184
266 390.9602 562.0924
267 294.9430 646.4246
268 290.6962 667.8636
269 326.2284 654.5927
270 346.7837 663.3758
271 314.3394 669.9665
272 333.2266 672.1733
273 373.6487 698.8827
274 284.4766 572.2917
275 289.4119 550.6869
276 488.9326 425.6449
277 353.9274 500.3423
278 347.4975 570.2192
279 351.1617 558.1299
280 456.7680 567.4392
281 293.5161 522.4024
282 436.1482 398.8737
283 466.9843 409.3357
284 530.4918 347.5463
285 341.9811 401.6344
286 378.3710 424.3851
287 393.6116 679.5830
288 515.9687 688.4304
289 330.8298 580.6655
290 310.4740 586.0359
291 372.3341 676.8984
292 362.9663 674.9601
293 481.7305 396.7469
294 349.5643 579.5337
295 394.9701 394.8287
296 401.3128 377.2300
297 443.1025 286.4476
298 505.1645 370.4822
299 419.6562 328.9051
300 505.5456 417.1843
301 528.1674 403.4233
302 292.6930 659.6186
303 318.9217 664.3960
304 339.3487 668.3074
305 325.2811 584.0574
306 367.3648 675.9787
307 354.9311 680.1078
308 360.7129 673.9509
309 314.5251 573.1256
310 330.4348 669.7873
311 311.2473 669.6310
312 289.3076 669.1213
313 291.2790 729.7288
314 290.4548 706.7881
315 290.3489 693.4000
316 290.2798 681.9738
317 290.0017 674.3031
318 332.8629 675.2824
319 335.3088 678.2833
320 338.8728 684.7605
321 342.0076 692.9226
322 367.0164 640.0792
323 551.2769 580.5616
324 345.9900 675.3913
325 350.1112 676.8654
326 300.6907 595.8068
327 341.4917 592.0042
328 305.3857 591.0682
329 375.0880 515.4645
330 407.5904 534.9684
331 355.3716 567.9371
332 495.9612 313.0919
333 470.6221 345.0554
334 446.4635 381.8501
335 350.7372 712.1964
336 351.8628 374.5969
337 368.9470 319.9231
338 387.2966 269.9175
339 445.1404 472.7939
340 496.9982 502.8706
341 358.1681 452.3824
342 477.9487 447.8429
343 339.3930 484.8117
344 330.5262 561.4472
345 521.5299 521.3230
346 477.8732 515.3870
347 447.4133 519.1433
348 406.3696 509.6848
349 377.9626 496.3714
350 357.3456 483.6987
351 311.0380 453.2961
352 513.2253 566.5498
353 498.1896 447.8568
354 277.5496 582.1788
355 349.4894 522.3805
356 564.1058 481.9523
357 341.7217 470.5657
358 359.0445 568.9528
359 465.2613 457.7179
360 335.0962 546.6879
361 538.7938 633.9886
362 360.8827 444.9438
363 314.2746 532.4488
364 450.8662 735.3393
365 450.4763 761.2941
366 541.5155 576.4961
367 484.5858 708.5216
368 540.7125 439.3305
369 343.4904 797.7970
370 277.2391 586.1265
371 367.8293 540.8197
372 523.4550 481.3914
373 424.8105 459.4551
374 406.1417 457.8912
375 359.7840 684.8815
376 506.6984 611.1754
377 299.3968 822.0389
378 374.5836 802.8670
379 409.2330 786.6649
380 389.3785 454.1100
381 374.1000 448.9707
382 364.8088 446.5424
383 517.0603 445.0629
384 380.9469 434.2423
385 399.8904 432.1033
386 417.6438 434.0890
387 435.2461 440.0403
388 446.2576 446.7579
389 562.1135 429.8823
390 438.4804 459.0080
391 347.1846 625.3807
392 330.2851 577.5838
393 301.0520 615.2214
394 414.7110 760.9819
395 380.5750 780.2438
396 300.0281 806.9799
397 484.8531 730.9493
398 367.1736 440.3535
399 320.0552 490.1460
400 338.4593 815.7201
401 530.7251 625.2391
402 312.7301 674.9540
403 314.9334 680.7262
404 316.7182 689.8841
405 317.9316 702.0339
406 323.7528 723.3286
407 351.3165 673.6241
408 357.3332 672.5782
409 363.8625 669.9014
410 384.5138 658.6138
411 472.7630 618.5740
412 324.9210 467.7417
413 343.8425 430.3044
414 358.0467 434.4170
415 347.1954 670.3886
416 473.9549 673.6033
417 323.8044 427.8142
418 333.1926 747.8376
419 304.5379 476.9183
420 332.2294 526.2798
421 295.2578 755.0368
422 391.8163 712.1199
423 374.5080 589.3294
424 364.6315 733.5090
425 422.9103 592.8714
426 391.5574 614.3523
427 440.3361 631.3305
428 298.7252 783.6019
429 346.9827 539.6568
430 408.8105 733.2567
431 375.4216 755.2661
432 413.1653 686.1911
433 498.6428 649.0733
434 441.3110 694.4644
435 514.1774 669.5078
436 407.7174 644.9408
437 334.5263 505.9012
438 321.6944 570.4651
439 339.6520 576.9213
440 310.7937 555.4554
441 360.9069 418.1131
442 395.3594 413.7056
443 424.7691 416.1265
444 449.9423 422.3881
445 468.0582 432.6215
446 481.3281 465.9788
447 548.6955 529.5555
448 459.6014 490.9812
449 435.7427 493.4957
450 406.9400 488.7731
451 381.0836 479.7770
452 361.9492 470.4476
453 348.6506 462.0624
454 558.3842 530.6244
455 340.1952 582.1703
456 315.2597 510.4347
457 302.5006 570.5388
458 290.8239 579.5420
459 303.8693 573.6171
460 334.0163 588.1315
461 285.3365 581.3718
462 285.3426 585.3976
463 352.4185 445.8620
464 338.9077 449.7824
465 330.7350 452.9268
466 452.8702 451.4175
467 464.1378 447.2927
