# Image: /home/yaroslav/Projects/Diia.AIContest-AdAstrum/fixtures/FLUXSynID-processed/013cfc72cfbc/013cfc72cfbc_m_live_0_p_d1.jpg
# Mode: stream
# Status: fail
# Errors: face_too_small_in_frame: Face occupies only 34.6% of frame (min: 50.0%)

# 2D Landmarks (index x y)
0 324.5753 608.6915
1 312.8692 545.6168
2 316.9405 566.0863
3 288.0483 490.2825
4 309.5810 526.9079
5 305.6231 503.4035
6 297.0995 448.5441
7 169.6364 470.9866
8 291.0650 412.6498
9 287.2965 389.6567
10 272.3949 301.8185
11 326.2646 617.6207
12 327.5768 623.8430
13 328.2033 625.9354
14 329.1411 630.5188
15 330.3233 637.2115
16 331.9002 646.0230
17 333.7728 656.2951
18 337.1971 675.7903
19 314.6406 555.5472
20 299.0297 557.5316
21 89.2740 423.9220
22 223.5699 477.2113
23 205.3747 481.8704
24 187.8274 484.0561
25 163.9192 479.9745
26 238.4372 469.6236
27 194.2100 443.4555
28 212.5073 440.3121
29 177.7429 449.0536
30 166.9053 456.0558
31 149.5076 495.0503
32 273.2708 720.3891
33 163.1321 468.7796
34 93.6562 501.7906
35 126.6146 488.8953
36 222.3367 551.5955
37 302.3885 609.5310
38 308.8827 626.5767
39 281.4218 618.9399
40 268.3498 629.5266
41 293.2223 630.5480
42 280.7071 635.0048
43 250.7174 662.3321
44 297.8113 547.8183
45 292.4975 530.4386
46 131.9363 444.4779
47 250.9936 499.9811
48 256.9669 552.3296
49 254.5285 543.2974
50 166.6638 561.7518
51 289.8797 508.4391
52 172.7006 417.8578
53 147.9952 428.7019
54 101.6684 387.5480
55 254.6814 416.2365
56 229.8999 441.0049
57 233.9226 648.4147
58 139.2139 670.4989
59 272.0449 559.9304
60 288.0718 562.5845
61 254.6854 644.0344
62 262.1730 641.1029
63 134.8165 419.0620
64 258.2454 560.6897
65 207.8188 412.6815
66 201.0831 398.2089
67 168.4377 330.2151
68 118.3850 401.7637
69 185.8602 361.5186
70 118.8344 439.1847
71 103.9767 431.8592
72 305.6499 619.9363
73 288.3581 626.3335
74 274.7783 632.6247
75 277.5734 562.1647
76 258.7391 642.7613
77 266.6177 643.7025
78 263.7107 640.0090
79 279.7081 551.4570
80 283.8587 633.3394
81 296.8286 630.5963
82 311.7236 628.2691
83 313.1843 679.6656
84 311.5624 658.8035
85 310.8182 647.8294
86 310.5752 638.8818
87 311.1729 633.0874
88 281.5947 637.7024
89 279.5815 640.0105
90 276.7969 645.0208
91 274.5014 651.8468
92 248.8982 612.6688
93 105.9824 585.6430
94 315.5826 559.7938
95 273.1800 639.5366
96 270.0636 640.7664
97 295.4388 569.8363
98 267.0294 570.7974
99 291.9632 566.3294
100 233.8375 514.4139
101 206.0126 532.1998
102 253.1689 552.1943
103 126.2999 355.8324
104 144.0299 377.7170
105 162.9407 404.3472
106 267.4563 670.4775
107 244.1267 393.8788
108 229.6192 351.6993
109 215.6041 313.5191
110 172.7834 484.0247
111 131.2699 512.2075
112 247.5194 462.9646
113 144.9572 463.8363
114 261.5931 485.4458
115 266.4680 543.0545
116 113.5958 529.5492
117 146.2615 521.3685
118 171.2846 522.5540
119 205.8294 512.7959
120 230.4967 500.2870
121 248.3682 487.8287
122 280.8480 456.5719
123 122.5849 566.5067
124 127.9721 465.0432
125 305.6574 556.3036
126 255.6191 516.3707
127 88.9116 505.1604
128 260.7570 475.0364
129 252.2170 554.3410
130 157.5854 472.2341
131 264.0506 532.0781
132 118.5488 628.2735
133 246.3872 456.3100
134 276.1757 518.4415
135 185.9847 698.7401
136 190.7950 721.4588
137 105.7551 578.2937
138 158.6559 680.2153
139 98.0196 463.9310
140 272.2039 740.8289
141 308.6211 560.2022
142 241.8284 533.0421
143 111.1396 496.1902
144 187.6759 472.5457
145 203.6544 471.5180
146 263.1175 648.3034
147 132.0208 602.4167
148 311.0027 760.2461
149 250.3070 748.5770
150 223.1344 738.1246
151 279.4816 343.6497
152 351.4616 756.3570
153 218.9765 467.9078
154 233.0015 462.4522
155 242.0318 458.9371
156 113.6384 464.8048
157 228.9477 448.1662
158 212.7631 447.4660
159 197.2552 449.6129
160 182.2381 455.1077
161 173.1036 461.1680
162 85.4365 460.6618
163 176.9401 471.9310
164 319.5301 579.4996
165 263.5859 598.2147
166 270.8788 556.9598
167 295.8465 585.2700
168 294.0950 430.2577
169 215.2276 716.5104
170 242.7592 729.1313
171 307.3839 746.1902
172 164.2973 701.1317
173 240.7985 452.2362
174 273.6834 486.3223
175 348.6581 741.5684
176 278.8778 756.5461
177 118.0369 617.2323
178 295.0398 635.1607
179 293.1321 639.6545
180 291.8379 646.7575
181 291.2355 656.6589
182 287.9896 676.5336
183 269.6414 638.6060
184 264.3313 638.5751
185 258.6642 637.2830
186 237.4995 630.0505
187 158.5347 604.8494
188 271.3759 469.6925
189 258.4598 442.1435
190 247.9183 447.3948
191 272.8214 635.8089
192 163.1807 650.3000
193 272.5434 437.7431
194 280.0569 698.6308
195 302.7426 484.4327
196 284.1588 474.1482
197 299.9516 466.8412
198 266.6056 516.6434
199 345.0925 721.3561
200 340.8562 697.0397
201 309.9939 701.8955
202 232.8454 675.0277
203 240.0301 572.2647
204 255.2098 689.8611
205 196.5750 578.6415
206 225.6349 593.9752
207 185.7154 611.8687
208 307.0419 726.3395
209 258.0928 529.3400
210 218.4707 693.0926
211 246.0160 708.1098
212 214.1982 655.6504
213 141.8845 632.8664
214 190.6126 664.0315
215 133.8157 651.7591
216 214.9125 621.3408
217 264.9919 501.0027
218 273.4137 549.5731
219 263.2985 557.1110
220 278.3474 535.9106
221 242.3472 432.8038
222 211.7023 430.8608
223 186.4478 434.1722
224 165.7409 440.3665
225 151.5725 449.9213
226 143.8052 480.0072
227 96.9067 539.9282
228 161.0973 500.1397
229 180.2934 501.0710
230 204.5814 496.4532
231 227.3261 487.9157
232 244.4927 478.2194
233 255.6893 469.5971
234 97.4125 545.4659
235 265.0887 561.8740
236 276.0577 501.6499
237 285.2939 547.5563
238 297.1020 554.8173
239 286.3792 550.7038
240 271.5870 566.4019
241 300.1020 555.8879
242 303.0576 559.7706
243 253.0640 456.3097
244 263.6878 458.1146
245 268.9614 459.2036
246 167.6251 465.2975
247 157.6029 463.1018
248 318.7394 485.0042
249 427.5210 425.8969
250 330.7477 552.3591
251 490.7613 354.3802
252 377.8322 450.2646
253 396.9105 448.4465
254 414.5527 444.4955
255 436.0466 432.4402
256 360.9965 448.0906
257 394.0992 408.2361
258 375.5064 411.4716
259 411.8080 407.7216
260 424.6322 410.6944
261 454.9520 441.9766
262 413.7053 696.9638
263 432.9346 421.6397
264 512.8863 429.2769
265 475.1309 428.3532
266 403.9026 520.5424
267 346.1835 602.3368
268 346.5624 620.3973
269 370.3161 604.4961
270 387.3048 609.9801
271 363.4363 619.1937
272 377.6173 619.1281
273 416.4087 634.9024
274 327.9337 542.6885
275 327.0545 524.5293
276 454.2743 387.6461
277 358.7094 481.3643
278 369.4610 533.3324
279 369.0175 523.8457
280 460.9066 511.1522
281 322.5332 502.8535
282 405.6208 376.1798
283 433.2657 378.1676
284 465.6581 324.1318
285 327.1063 403.1565
286 359.3314 418.2313
287 427.8009 616.1081
288 527.5789 604.5965
289 357.7073 545.5041
290 343.3172 553.4254
291 406.7185 619.0560
292 398.6620 618.6914
293 442.9669 364.5397
294 371.5181 541.6338
295 370.3818 383.5304
296 371.9460 367.5992
297 380.7763 293.2699
298 453.6746 342.9200
299 374.4388 328.2359
300 465.6283 378.4019
301 478.4071 366.7155
302 347.0298 613.2145
303 366.4288 613.6028
304 382.3821 614.9860
305 353.4905 549.5768
306 402.4645 619.0913
307 394.9911 622.5482
308 396.7383 618.1259
309 346.8952 540.0264
310 374.2699 618.4762
311 360.2906 620.2351
312 344.8748 622.7958
313 361.5606 671.6639
314 355.8954 651.3385
315 352.8264 640.7478
316 349.9161 632.4589
317 347.4419 627.1412
318 378.0027 621.8053
319 380.7657 623.2504
320 385.1421 627.1012
321 389.8083 632.7104
322 399.8255 587.3897
323 530.5369 512.7864
324 387.1298 620.7737
325 390.5050 620.9126
326 338.8919 562.6112
327 366.8694 554.1414
328 340.8543 558.1997
329 380.2848 489.1906
330 413.1260 496.4536
331 373.6163 531.7714
332 430.3529 302.9091
333 420.4314 328.9244
334 410.5975 360.1097
335 402.9300 647.8324
336 329.5776 378.4728
337 329.3985 334.1123
338 330.0391 293.6625
339 428.8425 439.3785
340 478.4708 452.0899
341 350.1131 444.9118
342 448.5910 410.7766
343 343.6122 471.2661
344 356.9625 527.7273
345 501.6297 462.5161
346 466.9660 465.7519
347 443.1895 475.4763
348 406.7737 477.9538
349 378.8547 474.5528
350 357.3584 468.9041
351 315.2442 450.5661
352 505.2329 500.6882
353 465.4538 406.1007
354 323.5318 553.3116
355 359.7154 498.5419
356 519.6929 430.7193
357 341.1240 461.1211
358 375.5810 533.4228
359 439.4943 423.0049
360 355.7108 516.5116
361 532.9332 557.4711
362 349.1298 438.2913
363 339.1364 507.5872
364 491.2546 647.6827
365 495.2786 670.7471
366 526.5860 506.0552
367 511.2225 621.0408
368 495.5759 395.0108
369 421.8554 715.9603
370 322.3440 557.9078
371 378.5957 509.6537
372 493.1412 430.0173
373 410.6157 433.6005
374 394.9816 438.0659
375 399.9699 625.6832
376 508.6203 538.1365
377 391.1511 746.9674
378 446.2070 716.1092
379 469.5112 697.2498
380 379.0753 439.7801
381 363.8477 439.3688
382 354.1963 439.2427
383 479.8100 401.0478
384 363.1344 424.7065
385 378.3209 418.5110
386 393.6689 415.2129
387 409.8767 415.2679
388 420.7435 417.7682
389 507.5867 387.7350
390 420.7458 429.3557
391 380.2399 578.7287
392 357.6745 542.3574
393 344.1449 577.2724
394 469.0752 674.1938
395 446.6779 695.3973
396 389.5504 732.5660
397 513.8722 642.5272
398 353.0595 432.6212
399 331.8749 476.3517
400 421.0457 732.9760
401 528.2691 547.1294
402 363.9481 623.9495
403 367.1828 627.3771
404 370.8904 633.5370
405 374.9810 642.6637
406 384.9547 660.5285
407 390.1836 618.8292
408 395.2693 617.0544
409 400.1172 614.0215
410 417.3057 599.9329
411 483.7459 549.3436
412 328.8783 459.7738
413 332.4695 429.0775
414 344.3958 430.4369
415 386.2731 617.2013
416 495.6123 594.2137
417 317.2194 429.8461
418 400.0468 678.6958
419 317.5102 468.3625
420 348.6239 502.6490
421 372.1348 691.5946
422 437.6443 640.8282
423 393.7933 546.1380
424 421.0527 662.3216
425 438.0373 537.3499
426 415.4764 561.7502
427 460.1953 565.1317
428 383.1120 713.6056
429 361.2652 511.7755
430 457.6177 653.0899
431 436.2432 676.5410
432 448.6559 616.3453
433 509.9755 570.4068
434 474.2404 616.4648
435 525.3205 585.4816
436 435.6980 583.9975
437 345.2466 487.2271
438 352.2916 536.2848
439 365.0289 539.8994
440 342.7597 524.9683
441 344.5590 414.7059
442 372.8722 402.1138
443 398.1914 396.5140
444 420.3306 395.4648
445 437.2222 399.7198
446 455.4938 425.6907
447 522.3547 466.6720
448 445.5109 450.5903
449 427.4013 458.1199
450 402.4883 461.9803
451 377.6766 461.6500
452 358.0493 458.3600
453 344.3601 454.0290
454 525.1703 471.9006
455 365.1258 545.0869
456 334.1291 491.7301
457 339.9518 538.1960
458 331.3218 549.0935
459 340.2048 541.5942
460 360.7284 551.6266
461 328.7292 551.0604
462 327.5972 555.7373
463 342.6850 440.6406
464 332.9404 445.9491
465 328.0535 449.0036
466 427.4486 419.8149
467 436.0837 414.3258
