# Image: /home/yaroslav/Projects/Diia.AIContest-AdAstrum/fixtures/FLUXSynID-processed/00821837aa65/00821837aa65_m_live_0_e_d1.jpg
# Mode: stream
# Status: fail
# Errors: face_not_looking_straight_at_camera: Head is turned 169.2째 (max: 15.0째); head_is_tilted: Head is tilted 18.0째 (max: 10.0째); face_too_small_in_frame: Face occupies only 49.5% of frame (min: 50.0%)

# 2D Landmarks (index x y)
0 335.3040 578.6302
1 321.3889 502.2618
2 325.2177 527.7010
3 292.3586 439.1982
4 317.5612 480.4884
5 312.1065 453.7702
6 299.3768 392.4169
7 167.2791 420.8746
8 290.4227 343.6763
9 285.8006 317.2223
10 271.1445 245.0728
11 337.1817 589.1682
12 338.4561 597.1097
13 338.6812 600.5164
14 339.8052 603.2116
15 341.4789 611.2484
16 343.4987 621.7950
17 345.2283 633.7217
18 348.4005 656.2420
19 323.2935 514.4459
20 305.5836 518.2856
21 83.6285 377.7500
22 223.4267 426.5402
23 205.1366 431.9546
24 187.1383 435.2788
25 161.4887 430.9551
26 238.1488 417.7872
27 190.5503 380.6269
28 209.9286 377.3341
29 172.9291 388.3302
30 161.7757 398.9093
31 148.1692 449.2052
32 277.9658 706.6982
33 159.7954 417.8804
34 87.7043 460.6280
35 123.8221 441.6531
36 224.1058 513.0485
37 310.7356 580.1606
38 318.0207 601.0734
39 287.4819 592.8211
40 273.2340 605.6391
41 300.4944 606.6266
42 286.7987 612.4756
43 252.5401 643.0351
44 305.2923 505.1770
45 298.9110 484.8890
46 127.9767 384.4282
47 252.5290 453.5494
48 260.4901 513.5957
49 257.0290 503.4780
50 168.0724 523.8113
51 295.2043 459.8762
52 166.7764 347.1106
53 143.4845 362.8762
54 97.8731 336.8271
55 250.4366 344.0162
56 228.1295 380.2095
57 234.7773 627.1194
58 132.6724 651.0168
59 276.5310 522.4891
60 292.9987 525.4761
61 257.1413 623.9833
62 265.2935 620.5169
63 130.0548 354.1670
64 261.3597 524.3347
65 201.4343 338.7883
66 194.8031 324.5333
67 167.9576 273.8190
68 113.7799 345.3397
69 182.7971 298.4739
70 114.7502 380.6315
71 99.0943 380.5166
72 314.6133 592.6081
73 295.2137 601.4633
74 280.4065 609.3019
75 281.9001 525.6403
76 261.5935 622.5680
77 270.1709 623.0346
78 266.9299 618.9852
79 285.7868 510.9514
80 289.9144 610.9266
81 303.9149 607.3403
82 320.4719 603.7355
83 321.7903 661.3036
84 320.5121 637.3806
85 319.9403 624.6084
86 319.6157 613.8621
87 319.8602 606.8994
88 286.8517 614.4974
89 284.6680 617.5307
90 281.6142 623.6678
91 278.9384 631.6251
92 251.7296 584.8916
93 98.4762 555.5008
94 324.0632 519.9730
95 277.4011 617.4402
96 274.0165 619.3224
97 301.2003 533.6166
98 270.2025 536.8647
99 297.2411 529.6257
100 235.1691 470.3241
101 207.3713 490.5035
102 255.5502 514.6063
103 124.0501 301.3891
104 139.6073 317.2414
105 156.7695 334.7415
106 270.7669 651.8190
107 240.0213 319.6671
108 228.1422 289.6939
109 215.5203 257.0005
110 171.4432 435.5217
111 129.7714 469.0853
112 247.1109 409.8017
113 141.4919 410.5381
114 263.1263 436.4458
115 271.0751 501.2586
116 110.8980 489.2370
117 145.7596 478.7990
118 171.5494 479.6470
119 206.6553 468.2220
120 231.3661 453.8941
121 249.2980 439.5738
122 282.7483 401.4729
123 120.9040 530.1240
124 124.4645 411.5607
125 313.5351 515.3886
126 257.4955 472.3068
127 80.8653 466.9275
128 261.7492 424.5212
129 254.0125 517.5571
130 154.0724 421.2785
131 267.6607 489.0682
132 111.0992 603.0679
133 245.3900 402.3891
134 280.5643 472.0072
135 183.2766 682.4503
136 186.6796 709.8270
137 100.5226 545.0677
138 155.5661 660.8092
139 92.5431 417.9990
140 275.6568 731.1780
141 316.3983 520.6212
142 243.3911 492.1151
143 107.7076 451.0236
144 186.8570 422.0486
145 203.1184 420.3546
146 266.2504 628.2252
147 130.6614 570.4252
148 317.7774 754.8170
149 250.0508 741.3886
150 220.4395 729.1750
151 278.8561 282.5898
152 362.9061 749.9316
153 218.4206 416.2395
154 232.2664 410.0361
155 241.0556 405.6820
156 109.5932 412.9621
157 227.4137 393.4444
158 210.6627 392.4199
159 194.9738 394.8511
160 179.4623 401.3474
161 169.9025 408.6078
162 77.9468 418.4547
163 175.4903 421.7725
164 328.4126 543.9833
165 266.6991 568.5379
166 275.7976 518.3291
167 302.4559 552.0346
168 294.6882 369.2948
169 213.4193 703.2517
170 243.1166 717.9340
171 314.8826 736.9838
172 159.2363 686.0527
173 239.6389 398.0270
174 276.2998 436.1333
175 360.2981 731.3767
176 281.5767 750.7025
177 113.0592 588.9375
178 301.9334 610.4797
179 299.9733 615.8714
180 298.6970 624.4569
181 297.7846 635.9580
182 293.6448 658.5365
183 274.2026 617.2621
184 268.4045 617.1525
185 262.2074 615.4074
186 239.7331 605.3348
187 159.5564 572.6625
188 273.1679 417.4814
189 257.8707 383.5536
190 247.0646 390.3143
191 277.7054 614.0787
192 162.3525 625.5298
193 272.4653 377.3782
194 285.3874 682.1286
195 307.7049 432.4496
196 287.1416 421.2436
197 303.6478 412.9159
198 269.7894 471.4213
199 356.4691 706.9645
200 352.0018 679.2633
201 318.6074 685.2734
202 233.4291 655.7247
203 241.4113 538.1460
204 257.5295 672.7953
205 199.0084 543.0570
206 227.8269 562.0583
207 187.6288 580.9068
208 315.0664 712.9140
209 260.3744 487.1489
210 217.9269 675.9908
211 247.4445 693.1615
212 214.4119 633.2084
213 140.0431 605.3525
214 189.7418 642.0207
215 129.3387 628.1539
216 216.8121 593.1373
217 267.4116 453.9179
218 279.0745 508.7403
219 267.6908 518.8413
220 283.7180 492.0240
221 239.6491 367.7510
222 207.8058 363.1084
223 181.9318 367.6948
224 161.1295 377.5033
225 147.6543 391.4289
226 141.1339 431.1490
227 91.2157 502.5834
228 160.2947 454.3119
229 180.2097 454.9842
230 204.7613 449.0460
231 227.5543 439.2041
232 244.6637 428.1147
233 256.0857 418.1613
234 89.6796 511.2004
235 269.0115 525.3562
236 279.8078 453.1725
237 291.6320 505.4686
238 304.0248 514.5048
239 293.0177 509.6875
240 275.4754 531.1288
241 307.6102 515.3101
242 310.1869 520.6331
243 252.5679 401.7299
244 264.0130 404.2561
245 269.8613 405.4144
246 164.4081 413.8398
247 153.3354 409.2510
248 324.2338 433.2820
249 427.3610 373.6145
250 340.2853 511.5248
251 482.2946 306.4419
252 378.4904 398.4174
253 397.2853 397.0529
254 414.7814 393.6407
255 435.6793 380.9037
256 361.9488 395.6301
257 392.6476 344.7304
258 373.8244 348.5869
259 410.9982 345.6116
260 424.7569 351.5092
261 453.6027 393.3128
262 427.4915 678.0649
263 432.8271 368.5081
264 507.6049 384.5244
265 471.7338 378.2820
266 410.0820 477.8819
267 358.0799 570.5575
268 358.3446 592.9815
269 383.0270 573.0389
270 399.7156 579.4783
271 375.9047 591.0787
272 389.6772 591.2981
273 429.6057 608.0441
274 337.1475 499.1521
275 335.7815 477.9693
276 449.5912 327.0820
277 362.3462 433.2483
278 378.4563 490.8526
279 377.3375 480.3492
280 463.4561 468.2661
281 329.7919 453.4859
282 403.9146 306.5116
283 429.4511 312.7029
284 456.9567 272.5898
285 327.7660 331.1662
286 358.2155 357.6083
287 440.1048 586.6067
288 529.7783 577.8632
289 366.9482 504.6674
290 353.5710 513.4943
291 419.2544 591.0413
292 410.5853 590.7741
293 437.8005 300.2764
294 380.7971 501.1962
295 370.6439 310.1791
296 371.8001 294.5811
297 375.1706 236.8236
298 447.7593 285.8048
299 372.3848 265.4725
300 459.4848 319.1736
301 471.5610 313.9084
302 358.9468 583.4726
303 379.0549 583.9825
304 394.6956 585.6460
305 363.1557 509.5523
306 414.8035 591.2276
307 407.9715 594.8589
308 408.3752 590.1240
309 355.5774 497.4449
310 385.7664 591.1743
311 372.1188 593.1626
312 356.1414 596.3306
313 374.0727 650.8825
314 369.0715 627.5302
315 365.8291 615.0965
316 362.3394 605.2184
317 359.2619 598.8372
318 390.3132 593.2794
319 393.5809 595.2300
320 398.5170 599.9012
321 403.6277 606.3254
322 411.3475 553.3038
323 526.7567 477.5418
324 399.1834 592.6475
325 403.0670 592.8514
326 349.1545 523.9545
327 376.9498 515.8465
328 351.2945 519.0052
329 384.1697 442.6560
330 416.6820 451.2552
331 382.2409 490.1522
332 422.9893 248.0106
333 416.4374 268.6124
334 408.5245 291.4037
335 416.4208 623.0093
336 329.3410 304.7955
337 328.1800 272.1825
338 326.6608 236.9591
339 428.6362 388.4669
340 476.4215 405.4458
341 351.1248 391.2459
342 446.3410 355.7171
343 347.0176 421.0965
344 365.4546 483.2742
345 499.2096 417.9654
346 466.4616 419.4216
347 444.3035 429.1030
348 408.8965 430.7294
349 381.3162 426.2896
350 359.8481 419.3799
351 317.8779 395.1267
352 504.9279 458.8788
353 461.5683 350.8139
354 332.6524 511.8191
355 365.1019 452.1656
356 512.9724 389.1078
357 343.3419 409.7631
358 384.0035 492.5629
359 438.9595 369.7112
360 363.4053 470.8432
361 532.0355 526.2863
362 349.9474 383.7545
363 346.5757 459.6589
364 501.2167 623.0571
365 505.0061 650.6238
366 524.9886 467.0698
367 517.4346 593.6314
368 489.4815 346.5721
369 436.9399 700.5870
370 331.2931 517.6552
371 384.6448 465.5565
372 488.8340 381.6768
373 410.6778 381.3502
374 395.0667 385.5450
375 413.2957 598.2611
376 510.1058 499.8194
377 405.7812 738.3860
378 461.2308 701.6437
379 482.7164 680.1380
380 379.4069 387.1429
381 364.5960 386.2828
382 355.0297 385.3321
383 474.4673 347.1138
384 363.0595 369.5467
385 377.8022 362.9065
386 393.1806 359.4114
387 409.6322 359.8506
388 420.9760 363.2247
389 500.2376 342.8720
390 420.6321 377.2145
391 392.1364 543.7629
392 366.5301 500.7330
393 354.8375 541.5265
394 481.8825 652.7170
395 460.7610 676.8641
396 404.0257 720.2020
397 519.6421 619.4054
398 353.8144 377.9503
399 336.1619 425.0947
400 436.8563 721.4298
401 528.9495 512.0640
402 376.2482 595.2275
403 380.0320 599.3788
404 384.4117 606.8380
405 388.9155 617.3956
406 398.5543 637.8141
407 401.9409 591.0105
408 407.5033 588.4862
409 412.4678 584.6040
410 428.8639 567.9031
411 487.1468 511.0921
412 331.6600 406.8862
413 332.7744 370.5887
414 344.4021 373.2133
415 397.5671 589.5001
416 501.4831 562.0070
417 317.9697 369.4250
418 412.9403 657.4521
419 321.7697 414.8641
420 354.5754 455.5140
421 384.4215 672.4239
422 450.1394 613.9134
423 402.9598 507.0970
424 434.3004 638.6269
425 443.7146 496.7701
426 424.3222 524.2899
427 466.4571 528.1513
428 396.3861 697.4754
429 367.9820 466.8337
430 470.1250 628.1720
431 449.7264 654.5992
432 459.7611 585.9281
433 513.3749 535.7082
434 483.8569 586.6054
435 528.3551 554.4876
436 444.6095 549.4079
437 349.9529 438.5743
438 361.0895 492.9293
439 373.9499 498.1857
440 351.5311 479.1723
441 344.5608 349.7372
442 372.0305 334.5628
443 396.7752 329.9699
444 418.6072 331.7217
445 434.9849 339.9181
446 453.3994 374.3239
447 518.5993 424.7511
448 445.0805 401.9703
449 427.7821 409.3169
450 403.5074 412.5574
451 379.1196 411.4813
452 359.6500 407.2396
453 345.8288 402.0463
454 519.4190 433.4477
455 374.5382 504.7322
456 339.8140 441.8945
457 349.1217 494.5764
458 340.6925 507.4817
459 349.1502 498.8086
460 370.6677 512.5498
461 338.0110 509.6513
462 337.0228 515.4721
463 343.3356 385.7741
464 333.9706 391.9230
465 329.5115 394.8811
466 427.6203 366.1106
467 435.5157 358.3283
