# Image: /home/yaroslav/Projects/Diia.AIContest-AdAstrum/fixtures/FLUXSynID-processed/00821837aa65/00821837aa65_m_doc.jpg
# Mode: stream
# Status: fail
# Errors: face_not_looking_straight_at_camera: Head is turned 179.0째 (max: 15.0째); head_is_tilted: Head is tilted 18.6째 (max: 10.0째); face_too_small_in_frame: Face occupies only 46.9% of frame (min: 50.0%)

# 2D Landmarks (index x y)
0 300.9358 622.0465
1 299.1220 550.2854
2 299.5682 571.9366
3 284.1156 481.1420
4 298.9183 528.8316
5 298.8036 500.7870
6 298.8662 433.7062
7 175.9507 431.6226
8 298.9852 390.0152
9 299.1685 363.1176
10 299.1442 262.8551
11 301.2244 631.9593
12 301.4507 638.0495
13 301.6039 639.4317
14 302.4444 641.1499
15 302.6528 648.0392
16 302.7443 657.1004
17 302.9220 667.5187
18 302.8957 687.1447
19 299.1081 561.1149
20 283.1885 559.4053
21 102.8446 359.6239
22 226.4613 449.0066
23 208.5999 450.7752
24 191.4967 449.9623
25 169.2861 440.3063
26 241.4364 443.4112
27 203.4415 405.2820
28 221.2554 405.1263
29 186.8845 408.6408
30 175.4793 414.5277
31 153.4108 454.0028
32 236.9713 722.8927
33 170.0034 427.6015
34 96.3952 447.2883
35 131.5890 442.2186
36 213.8044 533.9314
37 279.7138 618.7032
38 283.3801 637.3769
39 258.4273 624.2721
40 244.4809 632.1736
41 267.5533 638.2754
42 254.7947 639.9315
43 223.0318 660.4522
44 284.2001 549.7918
45 282.0332 529.2529
46 143.2486 395.2616
47 248.3957 481.5194
48 244.3331 544.3670
49 243.5984 533.1956
50 160.8078 532.5811
51 283.1042 503.1389
52 186.8492 373.5076
53 161.3774 381.1078
54 121.0126 322.4482
55 264.7140 386.2144
56 237.5026 409.3623
57 208.7617 642.9101
58 117.1476 638.9913
59 257.0014 555.6003
60 271.5430 561.8141
61 228.5741 642.9513
62 235.4598 641.3347
63 149.7662 367.7041
64 243.8271 553.2461
65 221.1474 373.5353
66 216.8855 356.1283
67 195.5307 273.1786
68 135.6125 343.5720
69 207.7231 312.2007
70 130.9904 386.2056
71 116.6074 373.3689
72 281.3222 630.3484
73 263.9326 633.4141
74 249.9626 636.6020
75 261.5303 559.1150
76 232.2879 642.4066
77 240.2319 644.3448
78 236.7905 640.4003
79 266.3184 549.0411
80 257.4961 638.2049
81 270.7310 638.1206
82 285.5398 638.8156
83 280.2429 687.7968
84 282.0829 666.7489
85 282.9406 655.4182
86 283.8313 646.6900
87 284.9669 640.7428
88 255.1939 640.5968
89 253.1849 642.3832
90 250.2359 647.1050
91 247.2929 653.6029
92 228.5249 608.4088
93 96.8288 539.7202
94 299.2119 565.2424
95 246.4364 641.0809
96 243.6249 641.8136
97 277.7437 571.5809
98 250.6030 565.7049
99 274.7015 566.8664
100 230.2787 494.0917
101 201.7972 508.2885
102 240.8154 542.3546
103 150.5250 292.8607
104 164.7601 322.4473
105 179.2994 356.5394
106 238.1412 671.1178
107 258.3857 358.9786
108 250.8677 310.0583
109 243.3883 264.3161
110 177.3232 446.7647
111 133.3771 469.1076
112 250.8314 437.8375
113 153.1251 418.9303
114 260.3430 467.5516
115 255.0534 536.6904
116 113.7549 483.9296
117 146.8421 482.8828
118 170.6025 489.8048
119 204.5823 486.0258
120 229.4289 476.9492
121 247.7608 466.5541
122 282.5069 439.3076
123 117.9639 526.8153
124 136.2464 416.5500
125 290.3425 560.1040
126 249.9386 501.6169
127 90.5091 447.7677
128 261.2517 454.9014
129 239.7939 543.7886
130 164.3683 430.3706
131 254.7724 523.2421
132 103.2170 588.8760
133 250.4692 430.0499
134 268.5266 510.9728
135 158.2579 682.0567
136 159.5550 705.4939
137 98.9204 534.1253
138 135.0673 656.3455
139 105.8406 406.8821
140 232.8791 742.9211
141 292.3053 564.3699
142 234.5108 517.2591
143 115.1896 446.4947
144 193.2219 437.1048
145 208.5578 438.9439
146 236.3858 648.5318
147 122.0632 568.1061
148 265.9087 768.3670
149 211.6938 746.0165
150 187.6282 729.8258
151 299.2263 311.4572
152 303.1721 770.8316
153 223.5126 437.7357
154 237.5570 434.2755
155 246.2226 432.0184
156 121.9914 412.6505
157 235.4107 416.7443
158 220.1721 412.3815
159 205.1078 411.7548
160 189.8017 415.3065
161 180.2442 420.5665
162 93.3936 398.6553
163 182.9279 434.2804
164 300.1743 587.7840
165 243.9153 595.9999
166 256.6196 552.5410
167 276.6246 589.5035
168 298.8999 411.2756
169 183.0047 707.0015
170 207.0444 725.4791
171 264.6406 754.8814
172 136.8282 677.8491
173 245.8920 424.3207
174 271.3708 472.3866
175 303.3039 756.0591
176 237.0952 759.3383
177 105.5991 579.2720
178 268.8558 640.2675
179 266.7477 644.4370
180 264.8336 651.3751
181 262.9453 661.2055
182 257.0335 680.6003
183 243.1431 641.0034
184 238.5905 640.0920
185 233.7120 637.6159
186 215.2067 624.6987
187 146.6647 577.4836
188 271.8106 452.0787
189 264.1095 416.4219
190 253.2279 420.3289
191 246.2588 638.3765
192 144.0786 626.7698
193 277.8361 414.8310
194 246.5933 701.9885
195 298.8977 477.6664
196 282.8763 460.9650
197 298.8536 456.2147
198 259.9972 505.4560
199 303.2104 735.3534
200 303.1217 709.6626
201 274.0719 710.3405
202 204.8634 669.3813
203 226.0121 560.8950
204 224.3308 688.6558
205 185.8986 558.2275
206 209.9360 581.8440
207 170.5482 591.9162
208 267.4540 735.2644
209 249.9440 517.3670
210 189.1274 684.3426
211 213.1930 704.9947
212 189.9641 645.6187
213 126.8605 603.0097
214 167.2486 648.0852
215 115.6683 620.1439
216 195.7491 609.4416
217 261.0840 486.7335
218 260.5953 545.8095
219 249.3933 551.1134
220 267.5720 532.0012
221 250.5145 402.4482
222 222.1834 394.7374
223 197.6661 394.0326
224 176.7839 397.2766
225 161.6991 405.1052
226 149.8146 436.1846
227 94.9494 490.1192
228 164.1479 462.2580
229 182.2152 467.4519
230 205.7878 467.0178
231 228.3296 461.9843
232 245.8095 454.5169
233 257.5287 447.2188
234 93.5037 493.5886
235 250.0390 556.2751
236 271.2563 491.0823
237 272.3131 546.6933
238 282.2390 556.4674
239 272.7702 549.9802
240 255.4415 562.3689
241 285.1294 558.6007
242 286.8962 562.7497
243 256.7080 431.5777
244 266.6397 435.8709
245 271.3166 438.7777
246 174.6033 424.3640
247 165.6061 420.5933
248 313.7018 481.2712
249 423.7415 433.2103
250 315.2628 559.4444
251 496.2708 361.4268
252 373.0908 449.9256
253 391.2089 451.7610
254 408.4055 450.9698
255 430.3521 441.6088
256 357.8062 444.2018
257 395.9209 406.2281
258 377.8392 405.8487
259 412.5418 409.8268
260 423.9992 415.8223
261 446.2236 455.0161
262 368.7983 722.5464
263 429.7762 429.2045
264 502.7073 448.3533
265 467.7851 443.0225
266 386.6299 534.1716
267 322.2527 618.3738
268 319.9058 637.0718
269 344.3371 623.7009
270 359.3435 631.1910
271 336.0479 637.8250
272 349.5270 639.1269
273 382.3128 659.5194
274 313.8267 549.8582
275 315.9274 529.2458
276 456.2401 395.9490
277 350.8148 481.9042
278 354.2084 544.6329
279 354.9557 533.3701
280 440.0303 532.7007
281 314.6870 503.2389
282 412.4968 373.9796
283 437.8516 381.7697
284 478.1480 324.0976
285 333.9740 386.2280
286 361.6265 410.0419
287 396.0300 641.9623
288 482.8423 638.8269
289 341.7115 555.9149
290 327.3881 562.0629
291 376.9442 641.7735
292 369.9253 640.1744
293 449.5538 368.4319
294 355.1346 553.4956
295 378.0069 373.8209
296 382.3155 356.2974
297 402.8805 274.2425
298 463.7448 344.6228
299 391.2987 312.8097
300 468.4652 387.0811
301 482.8925 374.6438
302 321.4485 630.1714
303 339.4701 632.9081
304 354.2494 635.7236
305 337.3808 559.3780
306 373.0891 641.1454
307 365.5127 643.2330
308 368.3166 639.3299
309 331.9444 549.2273
310 346.6754 637.3366
311 333.0445 637.7114
312 317.8687 638.5215
313 325.6050 687.5960
314 323.8174 666.5060
315 322.7236 655.2533
316 321.4731 646.5408
317 320.1290 640.6974
318 350.0943 639.8152
319 352.2442 641.6163
320 355.3851 646.2769
321 358.4388 652.8173
322 374.0230 607.9419
323 501.7837 540.0943
324 358.8484 640.1799
325 361.8011 640.8793
326 321.6076 571.6147
327 348.9258 565.9256
328 324.2869 566.9489
329 369.3571 494.5252
330 398.4577 508.6547
331 358.0788 542.5772
332 448.2174 294.1347
333 434.4485 323.1838
334 419.8345 356.8749
335 367.4843 670.3507
336 340.5560 358.9860
337 347.8440 310.4744
338 354.9793 264.9704
339 422.4767 448.1146
340 466.2749 469.8495
341 348.2679 438.5019
342 446.3284 420.1871
343 338.5134 467.8567
344 343.0708 536.9981
345 485.6582 484.6313
346 453.0092 483.4859
347 429.4068 490.2342
348 395.4437 486.4624
349 370.2045 477.4243
350 351.3970 467.0455
351 315.6305 439.3673
352 481.9022 527.0977
353 463.2610 417.4252
354 307.9652 560.1600
355 349.1228 501.9487
356 508.1040 448.8568
357 337.5909 455.3967
358 359.3300 543.8994
359 435.2378 431.8473
360 343.3675 523.5415
361 495.7669 589.0244
362 348.5418 430.8081
363 329.4852 511.1371
364 444.9457 681.6179
365 443.2376 705.1301
366 500.2029 534.4975
367 466.7505 656.0448
368 493.4816 408.0390
369 372.9195 742.5862
370 306.2103 564.3107
371 365.0414 517.5362
372 484.1033 447.3582
373 406.6265 438.5262
374 391.2482 440.1599
375 369.3743 647.4510
376 478.4184 568.1028
377 340.1225 768.1647
378 393.3286 745.5959
379 416.6355 729.3984
380 376.1604 438.7674
381 361.9235 435.0593
382 353.0709 432.8731
383 477.4848 413.4820
384 364.0859 417.7045
385 379.5075 413.4540
386 394.6886 413.1123
387 409.8876 416.8381
388 419.4946 422.1181
389 505.4712 400.2615
390 416.8002 435.8126
391 357.4091 595.7676
392 341.9261 552.7561
393 324.0504 589.4561
394 421.3126 706.6005
395 397.9221 725.1050
396 341.5539 754.7214
397 464.3648 677.5148
398 353.2177 425.0904
399 327.1274 472.6156
400 368.7464 759.0779
401 494.0605 579.3326
402 336.3950 639.7924
403 338.6668 643.9718
404 340.8476 650.8134
405 343.0024 660.6281
406 348.8329 680.1526
407 361.8320 639.9955
408 366.3119 639.0440
409 371.0545 636.5594
410 388.4502 623.8843
411 454.6421 577.3550
412 326.6750 452.3223
413 334.5961 416.8913
414 345.6426 420.9717
415 358.4450 637.4419
416 458.0030 626.5300
417 320.3195 415.0388
418 359.0718 701.5003
419 315.1415 461.1034
420 338.4037 505.6893
421 332.0805 710.1959
422 399.7418 668.6980
423 374.3399 560.9442
424 380.9369 688.2091
425 415.4823 558.3393
426 391.6453 581.8202
427 431.6025 591.8103
428 338.8879 735.0536
429 348.6836 517.6659
430 415.1867 683.7558
431 391.9978 704.5707
432 414.1325 644.8407
433 474.1869 602.8973
434 436.0131 647.6124
435 484.8571 620.0231
436 407.1154 609.0134
437 337.5991 487.0077
438 337.5901 545.9964
439 349.1996 551.3610
440 330.4940 532.1528
441 348.2861 402.9783
442 377.0179 395.3085
443 401.6775 394.9196
444 422.6386 398.4033
445 437.7167 406.3509
446 449.8281 437.3223
447 504.0997 490.9353
448 435.6785 463.1398
449 417.6972 468.1028
450 393.9848 467.7270
451 371.2209 462.4843
452 353.5829 455.1635
453 341.5197 447.7398
454 504.9522 494.4630
455 348.7128 556.5877
456 326.9552 491.2899
457 325.9091 546.7953
458 316.1682 556.5491
459 325.4606 550.0156
460 343.7647 562.6206
461 313.2866 558.5875
462 311.6419 562.7706
463 342.2668 432.3095
464 332.1265 436.4558
465 327.2560 439.1777
466 425.1615 426.0235
467 433.8070 421.9512
