# Image: /home/yaroslav/Projects/Diia.AIContest-AdAstrum/fixtures/FLUXSynID-processed/00f24f0be51f/00f24f0be51f_f_live_0_e_d1.jpg
# Mode: stream
# Status: fail
# Errors: image_blurry_or_out_of_focus: Image is blurry (sharpness score: 65.00); strong_shadows_on_face: Strong shadows or uneven lighting detected (difference: 39.4); face_not_looking_straight_at_camera: Head is turned 170.9째 (max: 15.0째); head_is_tilted: Head is tilted 22.2째 (max: 10.0째); face_too_small_in_frame: Face occupies only 49.3% of frame (min: 50.0%)

# 2D Landmarks (index x y)
0 337.2271 645.6626
1 333.7683 577.3669
2 330.6119 595.7966
3 303.7109 507.2603
4 331.4741 556.2501
5 325.9664 526.8408
6 310.1644 454.3016
7 160.0802 460.6786
8 301.4057 402.4481
9 298.1666 374.4858
10 282.4952 274.2035
11 338.1477 655.2198
12 337.9848 661.1319
13 336.8957 662.1516
14 338.2588 666.0689
15 339.7915 673.7309
16 341.2539 683.4372
17 342.0976 693.9423
18 341.9708 712.3388
19 333.4296 587.2094
20 312.0620 586.2869
21 60.8131 389.2861
22 222.0930 471.4691
23 202.3967 475.8152
24 182.3621 477.7226
25 152.7497 469.3517
26 237.9602 464.1994
27 187.5566 427.3153
28 208.6229 425.4114
29 168.4616 432.7298
30 155.7814 440.8404
31 136.9391 485.6020
32 268.9267 754.1943
33 151.0322 456.4749
34 63.3873 480.6913
35 109.1221 474.2458
36 220.3981 563.9170
37 311.9243 645.4171
38 316.2326 663.0792
39 286.0615 652.6554
40 268.7482 660.0605
41 296.7643 665.2439
42 280.8122 667.0282
43 243.5018 689.0732
44 316.6699 578.7350
45 312.0322 558.6375
46 119.3523 423.0989
47 253.3701 505.6415
48 264.4258 574.5350
49 260.7108 562.6451
50 156.5140 567.5321
51 307.9720 531.0784
52 167.1602 396.4636
53 138.9541 406.6789
54 80.3913 351.4195
55 258.5975 402.4463
56 227.9562 428.6805
57 225.1100 672.6543
58 102.2176 670.6909
59 279.7367 584.0610
60 297.0268 588.7799
61 247.7208 670.4722
62 255.8994 668.6334
63 124.2025 393.8065
64 263.4730 582.5656
65 206.0588 393.4048
66 199.9046 376.6324
67 164.3222 296.6624
68 102.6368 372.0794
69 184.4130 335.5886
70 103.2450 414.5734
71 82.3248 403.1046
72 314.2611 656.6556
73 292.7238 660.9398
74 275.3682 664.0994
75 284.8846 586.8978
76 252.2809 669.7162
77 262.6218 672.8554
78 257.3549 667.4227
79 292.1305 578.3125
80 283.0140 664.6755
81 299.2742 664.4302
82 317.5203 663.7279
83 315.5097 715.4488
84 317.2633 695.6880
85 317.4345 684.4464
86 317.3203 674.8737
87 317.4793 668.2275
88 281.0184 669.1133
89 278.9614 671.5904
90 275.8920 676.6861
91 273.0239 683.4542
92 247.5832 638.3125
93 66.4100 569.4890
94 331.9304 590.3145
95 269.8376 669.0218
96 266.5729 670.2289
97 305.4235 597.8315
98 270.8836 593.8050
99 301.4695 593.4913
100 233.9560 519.9020
101 202.6070 538.1186
102 257.6298 571.3687
103 112.8388 319.9709
104 134.7342 348.6998
105 156.7572 380.1877
106 263.2078 700.6923
107 248.9379 375.7624
108 234.9719 329.5350
109 219.1445 282.6530
110 164.1878 475.9666
111 115.2563 503.4456
112 247.5729 457.6962
113 132.0499 447.9565
114 266.1772 491.0146
115 277.6281 567.2151
116 92.4181 519.8641
117 133.9351 516.9120
118 163.4656 521.9531
119 202.6600 513.7710
120 229.8967 501.2053
121 249.3005 489.1031
122 291.4869 461.7530
123 102.0968 563.5418
124 112.3651 446.4015
125 323.0778 587.5196
126 259.3377 527.3187
127 50.4532 477.2122
128 263.6642 476.6104
129 254.3512 571.7301
130 144.8572 458.9632
131 273.6594 552.5814
132 79.2787 619.4959
133 245.1654 450.0357
134 290.1966 539.8609
135 165.1975 718.1632
136 164.7567 739.7785
137 74.9286 569.3085
138 132.9963 692.7199
139 71.4743 438.4067
140 265.5924 775.4207
141 323.9087 590.2812
142 242.8576 544.3489
143 89.1859 479.8081
144 182.8705 464.4578
145 200.8563 463.8323
146 258.3060 676.8559
147 110.1911 604.8558
148 305.2704 797.3588
149 236.1763 778.6158
150 203.6277 763.3868
151 290.7664 324.4498
152 347.7297 794.4406
153 217.2500 460.3220
154 232.1810 455.0142
155 241.1712 452.0752
156 94.0032 443.1103
157 225.5295 438.3070
158 207.1368 435.2576
159 189.6570 436.6213
160 172.5832 442.2395
161 162.1249 448.8050
162 51.3353 428.6027
163 169.7462 462.9567
164 332.3448 611.1988
165 265.5187 625.0222
166 279.8358 581.5503
167 305.2804 616.0746
168 304.5022 427.3347
169 199.4072 741.6794
170 231.2358 759.2321
171 304.9830 784.5971
172 132.2031 710.8425
173 238.9831 445.0887
174 283.7290 497.6813
175 348.5490 780.9947
176 269.4021 790.9006
177 86.9040 614.6645
178 298.1319 668.7839
179 296.4171 673.6854
180 294.9238 681.1889
181 293.6307 691.4379
182 287.0883 710.2737
183 265.9209 667.9074
184 260.6624 667.3239
185 254.6729 665.1598
186 232.5063 654.7468
187 143.1549 613.7424
188 278.9560 475.0999
189 260.4300 435.2852
190 247.4642 439.5474
191 269.0813 664.8164
192 143.3390 663.0628
193 278.9280 433.1867
194 277.0195 731.8209
195 320.4916 502.0377
196 297.4459 485.7747
197 315.4708 479.0859
198 274.7873 532.4960
199 347.3003 760.1599
200 344.4483 734.3970
201 311.3229 738.3183
202 223.4773 700.4763
203 239.0812 590.1148
204 248.4124 719.2292
205 190.1920 592.1492
206 222.1863 613.0728
207 175.0184 627.0272
208 307.0621 763.9312
209 263.0742 544.5072
210 205.9887 718.2189
211 237.2109 737.6789
212 203.5523 677.7383
213 118.8551 639.5681
214 175.1892 683.4193
215 103.8743 656.0151
216 207.9278 641.1880
217 271.6417 512.0751
218 285.5636 575.9510
219 271.5054 580.9906
220 293.8286 562.3308
221 242.5577 421.0059
222 208.9210 415.0498
223 180.7460 416.6926
224 157.3157 422.5044
225 140.8141 432.4122
226 129.5351 466.3005
227 66.2396 524.8579
228 150.9363 493.2295
229 173.8171 497.0896
230 201.4375 493.2104
231 226.1167 485.0188
232 244.4477 475.7028
233 256.9468 467.6789
234 57.7192 522.7606
235 271.7605 585.3207
236 288.4443 517.9856
237 301.2733 576.6635
238 311.8454 584.3986
239 300.6969 579.0985
240 277.3672 590.3889
241 316.3447 586.4641
242 317.1020 589.3236
243 253.0797 451.1428
244 265.9833 455.5378
245 273.7294 459.3097
246 155.9249 453.3047
247 145.4684 448.5213
248 336.6869 502.9439
249 434.4290 426.4024
250 348.2038 581.3470
251 483.7737 338.0214
252 381.8720 451.9391
253 401.3376 451.1697
254 419.4831 447.7702
255 440.7242 432.9951
256 365.5078 448.7262
257 404.0601 400.8894
258 383.8768 404.1941
259 422.2732 401.5700
260 434.4536 406.3563
261 457.3408 444.3071
262 412.3174 731.5013
263 440.1257 420.5699
264 502.5144 424.1463
265 475.1193 427.0319
266 412.7609 537.7561
267 359.9016 638.2898
268 357.5930 656.8993
269 382.3396 637.9715
270 396.3980 640.6857
271 373.4531 653.5545
272 385.9131 651.2443
273 419.6672 662.5725
274 349.2158 574.2372
275 349.3058 553.6367
276 461.8528 379.7211
277 367.4768 490.8734
278 384.6729 557.8921
279 382.9140 545.8048
280 465.2135 525.4580
281 343.0993 526.4028
282 420.2417 365.1305
283 444.9105 368.2623
284 466.0041 305.5666
285 340.6584 392.3119
286 366.3215 412.1262
287 431.8526 642.1021
288 500.1898 613.3901
289 372.6592 571.0110
290 358.8232 580.2330
291 412.0827 645.7336
292 403.9356 646.4364
293 453.2614 352.6822
294 384.9985 565.5621
295 386.0940 371.1895
296 388.6156 353.4377
297 392.7977 270.3953
298 460.0819 328.3984
299 389.4729 311.2771
300 470.7778 368.1432
301 478.1103 354.1797
302 359.6260 649.8649
303 377.6780 647.8846
304 391.2525 646.4719
305 368.2240 575.2235
306 407.8933 646.2441
307 401.3076 652.0410
308 401.5538 645.8193
309 364.8621 567.9629
310 381.3335 649.9304
311 368.8770 654.0285
312 354.1832 658.3061
313 366.6619 707.6566
314 364.8015 688.5229
315 362.8117 677.5848
316 360.0396 668.5899
317 357.0971 662.3237
318 385.4582 653.4772
319 388.5827 655.1647
320 392.9488 659.2107
321 397.0206 664.7492
322 409.3201 614.8761
323 504.6538 510.2720
324 392.9288 650.6520
325 396.8770 650.7924
326 353.7947 591.0815
327 379.4661 578.4718
328 356.2269 585.9725
329 387.5113 499.7295
330 420.1249 509.0558
331 385.8840 553.5623
332 437.6441 282.0965
333 432.2041 312.9740
334 425.4960 346.9702
335 406.6831 678.8368
336 344.7113 364.2323
337 343.9602 316.7964
338 342.9117 268.6785
339 433.8114 441.7628
340 478.6525 455.9608
341 355.3146 444.8595
342 454.2099 407.2000
343 353.8041 479.7849
344 374.8934 553.8731
345 497.9194 466.2443
346 469.2985 472.7960
347 447.7221 484.3290
348 412.0622 486.2620
349 384.4801 481.2720
350 364.5247 474.5118
351 328.2123 457.0825
352 501.3423 509.3826
353 468.9644 400.8923
354 342.8496 584.7363
355 370.0483 512.7956
356 500.0824 419.8814
357 349.4748 465.8527
358 385.8259 553.5002
359 444.8166 421.4225
360 372.0260 539.3825
361 505.6799 560.3586
362 354.6237 436.9547
363 358.1883 530.7470
364 479.0544 670.8990
365 475.6131 691.9165
366 512.6453 509.9027
367 495.9705 639.3763
368 490.0654 385.8065
369 417.7124 750.8881
370 339.3890 588.2455
371 387.4941 524.9216
372 489.6760 428.0056
373 416.8548 435.5799
374 400.3610 439.6100
375 405.7984 654.5660
376 502.4029 550.3818
377 386.6089 784.0787
378 434.7624 746.3134
379 454.1029 723.4592
380 383.8067 440.4193
381 368.2202 438.6610
382 358.9184 437.9682
383 480.3240 393.9258
384 369.8726 420.8547
385 385.9696 413.7134
386 402.9493 410.6032
387 419.9042 411.7338
388 430.2952 415.5742
389 494.4502 373.8134
390 427.4920 430.8804
391 392.0840 606.7602
392 373.5252 568.4042
393 358.0218 608.4415
394 458.9849 701.3029
395 438.9177 725.9629
396 388.4639 771.0895
397 489.7268 657.7231
398 359.3174 430.4857
399 346.0490 489.5508
400 413.8798 767.2025
401 512.1243 555.2912
402 372.9736 657.6157
403 376.4986 661.7439
404 380.1924 668.3797
405 383.4146 677.9116
406 389.6759 694.5847
407 396.6313 648.3074
408 401.9411 645.9551
409 406.9207 642.2457
410 424.0433 626.8061
411 483.2869 566.3032
412 340.5853 467.2756
413 340.3661 425.6378
414 351.0011 427.2036
415 391.8464 646.5751
416 488.9344 613.3343
417 327.5444 427.1875
418 400.8622 712.3141
419 333.2044 481.0427
420 362.6167 520.7095
421 374.6169 728.2337
422 437.4390 668.3433
423 403.3269 567.3218
424 420.9031 692.6180
425 445.2962 556.9272
426 423.6805 584.8837
427 463.6723 586.2914
428 384.1439 751.6731
429 372.9004 529.7680
430 453.1330 680.5860
431 432.6616 707.0013
432 449.9526 641.5854
433 501.0189 585.3373
434 470.9900 640.0409
435 507.8733 598.1370
436 440.9764 608.0902
437 357.5132 500.9312
438 370.6541 564.0301
439 380.7334 565.7310
440 363.4196 552.7821
441 354.2339 407.3051
442 384.2994 393.4638
443 410.3728 388.6771
444 431.8060 388.6533
445 446.2878 394.3473
446 458.1237 424.4093
447 509.9355 466.3421
448 448.8473 454.7486
449 431.5181 463.6212
450 406.6500 467.0744
451 382.1743 465.3766
452 363.5211 460.9480
453 350.7079 456.1805
454 501.3800 464.6254
455 379.4801 570.2699
456 350.6516 509.6954
457 360.5716 568.3647
458 350.1939 578.9449
459 359.2691 570.7253
460 374.4917 576.7978
461 348.0322 582.0085
462 344.9505 585.5012
463 348.6473 439.7945
464 340.0028 446.6775
465 337.0679 451.6724
466 436.0209 418.4691
467 443.4011 411.2430
