# Image: /home/yaroslav/Projects/Diia.AIContest-AdAstrum/fixtures/FLUXSynID-processed/00f24f0be51f/00f24f0be51f_f_live_0_p_d1.jpg
# Mode: stream
# Status: fail
# Errors: strong_shadows_on_face: Strong shadows or uneven lighting detected (difference: 34.5); face_not_looking_straight_at_camera: Head is turned 171.6째 (max: 15.0째); head_is_tilted: Head is tilted 18.2째 (max: 10.0째); face_too_small_in_frame: Face occupies only 42.1% of frame (min: 50.0%)

# 2D Landmarks (index x y)
0 331.2875 638.1379
1 324.3636 572.7816
2 323.9247 591.7024
3 296.8431 505.5254
4 321.9249 552.0430
5 317.1871 523.8791
6 304.5878 455.0245
7 162.2954 463.8891
8 296.8873 403.5469
9 293.7266 375.9845
10 279.4967 281.4738
11 332.4727 647.5406
12 332.8578 653.7103
13 332.3332 655.2503
14 333.2196 656.4759
15 334.5592 663.4594
16 335.9830 672.5168
17 336.9533 682.2379
18 337.5241 699.8435
19 324.7225 582.8802
20 305.1499 582.9297
21 72.3536 396.5827
22 221.3792 475.6495
23 202.2383 479.5651
24 183.2354 481.0192
25 155.9448 472.4725
26 237.0090 468.5511
27 188.8147 428.8945
28 209.3285 427.4238
29 170.2107 434.4050
30 157.9803 442.8329
31 141.1013 488.5095
32 268.7514 741.1727
33 154.1363 459.3737
34 74.9286 484.8576
35 115.5965 477.3266
36 219.9255 563.2576
37 306.9619 638.2096
38 312.0997 655.8953
39 282.6774 646.7149
40 267.0164 655.2459
41 293.7707 658.9253
42 279.0570 661.6999
43 244.3892 683.8699
44 308.0691 574.3484
45 303.2963 554.6372
46 123.8071 425.4289
47 251.5564 506.8885
48 259.8551 572.7707
49 256.6275 561.4598
50 159.8827 567.3667
51 299.9071 528.2253
52 168.1534 397.9612
53 141.7815 408.5163
54 89.3303 358.9444
55 255.4174 403.3079
56 228.0878 431.4341
57 226.6939 668.8381
58 115.3977 668.0339
59 274.7794 582.0824
60 291.3333 586.0876
61 248.5152 666.7012
62 256.1654 664.3960
63 128.0485 396.4539
64 259.3305 581.1460
65 204.9270 394.4449
66 198.9639 378.3243
67 166.8622 304.2326
68 108.8456 377.2768
69 185.0005 340.4361
70 109.1117 417.7434
71 90.7991 408.3289
72 309.6725 649.2125
73 289.4829 654.7181
74 273.5074 658.9911
75 279.7902 584.8346
76 252.7838 665.7649
77 262.2238 667.3708
78 257.6026 663.1457
79 285.8250 575.3502
80 281.5537 659.5537
81 296.7060 658.4055
82 313.9136 657.0337
83 312.5192 703.7054
84 313.5444 684.6428
85 313.3510 673.8321
86 313.2216 665.0450
87 313.4742 658.8973
88 279.3128 662.2140
89 277.3102 664.5140
90 274.4495 669.5510
91 271.8163 676.1677
92 246.4212 634.5417
93 81.0275 571.7970
94 324.1450 586.2562
95 269.0268 663.2809
96 265.9710 664.5996
97 299.3416 594.4022
98 266.9183 592.1159
99 295.4927 590.4402
100 232.8551 521.1798
101 203.0909 538.7040
102 253.9796 570.3252
103 118.8463 327.7036
104 138.3554 353.8573
105 158.2634 382.4847
106 263.0690 692.9780
107 245.9740 377.2365
108 233.2235 334.3273
109 218.8305 290.1939
110 166.3588 479.0901
111 120.9933 506.0882
112 246.6376 461.9386
113 136.2113 450.6165
114 263.6307 492.1405
115 271.8815 564.6240
116 100.0949 522.2823
117 138.0674 519.0531
118 165.7611 523.6714
119 203.0424 515.5967
120 229.0256 503.5276
121 247.9153 491.4736
122 286.8743 462.4591
123 109.4309 564.4537
124 118.0118 449.3130
125 314.8805 583.2310
126 256.8130 527.5026
127 65.0203 482.7287
128 261.6432 478.7675
129 251.4126 571.1366
130 148.5254 461.9463
131 268.4762 550.8100
132 93.6841 619.6719
133 244.8441 454.1508
134 283.6063 537.4175
135 172.4393 710.4714
136 173.5959 731.0317
137 86.1923 570.5116
138 142.0367 687.4289
139 81.7033 443.4788
140 266.0777 760.1767
141 316.3722 586.3837
142 241.1068 544.4629
143 97.4654 483.0608
144 183.3615 468.2882
145 200.5057 468.1239
146 258.2142 671.7274
147 118.0705 604.0381
148 303.9811 779.5448
149 239.9632 764.3236
150 209.8728 751.6181
151 287.0054 329.2047
152 344.0626 776.6203
153 216.6408 465.0172
154 231.4584 459.9147
155 240.6295 456.6882
156 101.3938 446.6724
157 225.8948 441.1205
158 208.0943 437.2474
159 191.0136 438.1769
160 174.3982 443.7518
161 164.4093 450.6096
162 64.6567 435.4075
163 171.0888 466.4671
164 326.0906 605.9959
165 262.5674 621.5311
166 274.6581 579.3268
167 299.9810 611.3469
168 299.9137 428.8208
169 204.5582 731.4849
170 234.3057 746.3315
171 302.9006 768.0656
172 143.2157 705.1990
173 238.9246 448.7449
174 279.1313 497.2988
175 344.2489 763.9294
176 270.6975 774.3981
177 98.1819 613.9270
178 295.2067 660.4741
179 293.5048 664.9999
180 292.1949 672.1416
181 291.2111 681.8351
182 285.6982 700.2079
183 265.3993 663.5518
184 260.2092 663.2371
185 254.4682 661.3506
186 232.9810 651.2068
187 148.4213 612.0328
188 275.3787 475.9896
189 258.7090 438.1662
190 246.7936 443.0706
191 268.5990 660.5099
192 150.2959 659.2372
193 275.6637 434.9065
194 276.3420 720.7471
195 312.8542 500.3143
196 291.6301 485.1671
197 308.8368 478.5102
198 270.5073 531.4618
199 342.7800 744.7894
200 340.0406 720.7822
201 308.5377 725.5986
202 225.6486 694.2216
203 237.3399 588.9433
204 249.4092 710.5036
205 191.8453 590.4299
206 222.1142 610.7698
207 178.2649 624.3179
208 304.5143 749.4888
209 259.7415 543.9858
210 209.7065 710.0344
211 239.1583 726.8560
212 206.2595 673.2791
213 127.1139 637.2059
214 180.0330 678.0814
215 114.5866 653.2417
216 209.5407 638.2828
217 268.1694 512.0424
218 279.4253 573.0251
219 266.6355 578.8858
220 286.4513 558.9565
221 241.1920 423.0319
222 208.7578 416.5635
223 181.6252 418.2712
224 159.2932 424.3099
225 143.8321 434.5794
226 134.3904 469.3563
227 77.6486 527.6886
228 154.0619 495.8844
229 175.4230 499.6220
230 201.5886 496.1435
231 225.3500 488.3500
232 243.3237 479.1927
233 255.5062 470.9154
234 72.3886 526.8131
235 267.1159 583.5465
236 282.7315 516.5653
237 293.7041 572.8996
238 304.5190 580.6399
239 293.6848 575.6428
240 272.8364 588.5319
241 308.6032 582.3929
242 309.8824 585.6640
243 252.2187 455.0066
244 264.2596 458.5874
245 271.1491 461.4062
246 158.6914 455.5270
247 148.6282 451.0593
248 328.9706 501.3047
249 431.6165 429.6318
250 340.3502 578.0644
251 482.1577 345.3397
252 380.0614 455.6204
253 399.2514 454.5110
254 417.0034 450.9206
255 437.9892 436.2232
256 363.6262 452.7124
257 399.7774 402.6481
258 379.9107 406.3366
259 418.1942 403.3567
260 430.8999 408.4348
261 454.3895 447.5542
262 407.5326 720.1622
263 437.1354 423.5400
264 501.5419 429.2159
265 472.3184 430.7337
266 407.9815 537.5682
267 353.8790 631.3354
268 352.6509 649.9173
269 377.4025 632.6473
270 392.5753 636.5341
271 369.3156 647.6929
272 382.5244 646.3720
273 416.9146 658.2868
274 339.6619 569.9673
275 339.7252 549.7233
276 457.2578 382.8029
277 363.0288 492.2806
278 377.7657 556.5364
279 376.6040 544.9851
280 460.8657 526.2087
281 334.2739 523.6536
282 414.6886 367.3163
283 439.5488 370.8994
284 463.2831 312.7785
285 336.0353 393.4717
286 362.9123 414.8985
287 429.1833 639.2199
288 500.9822 613.8310
289 365.8887 569.3647
290 352.1249 577.7235
291 409.7923 642.6899
292 401.7429 642.7929
293 447.9435 356.1137
294 378.9089 564.5092
295 380.9538 372.7723
296 383.1350 355.6625
297 388.2993 277.5428
298 455.9935 333.8079
299 384.3648 316.1445
300 466.5040 372.0126
301 475.0697 359.7073
302 354.1010 642.7182
303 373.1065 642.1900
304 387.6097 641.9438
305 361.7589 573.4324
306 405.6151 642.9245
307 398.4438 647.1391
308 399.5024 642.0986
309 356.6568 565.4055
310 378.3500 645.1523
311 365.1474 648.2968
312 349.8283 651.7815
313 361.6833 696.3761
314 359.3418 677.8394
315 357.3426 667.3385
316 354.7314 658.9932
317 352.1057 653.2573
318 382.0879 646.9343
319 384.9541 648.5534
320 389.2033 652.4965
321 393.1992 658.0882
322 404.8345 611.8142
323 505.9577 514.5006
324 390.3102 645.2773
325 394.0953 645.6147
326 347.2132 587.6944
327 373.9702 577.0852
328 349.5345 582.9396
329 383.5130 501.1691
330 415.8475 510.0530
331 380.2501 552.9039
332 433.8215 289.2967
333 427.3787 318.2413
334 419.8045 349.9662
335 402.9819 672.0928
336 339.6718 365.9469
337 339.1417 321.5137
338 338.6341 275.8251
339 431.0835 444.9566
340 475.6768 459.1989
341 353.1789 448.7784
342 450.6677 410.3720
343 349.0364 481.0402
344 366.8672 551.6779
345 495.3238 469.6319
346 465.8777 475.3959
347 444.0119 486.3993
348 408.6059 488.2545
349 381.3255 483.6107
350 361.0224 476.8681
351 322.6673 457.8543
352 498.2913 511.6540
353 465.3566 404.4822
354 334.0450 580.5457
355 364.8722 513.2038
356 500.9934 426.2313
357 345.6668 468.0596
358 381.0077 553.2398
359 442.0105 424.5529
360 364.7161 537.8540
361 506.6334 562.9686
362 352.2125 440.8913
363 349.9848 528.5185
364 476.2969 666.2584
365 473.9159 686.7695
366 511.4917 512.9595
367 494.2318 637.1604
368 488.0897 391.3248
369 412.5430 737.7427
370 331.4022 584.3148
371 382.9271 525.2950
372 487.3367 432.0273
373 414.4415 439.0960
374 398.3344 443.2952
375 403.0694 650.0437
376 499.5008 551.4968
377 381.5961 767.5502
378 430.5262 735.0571
379 450.9285 715.1262
380 381.9809 444.4325
381 366.5533 443.0642
382 356.9464 442.2673
383 477.1585 398.0967
384 366.9781 423.7627
385 382.6101 415.7754
386 399.2568 412.3121
387 416.2232 413.3675
388 426.7869 417.4937
389 494.0286 380.8517
390 424.8572 434.2061
391 387.0645 603.7411
392 366.1760 566.5868
393 351.8410 603.9533
394 455.4685 694.1515
395 434.6506 715.8933
396 383.2174 755.7531
397 489.5229 655.4698
398 356.6738 434.1215
399 339.7806 489.3119
400 408.7640 752.9753
401 510.9620 556.9799
402 368.6186 649.6749
403 371.8967 653.4379
404 375.3200 659.7820
405 378.4500 668.8541
406 385.0730 685.3851
407 394.1430 644.4284
408 399.2923 642.4859
409 404.1667 639.0776
410 420.4235 623.9940
411 479.5419 566.1643
412 335.3500 468.2657
413 337.1786 428.5789
414 348.1985 430.6737
415 389.5877 642.6246
416 485.9744 611.9154
417 323.1809 429.0416
418 396.5679 702.5686
419 326.4875 480.5758
420 356.1665 519.9915
421 369.9216 716.2303
422 434.1913 663.5913
423 398.7649 566.5095
424 417.1936 685.4569
425 440.4275 556.1436
426 419.0258 583.2702
427 459.4507 585.0026
428 379.0948 738.1542
429 367.2793 529.5107
430 449.5013 674.6698
431 428.5830 698.3408
432 446.7842 638.5254
433 498.4875 585.4626
434 467.7052 636.8215
435 506.8274 598.2829
436 436.9418 606.1127
437 351.7832 501.0708
438 362.3099 561.5266
439 373.4989 564.0487
440 354.4168 549.6832
441 350.6331 409.6160
442 379.8951 395.3241
443 405.5836 390.4663
444 427.1194 390.7413
445 442.1374 396.8905
446 455.2327 427.9069
447 508.9826 470.4909
448 445.8939 457.6597
449 428.4885 466.3099
450 404.0347 469.8602
451 379.8085 468.4347
452 360.9649 464.2463
453 347.8863 459.2933
454 502.9282 470.0123
455 372.9904 568.8173
456 343.3776 508.4425
457 351.4047 564.8778
458 341.7344 575.4065
459 350.6222 567.6217
460 368.4463 575.2401
461 339.3288 578.1031
462 337.0317 581.9273
463 346.1854 443.5409
464 336.9078 449.6613
465 333.0703 453.8063
466 432.7466 420.8098
467 440.1981 413.9920
