# Image: /home/yaroslav/Projects/Diia.AIContest-AdAstrum/fixtures/FLUXSynID-processed/0140620c0616/0140620c0616_m_live_0_e_d1.jpg
# Mode: stream
# Status: fail
# Errors: image_blurry_or_out_of_focus: Image is blurry (sharpness score: 51.42); strong_shadows_on_face: Strong shadows or uneven lighting detected (difference: 63.4); head_is_tilted: Head is tilted 15.2° (max: 10.0°); face_too_small_in_frame: Face occupies only 39.7% of frame (min: 50.0%)

# 2D Landmarks (index x y)
0 321.1129 600.3992
1 319.3811 529.9326
2 318.6841 556.2074
3 298.0842 475.2890
4 318.2953 510.2824
5 315.8143 487.8955
6 309.4026 438.2243
7 177.4866 456.9301
8 305.8641 398.7520
9 304.3124 375.1248
10 297.2490 302.9450
11 321.3886 609.7112
12 321.4719 617.3750
13 321.0556 621.2225
14 320.4194 622.1530
15 320.9884 628.2096
16 321.4786 637.0740
17 321.7638 647.9940
18 322.3078 673.2496
19 319.2146 541.6456
20 301.4656 545.0156
21 99.7061 412.4745
22 229.3210 466.8071
23 211.2291 470.1857
24 193.7520 471.1265
25 170.3205 465.4418
26 244.4765 460.1130
27 204.2667 424.7121
28 222.3286 423.6337
29 187.3567 429.2917
30 175.8189 436.9819
31 154.5274 480.2375
32 250.1187 720.6725
33 171.1360 453.9507
34 92.7605 489.1045
35 131.6826 472.1641
36 221.6116 538.7016
37 298.0651 599.8058
38 302.3152 619.2839
39 274.6064 610.7746
40 259.6823 623.0423
41 285.1696 624.0625
42 271.4516 629.7714
43 235.4880 658.2094
44 303.7262 531.1167
45 300.1792 512.8554
46 144.1485 420.3403
47 255.2487 489.0419
48 257.5584 538.1734
49 255.2233 529.7711
50 164.8128 546.2306
51 298.9971 491.9884
52 186.4773 391.8070
53 162.0073 402.8537
54 118.6374 374.9055
55 266.9399 397.5434
56 238.9942 427.2655
57 220.0704 643.7899
58 108.2761 671.6346
59 271.9955 547.4560
60 288.2088 551.6305
61 243.2861 640.9395
62 251.0124 638.2565
63 149.8807 393.3795
64 256.9628 548.6910
65 220.7233 388.6018
66 216.1549 374.3396
67 193.7483 321.0536
68 134.2960 383.2078
69 206.5308 345.9931
70 131.3472 415.9460
71 115.3848 415.0137
72 300.1423 611.1406
73 280.8182 618.8975
74 266.0438 626.6249
75 277.0346 551.0586
76 247.6096 639.7888
77 255.5467 638.6140
78 252.2944 637.2474
79 282.7560 536.2385
80 274.3270 629.1770
81 288.2740 625.3612
82 304.3100 622.6689
83 298.2123 675.0953
84 300.0790 649.2708
85 300.9370 637.6701
86 301.6384 628.9904
87 302.5147 623.8912
88 271.3456 630.9058
89 269.2109 632.8041
90 266.0522 637.7943
91 262.6102 645.0574
92 241.0463 604.2024
93 87.1478 580.9479
94 318.8641 547.8740
95 262.1840 634.5364
96 259.3441 635.4644
97 295.0262 559.6078
98 264.1348 561.1842
99 291.8935 555.7623
100 236.4408 502.7790
101 207.4871 518.6102
102 252.3463 540.1257
103 148.2576 343.5304
104 162.8594 359.3529
105 178.3604 378.7786
106 251.7434 665.8386
107 259.8397 374.3898
108 251.0719 341.3338
109 241.7658 309.1142
110 179.0198 470.1800
111 133.9700 496.5938
112 254.0564 453.7946
113 153.9377 445.0802
114 267.8879 474.5613
115 269.8726 526.9254
116 112.4971 514.3756
117 148.5414 505.5739
118 173.6653 507.5727
119 208.8515 500.0304
120 234.2551 489.3125
121 253.4775 477.8246
122 292.0261 445.0837
123 116.7333 552.0699
124 136.6581 444.7516
125 309.9069 541.6503
126 258.2259 504.8562
127 83.8403 497.1904
128 267.3474 465.4430
129 250.2879 543.8138
130 164.6907 456.4000
131 267.6003 517.0125
132 93.1608 626.0572
133 253.4403 447.6767
134 283.0209 502.2535
135 156.7438 698.3858
136 155.0142 727.5716
137 92.8880 567.7587
138 131.2995 677.7640
139 103.7131 449.6618
140 244.3247 746.1046
141 311.5747 547.7290
142 242.4921 521.7388
143 114.2761 480.0553
144 195.3029 459.7848
145 210.8564 459.8728
146 251.2319 643.4509
147 120.2531 590.2383
148 282.3181 773.1772
149 216.1083 758.1744
150 187.3518 746.2575
151 300.9243 338.5513
152 326.6136 772.0307
153 225.7632 457.4915
154 239.7191 453.2425
155 248.6795 450.1695
156 121.5791 445.4265
157 237.5242 439.3577
158 221.6560 437.9546
159 207.0797 438.8734
160 192.2704 442.6074
161 182.4151 447.4076
162 88.5770 450.6790
163 184.7988 458.3982
164 319.2535 570.4474
165 257.4298 589.3939
166 271.8357 543.2197
167 293.8593 575.5097
168 307.0591 419.9022
169 185.0939 718.5067
170 213.0116 733.2669
171 282.2665 752.7709
172 130.2180 705.0528
173 248.6850 443.5337
174 281.8791 473.2901
175 326.5108 751.6159
176 247.0722 767.4007
177 98.8147 609.4230
178 285.7804 626.5761
179 283.5421 630.5024
180 281.6632 637.4306
181 279.6683 647.9349
182 272.6979 671.7433
183 259.5185 635.1832
184 254.1798 634.6644
185 248.4382 632.8624
186 227.3627 623.1038
187 149.1063 591.6962
188 280.3298 458.4554
189 267.8166 431.5395
190 256.3913 437.1292
191 262.5869 632.8365
192 144.3367 642.3716
193 283.8966 426.2147
194 260.7855 696.4352
195 313.5340 470.5282
196 294.7037 460.7479
197 311.5099 454.5593
198 271.0377 503.1780
199 325.4414 726.0383
200 323.7945 697.5663
201 292.1291 700.1661
202 213.6265 670.9337
203 235.9947 561.6528
204 235.0674 687.2876
205 192.8771 564.3875
206 219.5194 582.7451
207 176.3709 599.5840
208 285.7798 727.6738
209 259.6207 517.1457
210 194.3633 690.8966
211 221.4993 707.9787
212 197.7324 649.5133
213 124.4793 623.5523
214 170.3654 657.9283
215 109.4628 646.7603
216 205.1756 611.7945
217 270.3996 488.8151
218 276.6510 533.6643
219 263.9401 543.0393
220 284.1822 518.7618
221 252.2070 417.3343
222 222.6119 410.5592
223 197.9890 411.5332
224 177.3640 417.5235
225 162.6435 428.3996
226 150.3430 463.9145
227 90.0876 527.9779
228 165.6635 485.4593
229 184.5324 487.3105
230 208.8849 484.2918
231 231.9073 477.3400
232 249.8590 468.8632
233 262.1808 460.7453
234 85.3252 539.3812
235 264.4506 549.6533
236 283.7542 487.0155
237 290.2363 530.8662
238 300.7618 540.7401
239 290.2989 535.2341
240 270.0952 555.8568
241 304.1653 541.3362
242 305.6865 547.3148
243 260.3614 447.2412
244 271.4441 449.2850
245 277.5172 449.6156
246 176.3690 451.0245
247 165.9792 445.3306
248 329.0320 472.9493
249 431.2079 437.0887
250 334.7162 542.4943
251 486.7817 384.2073
252 383.0718 455.1078
253 400.9887 455.5829
254 417.5822 453.9833
255 438.3369 444.6653
256 367.7677 451.0765
257 401.9865 409.0843
258 384.2528 411.2909
259 418.9496 410.7427
260 430.8236 416.7972
261 454.4075 457.5843
262 396.0125 708.3414
263 436.5138 433.1654
264 505.7196 458.4253
265 473.3530 446.4837
266 403.7414 524.9426
267 343.0836 596.3352
268 339.7738 616.5451
269 365.7519 603.4757
270 379.7833 613.6206
271 355.8384 618.5206
272 368.3197 622.2885
273 403.2024 644.7882
274 334.4652 528.8603
275 335.5843 510.0932
276 458.1934 395.6166
277 364.0655 481.0401
278 374.4755 529.2374
279 374.4991 520.6591
280 456.3716 524.3956
281 332.3970 489.4923
282 417.7419 373.7277
283 441.2898 380.7604
284 468.1709 349.3648
285 342.6218 391.8803
286 368.4744 417.7983
287 416.7933 628.3370
288 508.5047 640.3024
289 361.1921 540.5499
290 346.5296 547.0848
291 394.5501 629.0807
292 386.3258 627.4479
293 450.3984 369.7909
294 375.0508 539.5212
295 385.5219 375.9545
296 388.2626 361.1665
297 397.2221 306.5442
298 459.6542 358.5605
299 391.6392 332.4955
300 467.9205 389.8345
301 477.8651 387.7840
302 341.9560 607.8387
303 360.2141 612.6119
304 373.8350 618.1345
305 356.6072 544.7707
306 390.1144 628.5026
307 382.6477 628.3075
308 384.4224 626.6531
309 351.8616 531.2230
310 364.4966 621.9669
311 351.7683 620.2608
312 336.9915 620.1295
313 345.8040 671.1500
314 343.0108 645.7385
315 341.4479 634.3161
316 339.7251 625.9574
317 337.8608 621.1056
318 366.5658 623.1390
319 369.1396 624.7599
320 372.9595 629.1502
321 376.9739 635.7354
322 395.1958 592.1552
323 514.4905 548.7881
324 375.0838 625.3516
325 378.3826 625.8068
326 341.1700 555.8232
327 368.7891 552.7805
328 343.7660 551.7063
329 383.5336 491.9662
330 413.2604 503.2317
331 377.5715 530.4690
332 440.1810 322.5132
333 432.7790 339.1340
334 423.5827 359.7539
335 388.6268 654.6166
336 347.1719 367.8517
337 349.2693 334.3016
338 351.1921 301.2630
339 431.2192 450.6886
340 475.5428 471.1284
341 358.1054 446.1856
342 451.2342 422.1060
343 350.7824 468.5318
344 363.0231 520.1047
345 496.0964 485.8932
346 464.6252 482.0455
347 442.2532 487.6077
348 408.1645 485.2775
349 382.5080 478.3335
350 362.8444 469.7810
351 326.5519 442.6580
352 497.8184 523.4750
353 466.3051 419.6153
354 328.2382 540.4300
355 365.0358 496.8392
356 507.5117 465.9308
357 348.4167 459.5258
358 378.4494 533.8765
359 442.5076 434.7065
360 362.5710 509.9818
361 515.4242 593.6669
362 357.5408 439.8390
363 347.5864 497.3381
364 477.0045 672.7422
365 477.7377 700.8484
366 515.8163 535.9301
367 496.4994 649.2192
368 491.2433 420.8962
369 403.5916 732.1656
370 325.9019 546.7247
371 381.5714 511.2105
372 489.2388 452.0214
373 415.2123 442.7609
374 400.1978 445.2375
375 387.3203 632.4579
376 498.9505 561.7871
377 369.3488 765.4930
378 427.6949 739.5319
379 451.9616 723.6213
380 385.2683 445.2953
381 371.3475 443.3274
382 362.3668 441.6745
383 478.6214 418.3029
384 371.2765 429.2319
385 385.8300 425.2742
386 400.1630 423.3783
387 415.1025 424.6350
388 425.4103 427.9599
389 499.2639 420.8243
390 424.8784 439.7431
391 379.0186 579.8133
392 361.6697 536.4758
393 344.0923 571.5029
394 453.9459 696.2059
395 430.1451 714.5559
396 369.5168 745.3111
397 495.1616 675.8960
398 361.6434 435.2380
399 340.6158 469.0083
400 401.3999 753.6637
401 515.5628 577.6130
402 353.5037 621.1111
403 356.2424 624.5616
404 359.1205 631.1151
405 362.0177 641.1024
406 369.7692 663.8324
407 379.0704 625.6232
408 384.6696 624.2570
409 390.1074 621.6364
410 409.0933 608.9929
411 475.3576 567.0761
412 338.1154 454.3275
413 342.8857 426.2070
414 353.6327 429.9769
415 375.1737 623.9134
416 483.6056 616.4342
417 329.2055 422.9607
418 383.3114 686.0507
419 328.3230 458.2039
420 355.2461 496.9707
421 354.5651 694.6870
422 424.7294 654.1004
423 393.8409 549.4639
424 406.1680 673.1748
425 433.9349 546.2704
426 411.8298 567.9704
427 452.7168 578.5589
428 364.1241 720.9960
429 366.7075 509.0747
430 444.0835 670.5923
431 420.7136 691.2514
432 437.9921 630.7333
433 498.3181 595.1846
434 462.8339 635.2603
435 511.0084 615.9686
436 427.9132 594.7311
437 352.2189 482.6599
438 357.7834 527.7521
439 369.3126 535.0756
440 350.2714 513.7813
441 356.2701 409.6429
442 384.0992 398.0186
443 407.9265 395.1489
444 428.1626 397.8127
445 442.4787 406.4366
446 456.0483 440.5439
447 513.2021 496.4292
448 445.6252 464.2753
449 428.4964 469.0067
450 405.1703 469.5047
451 382.1594 466.1277
452 364.0838 460.3583
453 351.6752 454.2220
454 510.4666 507.7619
455 368.6344 541.5184
456 342.7377 482.5818
457 346.1023 526.7367
458 335.9442 538.0759
459 345.3473 531.2681
460 363.4185 548.5503
461 333.3891 539.3232
462 331.2483 545.3777
463 351.2264 440.6562
464 341.6621 444.2349
465 337.2434 445.3506
466 431.5592 430.7431
467 440.4571 423.8241
