# Image: /home/yaroslav/Projects/Diia.AIContest-AdAstrum/fixtures/FLUXSynID-processed/0140620c0616/0140620c0616_m_doc.jpg
# Mode: stream
# Status: fail
# Errors: strong_shadows_on_face: Strong shadows or uneven lighting detected (difference: 48.6); face_not_looking_straight_at_camera: Head is turned 178.0째 (max: 15.0째); head_is_tilted: Head is tilted 21.0째 (max: 10.0째); face_too_small_in_frame: Face occupies only 42.8% of frame (min: 50.0%); hair_covers_part_of_face: Possible hair occlusion detected (score: 0.187)

# 2D Landmarks (index x y)
0 310.5688 622.1657
1 310.0683 556.2118
2 310.4873 576.5907
3 293.3485 495.6965
4 309.4892 537.0646
5 308.7727 512.3400
6 307.3616 454.4835
7 185.9732 457.1015
8 305.7611 423.8805
9 304.9359 401.2577
10 302.6456 298.6240
11 310.7949 631.1139
12 310.9560 636.6011
13 311.0971 637.9969
14 311.2651 640.7972
15 311.4047 646.4030
16 311.4658 654.2681
17 311.7656 664.1842
18 312.2207 685.9315
19 310.1252 566.0095
20 293.1357 565.0650
21 115.8411 394.3460
22 235.4274 469.8394
23 218.0811 472.1266
24 201.2998 472.0856
25 179.3845 465.3014
26 249.8691 464.6648
27 211.0560 437.8740
28 228.1061 436.5022
29 195.6163 440.9702
30 185.2104 445.2756
31 163.6946 477.4535
32 245.8055 725.7147
33 179.9760 454.5581
34 108.1325 474.8024
35 141.9202 469.0662
36 222.2209 545.1936
37 288.4978 619.7916
38 292.2337 636.7864
39 266.1601 626.0177
40 251.7242 634.5348
41 275.7289 638.4243
42 262.4959 641.0363
43 230.9583 662.8983
44 294.7865 556.0927
45 292.1157 537.9220
46 153.7619 431.4993
47 256.4607 497.1208
48 251.4942 552.1778
49 250.8060 542.3615
50 169.5950 546.5474
51 292.7735 514.8158
52 196.3396 415.0909
53 171.2313 420.6206
54 132.3870 360.3422
55 272.8988 424.2258
56 244.2968 438.1141
57 215.8888 647.5579
58 123.4191 654.2801
59 264.8604 562.0465
60 280.5082 567.6160
61 235.8701 646.5705
62 243.1582 644.7382
63 160.2665 408.5612
64 250.9583 560.3257
65 230.3509 415.3642
66 225.7583 399.1719
67 201.7672 312.7470
68 146.9633 381.9973
69 215.3206 351.8246
70 141.9568 423.1430
71 128.9861 408.6028
72 290.0287 630.4450
73 271.7422 634.1556
74 257.4174 638.2605
75 269.6341 565.1940
76 239.6772 645.9353
77 248.0641 646.6704
78 244.9138 643.9657
79 274.9472 555.8704
80 265.4444 639.3939
81 279.0885 638.1455
82 294.5664 638.0512
83 289.8831 686.4980
84 291.3989 664.0396
85 292.1486 653.5095
86 292.8969 645.7940
87 293.9581 640.9341
88 263.8372 642.4023
89 261.7792 643.9006
90 258.7418 648.2397
91 255.7131 654.4178
92 235.9624 613.3955
93 106.0887 561.3762
94 310.2542 570.0296
95 254.8582 643.5434
96 251.7765 644.1714
97 287.0574 576.5339
98 258.0074 571.8127
99 283.8676 572.2384
100 238.7312 508.7831
101 210.8776 522.6107
102 247.9447 550.7397
103 159.5328 332.5497
104 174.6444 362.5163
105 189.1245 399.1699
106 246.8117 672.1747
107 265.6425 400.3017
108 256.5942 346.9497
109 247.8440 302.2976
110 187.3323 470.2344
111 143.7618 491.3503
112 258.8192 459.8794
113 163.3379 449.0425
114 268.5543 484.5985
115 263.1481 545.2522
116 124.1256 506.0699
117 157.1516 502.6573
118 180.5480 507.5241
119 214.0024 502.8794
120 238.3398 493.9381
121 256.2782 484.2959
122 290.7708 460.0682
123 127.0108 544.9140
124 146.7054 448.0011
125 300.9901 565.2754
126 257.5700 514.8127
127 103.4389 476.1685
128 269.4216 474.0115
129 247.0719 552.3769
130 174.4120 457.6412
131 262.5187 533.4468
132 110.7322 607.2354
133 258.1201 453.4040
134 277.4209 522.3039
135 162.4764 691.8056
136 163.5891 716.6737
137 107.9694 554.4723
138 139.7681 668.2914
139 118.3576 438.1375
140 240.7572 748.2690
141 302.8884 569.3896
142 242.4219 529.2728
143 125.8790 473.5611
144 202.8368 460.6588
145 217.8710 461.4269
146 244.1818 650.7368
147 129.3018 583.4135
148 275.1856 774.2638
149 217.3251 754.3754
150 192.0086 739.3181
151 303.6740 345.5750
152 314.6038 775.7469
153 232.2961 459.7593
154 245.8593 456.4696
155 254.2161 454.7888
156 132.9772 444.8728
157 242.7056 442.5461
158 227.6186 439.8307
159 213.0221 440.0512
160 198.6872 443.6745
161 189.7970 448.4051
162 107.1317 430.3734
163 192.7774 458.8106
164 310.5170 590.9519
165 251.4498 600.4100
166 264.4091 559.2462
167 285.6439 592.8675
168 306.6651 438.0529
169 188.0896 714.7423
170 213.1004 732.3966
171 274.3710 757.8149
172 141.8681 690.7690
173 253.3818 448.4392
174 279.8578 488.5855
175 314.1229 758.7309
176 244.4566 766.4037
177 112.8573 596.5168
178 277.7396 641.1967
179 275.7106 644.7330
180 273.8555 650.8778
181 271.9747 660.1822
182 266.2279 680.4372
183 250.7276 643.4197
184 245.8909 642.8687
185 240.6920 640.7988
186 222.4205 629.5368
187 153.6734 589.8075
188 280.0412 471.1717
189 271.7870 443.1834
190 260.6431 445.8721
191 254.0933 640.8964
192 149.5881 637.6586
193 285.6340 442.2050
194 255.5326 703.1736
195 308.2883 492.1467
196 291.7287 478.2843
197 307.8366 473.5252
198 267.9354 517.8800
199 313.4738 735.9386
200 312.9484 709.1623
201 283.9108 710.0256
202 212.1239 673.3915
203 233.7988 568.7360
204 232.3800 691.1497
205 193.8519 568.9049
206 217.8301 589.2139
207 177.5506 601.5503
208 277.6429 735.7833
209 257.3129 528.6383
210 195.4745 690.2823
211 220.2922 709.8259
212 196.6969 651.5611
213 132.9057 616.5475
214 172.8760 656.2121
215 121.6344 634.7911
216 203.1334 616.2796
217 269.0637 501.3058
218 269.0858 553.0895
219 256.7776 558.1073
220 276.8209 540.7566
221 258.2997 434.6491
222 230.0269 430.1642
223 206.1051 430.1786
224 185.9491 432.3058
225 171.4047 438.4129
226 160.0414 463.0671
227 105.6481 513.9434
228 174.3444 484.1721
229 192.1126 487.6553
230 215.3211 486.4213
231 237.3871 481.0585
232 254.3274 474.1191
233 265.7694 467.6674
234 104.7489 518.7488
235 257.4188 562.7525
236 280.0171 504.8735
237 282.0823 553.6391
238 292.1482 562.2993
239 282.1346 556.5737
240 263.0987 568.4230
241 295.3832 564.1022
242 297.1162 567.9551
243 264.3501 454.7680
244 274.4159 458.1631
245 279.1134 460.4634
246 184.4295 451.7732
247 175.6765 450.0401
248 323.2350 494.9407
249 430.3625 448.2868
250 327.3795 564.3588
251 498.7180 383.5510
252 381.2335 464.8401
253 398.8010 465.9451
254 415.6619 465.0666
255 437.4851 456.3385
256 366.3297 460.7214
257 402.6449 429.8418
258 385.1269 429.9874
259 418.8577 431.7980
260 430.1431 435.6025
261 454.0436 468.7560
262 381.2437 722.2482
263 436.2603 444.9779
264 511.0071 464.0058
265 475.6891 459.1361
266 397.5032 540.7330
267 332.6153 618.5166
268 329.6103 635.6627
269 355.2580 623.5473
270 369.9320 631.2623
271 346.2508 636.5407
272 359.5776 638.4349
273 392.3563 658.7598
274 325.1442 555.4330
275 326.5735 536.9574
276 461.1703 419.6274
277 360.8250 494.3048
278 368.5734 549.3557
279 368.8253 539.4612
280 450.5821 539.3329
281 324.9899 514.0380
282 415.7468 404.7569
283 442.2326 409.1165
284 479.5792 349.8732
285 338.5241 420.6105
286 369.2549 433.3286
287 406.6236 642.7993
288 503.4469 645.0164
289 355.8954 560.0134
290 340.3436 566.3697
291 386.2722 642.6733
292 379.0463 641.1737
293 452.9305 396.4006
294 369.6794 557.5174
295 380.7313 407.7603
296 384.3537 391.2331
297 404.8633 306.2751
298 465.5075 370.9233
299 393.0658 344.8441
300 472.7232 411.1879
301 485.8960 397.3356
302 331.4547 629.3648
303 349.9465 632.0558
304 364.5101 635.3528
305 351.3050 563.3350
306 382.2967 642.0217
307 374.0580 643.2922
308 377.4415 640.4041
309 345.2018 554.1510
310 356.5664 636.9230
311 342.9771 636.4960
312 327.5106 637.1461
313 334.9609 685.3249
314 332.1520 662.9608
315 330.7283 652.5290
316 329.6363 644.9694
317 328.4169 640.1753
318 358.3102 639.9558
319 360.3227 641.3251
320 363.5278 645.4365
321 366.9285 651.5412
322 385.6788 609.6431
323 517.5652 551.1574
324 367.3960 640.5741
325 370.2649 641.0606
326 334.0472 575.4694
327 363.0247 569.2361
328 337.0414 570.9651
329 379.3519 505.0690
330 407.8190 517.4307
331 372.1201 547.6764
332 449.5204 323.3924
333 435.7500 352.6569
334 422.1707 388.2669
335 377.1570 668.7792
336 344.1822 396.1030
337 350.8977 343.5383
338 357.6968 298.8283
339 429.7631 462.1515
340 475.2136 482.3669
341 357.0366 456.4437
342 452.7326 438.8165
343 347.8757 482.3850
344 356.1449 542.9921
345 495.9014 496.3660
346 461.8768 494.4701
347 438.0613 500.6129
348 403.8744 497.6818
349 379.1134 489.9082
350 360.4502 481.2993
351 324.1637 458.9986
352 494.4776 535.4341
353 469.4219 437.2207
354 319.2654 564.9157
355 360.6856 512.1480
356 516.1684 465.4980
357 346.5796 471.7385
358 373.1555 549.2117
359 442.1370 447.9638
360 356.3038 531.0913
361 514.7008 597.4772
362 357.4246 449.7454
363 340.5564 520.5985
364 463.7657 684.0114
365 464.3178 708.8220
366 514.8715 544.2294
367 486.0718 659.3658
368 498.5818 427.2107
369 387.2682 744.3737
370 317.6736 569.1031
371 376.6505 525.8594
372 492.3138 463.2468
373 413.5202 453.2286
374 398.4783 455.0296
375 378.0731 647.0930
376 493.4723 574.1796
377 353.7742 772.3765
378 411.3271 749.2817
379 436.4066 732.8757
380 383.9167 454.2862
381 370.2036 452.0199
382 361.6312 450.9508
383 483.4132 433.7283
384 372.1775 437.5894
385 387.0110 433.4499
386 401.5115 432.5492
387 416.1763 435.1281
388 425.6299 439.2866
389 509.8569 419.5720
390 423.5312 450.6591
391 370.0432 597.4958
392 356.1597 557.0142
393 335.3189 591.6127
394 438.9287 708.4464
395 414.2081 727.0870
396 353.8936 755.9739
397 485.6665 682.0107
398 361.8095 444.3774
399 336.5624 487.0075
400 384.6263 762.8728
401 511.4734 586.5806
402 344.5553 639.5618
403 346.6188 642.9748
404 348.7882 649.0016
405 351.1066 658.1279
406 358.2848 678.0792
407 371.4760 640.1744
408 376.1041 639.3308
409 381.1097 637.0444
410 399.3270 625.1281
411 468.4175 581.7115
412 335.5188 469.5111
413 342.3903 440.3123
414 353.9731 442.3641
415 368.0675 637.8905
416 474.4693 629.3361
417 328.0100 440.5157
418 370.2363 700.0189
419 324.1121 477.4476
420 349.9759 515.6281
421 342.1815 708.5081
422 412.1917 668.4820
423 387.1532 564.8754
424 392.7274 687.1944
425 426.6701 562.9962
426 403.4144 584.6954
427 444.3950 594.7617
428 349.8852 734.0296
429 361.5762 525.9865
430 430.1466 684.3701
431 405.8680 705.0424
432 426.7848 645.7568
433 490.9191 607.3983
434 451.1225 649.1401
435 503.7692 625.1434
436 418.8136 610.9922
437 348.2046 499.1909
438 350.8687 551.0960
439 363.6280 555.5352
440 342.2238 539.1438
441 354.4555 430.3585
442 382.3752 423.3028
443 406.9114 421.2443
444 428.0268 422.5474
445 443.5643 427.8901
446 457.1448 453.4405
447 515.5885 503.3906
448 443.5818 476.0534
449 425.6424 480.8537
450 402.1423 480.8087
451 379.6499 476.5303
452 362.3507 470.7680
453 350.3422 464.9218
454 516.8514 508.4298
455 363.1658 560.4218
456 337.1578 503.4211
457 337.8828 552.3110
458 328.0447 561.6273
459 337.9043 555.2522
460 357.8181 566.2210
461 324.9014 563.4441
462 323.5458 567.4927
463 351.0879 451.6620
464 340.8720 455.9378
465 336.0308 458.5561
466 431.4581 442.4037
467 440.2548 440.0160
