# Image: /home/yaroslav/Projects/Diia.AIContest-AdAstrum/fixtures/FLUXSynID-processed/0140620c0616/0140620c0616_m_live_0_p_d1.jpg
# Mode: stream
# Status: fail
# Errors: strong_shadows_on_face: Strong shadows or uneven lighting detected (difference: 58.8); head_is_tilted: Head is tilted 22.5° (max: 10.0°); face_too_small_in_frame: Face occupies only 49.3% of frame (min: 50.0%); hair_covers_part_of_face: Possible hair occlusion detected (score: 0.196)

# 2D Landmarks (index x y)
0 323.4972 617.0257
1 320.1145 544.8630
2 319.6428 572.8576
3 297.2669 493.1573
4 318.9734 525.7882
5 316.4599 504.6900
6 310.0498 458.8511
7 172.5555 479.1082
8 306.9176 424.9144
9 305.5350 403.2978
10 299.0632 337.5646
11 324.0488 626.4951
12 324.3444 635.2476
13 323.9023 640.5285
14 325.2080 644.6104
15 325.8860 651.0776
16 326.5839 660.6346
17 327.0928 672.1915
18 327.4280 698.8322
19 320.0822 556.7937
20 300.0806 561.5236
21 94.0526 442.5675
22 227.0688 486.3909
23 208.5582 490.0894
24 190.1998 491.9739
25 164.5710 487.5751
26 242.0060 480.0452
27 199.3765 447.6936
28 218.1318 446.4876
29 181.8330 451.8940
30 169.7634 459.3126
31 148.5402 502.8312
32 247.6776 745.7822
33 165.3407 476.8254
34 84.6642 515.1030
35 124.4952 496.1621
36 217.2522 557.7385
37 298.4099 617.2275
38 304.2338 638.3036
39 273.3438 630.1857
40 258.9748 644.5297
41 286.0956 644.2583
42 272.6078 651.7810
43 234.2267 682.3245
44 302.9175 546.3010
45 298.9470 528.6772
46 138.4343 446.0841
47 252.0271 508.5418
48 251.8426 555.4386
49 249.7609 547.4772
50 159.5044 566.2259
51 298.0207 508.8521
52 182.6392 417.9748
53 157.0292 428.9419
54 113.8973 406.1936
55 266.5736 423.7276
56 235.6061 449.4738
57 218.1997 668.2636
58 98.4995 696.6986
59 267.6746 564.5938
60 285.3372 569.0559
61 244.7047 667.0700
62 253.4539 664.3327
63 145.0696 420.9363
64 251.4441 566.5551
65 218.5891 415.1054
66 213.9350 402.1001
67 191.6426 354.5870
68 129.6141 412.5421
69 204.3954 376.3690
70 125.6312 443.0128
71 109.9931 443.5955
72 301.2334 629.1095
73 280.6775 638.5463
74 266.2556 648.3954
75 273.1138 568.6195
76 249.6503 666.0512
77 257.7357 663.9730
78 254.6965 662.8951
79 279.5149 552.4867
80 276.1304 651.7347
81 289.8814 646.2467
82 306.5560 642.6487
83 301.3178 700.1527
84 303.3190 673.3578
85 304.5527 661.4375
86 305.4277 651.9063
87 306.4069 646.5488
88 274.6815 654.8853
89 272.2676 657.1014
90 268.4300 662.2844
91 264.0983 669.7026
92 238.2868 624.9168
93 77.8894 606.9896
94 319.6888 563.9557
95 265.4256 659.2887
96 262.2056 660.4369
97 293.1689 576.9583
98 259.5401 579.6480
99 289.3806 573.2246
100 232.8741 522.2418
101 203.3548 538.1490
102 246.9276 558.3857
103 144.4512 375.9455
104 159.1448 389.2414
105 174.4816 406.4419
106 251.3074 689.8615
107 259.5729 402.3421
108 250.4546 371.8793
109 241.3351 343.2213
110 174.2172 491.7855
111 126.9584 519.1995
112 251.2765 473.9339
113 147.6036 468.7049
114 265.4584 494.3715
115 265.3961 543.6899
116 104.3590 537.4311
117 142.2094 527.1089
118 168.2781 528.2373
119 205.1276 520.0265
120 231.1421 509.0066
121 250.7283 497.7377
122 291.4350 465.5569
123 108.7261 573.9372
124 130.2098 469.5982
125 309.7233 557.1638
126 254.2334 523.8039
127 76.0966 525.4338
128 265.1152 485.8534
129 245.1726 562.6127
130 158.1190 478.8796
131 263.1717 534.3503
132 83.0570 651.1563
133 250.0727 468.8108
134 280.4233 519.4567
135 147.8441 722.2954
136 144.8541 753.7806
137 83.7210 591.4356
138 122.9526 700.8057
139 97.1430 476.9474
140 239.7192 774.3346
141 311.5482 563.9156
142 238.2991 540.9300
143 106.5690 504.6866
144 192.0936 480.6603
145 208.4164 479.9414
146 252.5817 668.6225
147 112.5418 611.5955
148 281.1829 806.6105
149 207.3818 787.9813
150 177.0738 774.1612
151 302.4273 369.3742
152 332.1373 806.1468
153 223.3403 477.2682
154 237.1074 473.2043
155 245.6482 470.6794
156 115.0253 471.4595
157 234.2994 463.8689
158 218.2754 464.0222
159 203.6503 465.0758
160 188.2859 468.2362
161 177.7937 471.9324
162 81.8219 479.7576
163 180.7771 480.0255
164 320.8131 587.1209
165 253.7435 608.8197
166 267.4667 560.0383
167 292.7876 592.9868
168 307.9888 443.6178
169 176.0165 743.8233
170 205.6455 760.0519
171 281.9586 781.9639
172 120.4219 730.5636
173 245.2088 465.9008
174 280.0818 492.3095
175 332.0234 782.3024
176 241.4461 799.1584
177 89.4577 632.4660
178 289.2588 649.6392
179 286.7198 653.8992
180 284.2418 661.3168
181 281.6246 672.2336
182 273.6044 696.2655
183 261.4967 659.4332
184 255.4238 658.6986
185 248.8753 656.7849
186 225.5548 645.7676
187 143.4811 611.7950
188 278.7955 478.6460
189 266.2146 454.1726
190 253.7574 458.6305
191 264.9761 656.8892
192 137.6270 663.7077
193 283.3007 449.5610
194 260.1259 720.4644
195 314.1650 488.3439
196 293.8693 479.6424
197 312.0802 473.4998
198 267.7287 521.4447
199 330.7932 753.2390
200 328.9127 723.3265
201 294.5421 724.9309
202 208.7408 694.1421
203 231.0640 580.6220
204 231.6025 710.7978
205 188.6204 583.5332
206 215.6751 602.1182
207 171.7799 619.5152
208 286.8440 753.3946
209 255.1812 535.5009
210 186.9697 714.6695
211 216.0310 732.6023
212 192.8815 672.4541
213 116.7830 645.1116
214 163.5483 680.3162
215 100.4753 669.6731
216 201.8464 632.8209
217 267.4440 507.7707
218 272.7176 549.9141
219 258.7914 559.9816
220 281.2453 534.9602
221 250.4315 440.8274
222 219.3127 434.1013
223 193.5674 434.9583
224 171.9976 441.0694
225 156.6540 452.2021
226 143.6023 487.2190
227 81.3567 552.6329
228 160.0777 507.2213
229 179.9055 508.3589
230 205.4668 504.4414
231 229.2024 497.0964
232 247.3277 488.8168
233 259.8722 481.2381
234 77.0415 566.7483
235 259.5013 567.1078
236 281.7759 505.0354
237 287.8475 546.4802
238 299.4938 556.8450
239 287.9611 551.1702
240 265.6947 573.8582
241 303.4042 557.0863
242 304.8214 563.6947
243 257.7185 467.9319
244 269.5824 470.4610
245 276.0587 470.9305
246 170.9990 474.6984
247 159.6256 467.8982
248 330.9220 490.7734
249 437.7508 462.3530
250 337.6694 558.7322
251 497.8703 418.0221
252 386.5315 476.5961
253 405.2019 477.6837
254 422.8583 477.0685
255 445.6997 469.8121
256 371.2026 472.3122
257 408.7294 434.7284
258 390.2031 436.0162
259 426.2866 436.7013
260 438.3902 442.7333
261 462.5625 482.6315
262 407.5615 733.3689
263 443.7929 459.5415
264 517.3890 487.4492
265 483.0945 473.4232
266 409.9000 544.0365
267 347.4914 613.0087
268 343.7567 634.8745
269 372.2963 621.4568
270 386.9139 633.3352
271 361.0438 637.4856
272 373.9976 642.8709
273 412.8853 667.4179
274 336.8122 543.8900
275 338.1223 525.8534
276 467.1138 425.5449
277 368.7369 500.8913
278 381.2251 546.0503
279 381.0069 538.0513
280 463.6774 545.2150
281 334.7196 506.4304
282 424.6686 403.1210
283 449.4418 410.8089
284 478.0033 384.1848
285 345.1641 418.8910
286 373.5035 441.2959
287 426.1140 651.1376
288 522.3810 667.1444
289 366.7353 557.2412
290 350.9722 563.9883
291 401.7806 652.8922
292 392.6822 651.4529
293 458.9502 401.4486
294 381.6314 556.7882
295 390.3990 404.4297
296 393.4649 390.8658
297 403.5778 341.8038
298 468.7745 391.7119
299 397.4059 364.7483
300 477.2958 421.0893
301 487.8747 420.4946
302 346.2174 625.0404
303 366.3285 630.9602
304 380.2693 638.2497
305 361.9001 561.6830
306 396.7499 652.5694
307 389.8603 651.9122
308 390.6050 650.4019
309 356.4782 547.1209
310 369.5644 642.9408
311 356.5175 640.1130
312 340.7058 639.4462
313 352.7505 695.8983
314 350.2942 669.4957
315 348.1905 657.6910
316 345.7848 648.3902
317 343.5900 643.3891
318 372.9275 646.0367
319 375.9712 647.9129
320 380.5723 652.5330
321 385.5340 659.1056
322 402.6478 611.7304
323 527.8391 577.2911
324 381.2915 648.7846
325 385.0311 649.2858
326 345.0203 572.8690
327 374.9249 570.4378
328 347.9568 568.6520
329 388.4658 511.8506
330 418.9529 523.4552
331 384.0389 548.0594
332 448.6502 357.8412
333 440.5927 372.2039
334 431.0241 390.6189
335 398.0896 677.6518
336 350.0924 396.7039
337 353.0063 365.7090
338 355.6647 336.2621
339 437.6665 474.8041
340 484.6317 495.9142
341 361.6206 467.5420
342 459.9079 449.1819
343 354.6716 488.5699
344 368.6902 536.5777
345 506.6716 511.3349
346 472.8579 505.3828
347 449.4220 509.6595
348 413.5412 506.3598
349 387.0368 498.9847
350 366.9085 490.3000
351 328.4876 463.3093
352 507.9640 546.9460
353 475.8536 447.9324
354 330.0455 555.7851
355 370.2856 515.8067
356 519.7727 497.2638
357 351.9081 480.3748
358 384.7401 552.0606
359 450.5250 460.6444
360 368.1657 527.0225
361 529.4171 620.8927
362 361.7487 462.1736
363 351.3685 514.4077
364 491.4830 697.2614
365 493.7171 727.8139
366 528.0012 561.9740
367 509.3464 673.3701
368 501.9584 451.6786
369 417.5952 760.5021
370 327.6169 562.8028
371 387.1939 530.3244
372 499.7877 479.4805
373 420.0754 466.2842
374 404.0205 467.7445
375 395.2877 655.8514
376 509.1261 584.4370
377 381.0861 798.7066
378 444.7815 769.3727
379 469.3022 751.7281
380 388.7216 467.2179
381 374.8397 464.9680
382 366.2413 463.5049
383 488.5852 447.9803
384 376.4087 455.2880
385 391.6510 453.4663
386 406.2127 452.4088
387 421.3308 453.6221
388 431.9748 456.0483
389 510.9537 453.3149
390 430.5206 464.2693
391 386.1659 598.1734
392 367.3540 552.8359
393 348.3530 588.4610
394 469.8684 721.6292
395 445.5118 741.2762
396 380.2169 774.5251
397 509.6131 702.5192
398 366.1644 458.9358
399 343.7060 488.1238
400 416.7036 785.3119
401 527.8824 602.6065
402 359.8101 643.5048
403 363.0157 647.2755
404 366.6255 654.2756
405 370.4705 664.7746
406 378.5294 687.6327
407 384.7360 647.9619
408 391.0719 646.4203
409 397.0994 643.4664
410 417.0755 630.1033
411 483.6657 587.9333
412 340.9758 474.8755
413 345.9403 449.6309
414 357.4648 452.4678
415 380.4592 646.3130
416 494.3055 638.3960
417 331.5173 446.7486
418 392.9871 709.7073
419 330.2331 477.2478
420 359.8231 515.0479
421 361.9482 719.3053
422 436.6051 676.6111
423 400.8112 568.0061
424 417.6307 696.1757
425 440.7301 565.7799
426 419.1311 587.1690
427 460.6992 598.7756
428 372.9385 746.7752
429 372.4380 527.2400
430 458.3518 694.2149
431 434.0960 715.7065
432 448.9329 652.8677
433 509.0846 617.7414
434 474.8135 657.7572
435 523.4797 640.4284
436 435.8904 615.1732
437 356.5121 501.5931
438 362.9046 543.6393
439 375.6261 551.5549
440 354.4637 529.7320
441 359.7793 434.2044
442 389.3279 423.6155
443 414.5848 421.3276
444 435.7064 424.9485
445 450.7802 434.0913
446 464.8285 466.7890
447 525.2390 523.8297
448 453.0895 488.2053
449 434.8821 491.8127
450 410.2618 491.2946
451 386.1865 487.2407
452 367.7799 481.4232
453 355.0677 475.4450
454 523.1477 537.7242
455 374.7897 558.4606
456 345.8868 500.6793
457 349.8060 542.1567
458 338.7047 553.9466
459 349.0342 547.0472
460 369.1104 565.8589
461 335.8252 554.9363
462 333.6887 561.6157
463 354.7182 462.2767
464 344.6612 466.0367
465 340.1034 466.9770
466 438.5998 458.0778
467 448.5355 450.0365
