# Image: /home/yaroslav/Projects/Diia.AIContest-AdAstrum/fixtures/FLUXSynID-processed/00faaf123f44/00faaf123f44_m_doc.jpg
# Mode: stream
# Status: fail
# Errors: face_not_looking_straight_at_camera: Head is turned 178.9째 (max: 15.0째); head_is_tilted: Head is tilted 18.8째 (max: 10.0째); face_too_close_or_cropped: Face occupies 72.0% of frame (max: 70.0%)

# 2D Landmarks (index x y)
0 298.7775 676.9612
1 295.8593 594.3465
2 297.7758 617.7674
3 275.3864 516.6003
4 295.2577 570.4409
5 295.4035 538.6667
6 296.5498 461.9070
7 129.0060 460.7194
8 296.1165 403.1637
9 295.6479 371.9646
10 295.8360 265.9207
11 299.0678 689.1689
12 299.7020 697.9069
13 300.3057 700.9233
14 300.8132 707.4787
15 300.9614 718.4290
16 301.2505 731.8856
17 301.7291 746.1646
18 302.9491 766.7297
19 296.4045 606.0769
20 274.7675 604.1815
21 56.6747 376.4903
22 198.6316 478.7803
23 175.1982 481.4876
24 152.6562 481.2463
25 121.8023 469.0870
26 218.0194 472.2004
27 164.0085 420.6964
28 189.6876 421.6751
29 140.4884 424.7946
30 125.0538 433.5570
31 105.7517 484.5241
32 215.4704 797.2503
33 120.3478 454.8955
34 47.6773 473.9288
35 81.5792 469.0177
36 179.7886 575.2053
37 267.5560 672.7002
38 272.5200 697.2379
39 236.2789 677.9041
40 217.1456 684.6926
41 249.8726 696.5866
42 232.6028 696.7204
43 190.1238 718.1796
44 275.6455 593.9517
45 271.9270 571.3762
46 90.0294 408.3689
47 227.1988 515.8125
48 220.5806 587.2840
49 219.0610 574.9156
50 112.9272 573.1895
51 273.3407 541.6576
52 141.1025 381.9530
53 110.1303 390.6746
54 74.5630 336.0361
55 244.5647 398.8544
56 212.2085 428.8180
57 171.5308 694.4005
58 80.8454 681.2860
59 238.4510 599.4447
60 258.4951 607.2365
61 194.7473 695.4419
62 206.3564 694.8603
63 97.9247 375.5857
64 220.1917 597.2940
65 184.7609 382.7206
66 179.9864 363.9868
67 161.1193 281.0904
68 86.3063 355.4699
69 172.8142 321.7445
70 77.7589 398.3962
71 67.1679 388.9516
72 269.4302 687.1313
73 243.8231 689.3213
74 224.8291 691.0646
75 244.6301 603.8813
76 200.6116 695.4609
77 211.2074 702.7670
78 209.5982 693.7794
79 250.9181 591.8405
80 237.9194 695.0453
81 255.3906 697.5367
82 276.2097 699.6938
83 269.2207 765.6040
84 269.2804 743.7932
85 270.3784 729.0984
86 272.3677 715.4994
87 274.7420 706.4593
88 234.2233 701.2288
89 230.1692 704.5833
90 224.5494 711.1772
91 219.9744 719.4135
92 197.5735 657.9027
93 55.4293 571.1076
94 297.1444 610.5076
95 222.9133 698.7411
96 217.3158 700.0076
97 266.7762 618.1478
98 228.8235 611.4313
99 262.8166 612.9194
100 202.9906 529.6819
101 165.3505 545.9136
102 215.6582 585.0845
103 106.8754 303.3944
104 119.1047 331.9117
105 132.6318 363.5816
106 210.8288 736.6336
107 236.3239 368.5843
108 229.9626 319.7505
109 222.3062 269.9976
110 133.0272 477.5080
111 83.1500 501.2951
112 230.1037 465.6563
113 102.0439 440.3550
114 243.3890 500.4930
115 234.9353 578.6858
116 61.6114 516.9154
117 97.8046 517.2042
118 126.4623 525.1090
119 170.2349 520.5175
120 202.6365 510.0993
121 226.6518 498.6507
122 273.9206 468.7449
123 65.0582 564.2465
124 84.6056 436.6872
125 284.4460 605.2967
126 228.3662 538.6129
127 46.7741 471.6449
128 244.3499 485.6859
129 213.9539 586.2620
130 114.1230 456.2991
131 233.7663 563.6397
132 63.7196 625.0016
133 229.3932 457.0114
134 252.9485 550.2743
135 122.8375 738.4759
136 129.0592 761.8295
137 49.6564 569.0299
138 95.9649 706.8213
139 57.2619 428.3517
140 212.6992 819.5609
141 287.5579 609.6985
142 207.5511 556.0864
143 64.4838 473.5945
144 153.2242 467.4982
145 174.1166 468.5669
146 205.2240 706.8563
147 70.9419 609.1708
148 256.3456 851.4109
149 189.2115 816.2496
150 161.4919 793.4034
151 295.7303 319.2052
152 305.7077 856.0302
153 194.1651 466.4700
154 212.6765 462.0967
155 224.0727 459.3001
156 70.3801 432.1289
157 208.3809 441.8135
158 187.7914 436.1706
159 166.7668 435.3739
160 145.7708 439.6750
161 132.8372 446.2676
162 48.1463 419.1723
163 138.9053 464.4833
164 298.3101 636.6037
165 218.1078 645.3207
166 237.8663 595.8577
167 264.2749 639.1695
168 296.6926 432.1335
169 152.4904 769.4092
170 181.6684 794.0786
171 253.3288 837.6486
172 103.7961 726.8773
173 222.6894 450.7470
174 258.0104 506.6788
175 304.6662 842.0024
176 219.3577 836.8030
177 58.5865 618.3934
178 252.4978 703.9529
179 248.6105 710.4346
180 244.6252 720.7829
181 241.7645 733.9776
182 236.1646 753.5087
183 216.9340 695.3698
184 209.2192 693.1428
185 202.1426 689.2661
186 180.1847 674.4806
187 98.0082 622.0539
188 259.0249 483.1900
189 247.1203 439.8502
190 233.0038 444.2930
191 223.1368 692.6559
192 99.6952 675.8449
193 266.4597 437.1858
194 225.4249 774.1971
195 295.9083 512.4154
196 274.1933 493.9901
197 296.2143 488.1864
198 241.4527 543.4253
199 303.8319 819.3334
200 303.3162 790.9410
201 262.6398 788.8601
202 171.4323 727.3994
203 195.3612 605.4797
204 196.0489 753.7711
205 143.9801 602.9584
206 174.8160 628.7081
207 126.4574 639.3553
208 255.3508 815.7888
209 227.6159 556.4674
210 155.3081 744.8933
211 185.3359 772.0114
212 151.5313 697.7775
213 79.0769 647.5409
214 126.3832 701.5774
215 72.4998 664.2315
216 157.5132 657.3392
217 243.6357 522.4142
218 242.9470 588.5887
219 227.9149 594.5867
220 252.1115 573.7442
221 227.3594 420.1391
222 188.5130 408.2096
223 154.9734 406.7701
224 127.9157 411.2819
225 109.7859 422.0145
226 100.4259 462.5160
227 45.4431 521.1911
228 117.9470 494.1298
229 141.6884 500.3407
230 172.1810 499.3489
231 201.3230 493.1603
232 223.8007 484.7001
233 239.1229 476.5628
234 51.0989 520.8308
235 228.9244 600.5653
236 257.3198 527.7559
237 259.2394 590.0333
238 273.2538 601.0163
239 260.1058 593.2418
240 235.9979 607.5831
241 277.2207 603.5101
242 279.9810 608.0111
243 237.7630 458.3625
244 251.0380 463.4864
245 257.7851 466.9922
246 125.6194 451.1442
247 114.3304 442.8490
248 317.0960 515.5189
249 471.1701 450.0954
250 320.2139 603.0628
251 549.7647 362.7783
252 401.4989 472.3523
253 425.3253 473.7549
254 448.3773 472.3099
255 479.3213 458.2716
256 381.5811 466.9743
257 433.4737 413.2719
258 407.7973 415.4873
259 457.4365 416.2006
260 473.6729 423.8640
261 497.0628 473.5091
262 394.7424 794.2713
263 479.9787 443.8546
264 562.0580 459.9563
265 522.2233 456.9290
266 421.8665 569.1040
267 330.6539 671.4306
268 327.7570 696.2515
269 363.8633 675.8294
270 384.9333 681.9005
271 351.6785 694.9648
272 370.2295 694.5413
273 416.9138 714.3397
274 316.2816 592.8049
275 319.2742 570.1057
276 507.8842 398.3629
277 371.7103 511.8543
278 376.6544 583.6558
279 378.6480 571.0171
280 491.6724 563.2585
281 318.2094 540.5741
282 452.5852 375.0662
283 485.3674 382.1681
284 527.6909 323.2807
285 348.2815 396.4947
286 385.6813 423.7767
287 434.7018 689.6853
288 539.4837 671.4684
289 359.2326 596.5760
290 338.7182 605.4723
291 410.5455 692.0705
292 399.2143 691.9010
293 497.7167 366.7647
294 378.5300 593.8454
295 408.0225 377.7711
296 412.1968 358.8544
297 433.1956 273.2965
298 512.4629 344.4508
299 420.1022 315.3620
300 521.4234 387.6511
301 535.6385 376.5276
302 329.5908 686.0679
303 356.8956 687.4491
304 377.5152 688.5344
305 353.3429 601.4454
306 404.8257 692.1515
307 393.7905 699.7880
308 396.2620 690.7685
309 344.1733 589.3753
310 365.7709 693.0213
311 346.9996 696.0340
312 325.1965 698.7153
313 337.2225 764.3428
314 334.5953 742.4492
315 332.5252 727.8493
316 329.9437 714.4440
317 327.4071 705.4893
318 370.0366 698.6885
319 374.0903 701.9240
320 379.9433 708.4296
321 385.0559 716.4666
322 404.7453 653.6646
323 562.2279 558.4934
324 382.2315 696.0491
325 387.7275 697.2075
326 330.2723 616.8530
327 370.8606 608.5584
328 334.2021 611.3492
329 397.4311 524.4162
330 436.5542 538.5962
331 383.3675 581.2153
332 491.0014 292.4642
333 476.0747 322.8879
334 460.7941 356.4723
335 396.4408 733.2206
336 355.3658 365.9071
337 361.8322 316.2183
338 370.1740 265.7059
339 468.1887 467.3435
340 521.4007 489.2421
341 369.0387 461.0981
342 497.9996 429.8142
343 354.2076 497.3892
344 360.3071 575.5553
345 545.4962 503.8891
346 505.9856 505.8442
347 476.3473 515.4383
348 431.3983 513.1385
349 397.8736 504.5091
350 372.7203 494.4635
351 320.2472 467.4305
352 543.1032 551.8395
353 516.3892 425.3148
354 308.6582 604.6453
355 370.3885 534.9873
356 567.0774 457.4791
357 353.7711 482.5217
358 386.1559 582.3007
359 486.7442 445.3034
360 361.8343 560.5236
361 555.5222 613.5725
362 369.7850 452.3981
363 340.3366 548.0816
364 492.6577 731.7048
365 490.1031 755.8801
366 563.1294 556.0905
367 520.3736 698.3440
368 549.2181 414.8431
369 399.1459 816.8275
370 306.7237 609.1832
371 392.7408 551.4311
372 541.3208 460.5748
373 446.7348 458.2982
374 425.7092 460.6367
375 400.1799 703.5218
376 539.4390 597.9056
377 355.7632 850.0995
378 426.5568 813.0729
379 456.1970 789.3747
380 405.5399 459.7004
381 386.8188 456.2711
382 375.2773 454.2732
383 532.5620 419.8626
384 390.3520 436.1132
385 410.8212 429.3704
386 431.6564 427.3997
387 453.0278 430.3840
388 466.4198 436.0796
389 562.0686 404.9606
390 461.1428 454.4209
391 382.6769 642.0599
392 359.0904 592.8088
393 333.5094 637.7452
394 462.1153 764.4057
395 431.9754 790.5357
396 356.7370 836.0396
397 516.4944 719.2195
398 376.2116 445.8475
399 337.0272 504.5668
400 394.3349 834.4761
401 556.1306 606.6084
402 350.5799 702.0714
403 354.6687 708.3419
404 359.0878 718.4479
405 362.7612 731.5499
406 370.7139 750.9207
407 387.4830 692.6682
408 394.7366 690.0792
409 401.8120 686.0092
410 423.8655 669.6814
411 509.8532 612.1008
412 336.7972 481.0254
413 349.8627 436.9527
414 365.0596 440.2737
415 381.8490 690.2071
416 512.2627 666.9049
417 328.3217 435.5534
418 383.2440 771.4884
419 319.2054 492.6886
420 354.9758 540.5808
421 344.7641 787.4380
422 437.3628 722.5324
423 406.2236 600.5531
424 413.0582 750.0471
425 459.7789 595.0447
426 428.2151 622.7729
427 479.8629 631.0244
428 353.0101 814.1660
429 370.6591 552.9894
430 456.1523 739.4283
431 425.8526 768.0764
432 456.1538 691.6091
433 533.1848 637.2110
434 484.1457 694.1859
435 543.8046 653.8460
436 447.4746 650.9784
437 353.3093 519.5396
438 352.0091 585.6696
439 369.2201 591.1591
440 340.8163 571.4917
441 368.8033 416.4736
442 407.1183 402.6160
443 440.6667 399.4489
444 468.7894 402.5351
445 488.2753 412.2028
446 501.7349 451.2555
447 565.7787 507.5508
448 484.5798 483.5667
449 460.3591 491.0560
450 428.9951 491.8081
451 399.0103 487.1240
452 375.9204 480.0042
453 359.8227 472.7805
454 564.7720 507.3848
455 369.0757 597.3685
456 336.8051 525.7057
457 333.9332 588.0451
458 320.8722 599.7777
459 334.0544 591.2510
460 362.8362 605.0393
461 316.2900 602.4313
462 314.7681 607.2235
463 360.9778 454.3533
464 346.9200 460.4917
465 339.1639 464.7310
466 474.1555 440.3493
467 485.3547 432.2639
