# Image: /home/yaroslav/Projects/Diia.AIContest-AdAstrum/fixtures/FLUXSynID-processed/00faaf123f44/00faaf123f44_m_live_0_e_d1.jpg
# Mode: stream
# Status: fail
# Errors: image_blurry_or_out_of_focus: Image is blurry (sharpness score: 18.36); strong_shadows_on_face: Strong shadows or uneven lighting detected (difference: 71.9); face_not_looking_straight_at_camera: Head is turned 168.8째 (max: 15.0째); head_is_tilted: Head is tilted 19.3째 (max: 10.0째)

# 2D Landmarks (index x y)
0 247.7224 677.3901
1 249.2072 594.2775
2 253.8415 619.7567
3 247.4856 515.9284
4 252.0738 570.4748
5 259.7113 540.1876
6 282.3532 467.6725
7 134.4741 436.8210
8 295.8757 407.1724
9 300.9306 375.0988
10 323.7098 266.6836
11 246.8144 689.3098
12 247.3583 697.7443
13 249.0837 700.6814
14 246.7791 718.2354
15 244.4494 728.6108
16 242.3297 741.1125
17 240.9159 755.0173
18 241.2472 773.4057
19 249.5712 606.5241
20 231.4571 601.2463
21 95.6254 341.3147
22 195.4492 469.2083
23 172.6467 467.1901
24 151.6802 461.7773
25 127.6546 443.2233
26 214.7550 466.1445
27 171.9297 402.8372
28 196.4805 409.2542
29 149.0963 401.7943
30 133.9980 407.4820
31 110.6909 455.3534
32 158.3587 782.1630
33 128.5787 429.4525
34 73.1147 436.5973
35 94.8566 435.4780
36 154.9141 556.2031
37 217.4695 667.5930
38 220.6572 692.0618
39 187.8586 666.2911
40 170.8283 669.6504
41 199.6950 687.2057
42 184.6625 684.5567
43 145.3552 699.5592
44 230.2522 589.8471
45 230.0597 567.0156
46 107.4814 374.6703
47 210.8616 507.8844
48 183.7871 573.5310
49 186.0704 561.4898
50 95.5868 541.8930
51 238.3250 538.9760
52 153.9588 357.0515
53 125.9865 359.9817
54 113.4893 302.5952
55 246.5580 393.8478
56 217.0561 421.1042
57 131.7134 671.8197
58 78.5545 646.9175
59 199.1031 589.0766
60 217.4630 601.6114
61 151.4922 677.7127
62 162.9166 680.3657
63 118.8154 342.6515
64 183.4188 583.6024
65 192.7238 366.4151
66 191.4991 346.1445
67 193.7719 259.3720
68 115.8821 322.2740
69 194.5162 302.1164
70 100.1200 362.9387
71 97.3791 353.6826
72 217.7943 681.7152
73 193.9015 678.7952
74 177.3627 677.2691
75 204.8341 595.0171
76 156.8592 679.2132
77 164.6949 690.7364
78 166.9766 680.3152
79 209.4031 583.4288
80 191.2365 684.1162
81 206.3276 689.0521
82 225.3533 695.0438
83 208.6274 765.3459
84 209.5194 745.5732
85 212.4794 731.9944
86 216.7616 719.7013
87 221.2625 711.7167
88 185.9366 696.2351
89 181.2409 698.2247
90 174.3942 703.0202
91 169.0287 709.5377
92 157.1241 640.1695
93 74.7905 535.2916
94 251.7303 611.8371
95 177.4366 690.1418
96 171.0865 689.8365
97 223.7947 614.1819
98 190.6257 599.6143
99 220.7304 608.2617
100 186.0365 516.6882
101 147.9319 525.1273
102 182.5645 571.0462
103 143.7788 274.0756
104 146.1823 303.4271
105 149.7133 336.6384
106 160.6855 722.3682
107 243.3015 361.2894
108 247.6559 309.9731
109 251.7989 257.9095
110 135.3234 453.9065
111 88.2965 467.6425
112 227.3896 461.8818
113 114.3746 410.0350
114 228.4417 495.9843
115 196.7203 567.3533
116 69.0146 479.3777
117 95.6093 485.3075
118 118.0814 497.8809
119 158.9501 501.9879
120 191.1777 498.3677
121 215.5892 491.8012
122 260.4638 470.3149
123 61.2737 525.7342
124 100.8813 403.1026
125 238.3150 603.4585
126 205.6796 529.5597
127 80.6161 435.6703
128 234.0354 482.4053
129 182.8140 572.3275
130 122.8838 428.8357
131 200.1082 552.9862
132 73.4696 588.8469
133 229.2843 453.5652
134 219.0314 543.6735
135 93.1471 707.7130
136 101.5988 732.7976
137 57.9754 529.9290
138 75.7490 672.7474
139 85.6746 392.4719
140 154.6939 802.7500
141 242.4495 609.1930
142 183.9743 542.6234
143 81.4852 437.5821
144 154.0023 449.0470
145 173.4674 454.8097
146 158.7565 692.8917
147 59.7003 571.1129
148 190.1276 842.3980
149 139.8877 795.3988
150 122.1831 768.4521
151 311.6932 321.0725
152 234.3259 857.2244
153 193.2310 456.6154
154 211.9865 455.6569
155 223.6375 454.9513
156 91.4027 396.5964
157 212.6901 435.4961
158 194.2759 426.4894
159 174.0040 421.4600
160 153.5144 420.9691
161 140.6277 424.0756
162 85.3301 383.2068
163 141.9163 442.7303
164 252.7848 638.6473
165 176.3626 631.2461
166 198.1120 585.2610
167 219.3180 634.5231
168 290.7758 437.5345
169 113.4185 742.6880
170 133.8813 771.8833
171 186.8150 828.6523
172 88.1203 695.3087
173 224.2723 446.3666
174 237.0022 503.8184
175 233.0226 843.4383
176 160.6106 820.8955
177 58.3295 579.9425
178 201.0961 703.8313
179 195.7757 709.0911
180 190.0333 717.7814
181 185.5055 729.4191
182 180.1789 745.4238
183 171.4616 681.3225
184 163.9723 677.1200
185 157.9003 671.8832
186 140.3764 653.4625
187 76.8851 587.8116
188 245.1118 481.7846
189 246.0874 437.9269
190 234.0024 440.4651
191 178.8781 680.0439
192 75.9133 641.7953
193 262.0579 437.6052
194 169.4778 762.1828
195 267.5157 515.6651
196 253.0508 494.4824
197 274.5825 492.9258
198 213.6610 535.7688
199 234.4929 821.8789
200 238.1189 795.5953
201 200.2030 785.1368
202 129.4494 704.6086
203 163.8289 587.9772
204 147.4618 735.4265
205 117.6434 576.7852
206 142.0530 607.4265
207 98.1617 609.5351
208 190.2637 808.8054
209 199.8274 546.0190
210 115.2068 718.7299
211 137.4509 750.8851
212 114.8857 671.6786
213 63.2788 610.6540
214 94.3087 671.2047
215 63.5985 627.4535
216 123.4444 632.5854
217 221.9210 516.5589
218 202.1532 578.4095
219 189.0587 581.9367
220 212.1756 565.6935
221 230.1832 413.7804
222 194.8843 394.1386
223 163.7684 385.8384
224 138.6265 384.8050
225 122.0576 392.5221
226 111.1264 432.4190
227 62.9136 482.6008
228 118.4577 466.8982
229 137.9607 477.4260
230 166.1810 482.9219
231 194.5500 482.6260
232 217.1139 478.5417
233 232.7226 473.2629
234 78.8461 485.2906
235 190.3452 588.3089
236 229.5721 523.4892
237 216.0473 583.0323
238 229.3668 597.2142
239 217.3250 586.4832
240 196.7784 597.0615
241 232.0151 600.4605
242 235.7123 606.0872
243 236.2083 455.8351
244 245.9632 462.3860
245 249.6132 466.4960
246 133.5701 426.9090
247 124.0486 414.8791
248 288.7024 523.0294
249 472.1242 494.6730
250 277.2684 609.4888
251 586.8771 420.4259
252 395.5197 502.7123
253 419.8788 508.8844
254 444.3523 511.5204
255 480.6711 503.7679
256 375.9386 493.1305
257 439.6080 447.0705
258 412.5068 444.4788
259 464.3007 454.7756
260 480.1872 466.0414
261 497.3887 521.2354
262 331.2579 817.2843
263 482.8791 490.2651
264 578.8753 521.5855
265 528.9266 509.1363
266 397.3154 598.2486
267 282.7084 678.9119
268 278.3924 702.1935
269 319.7772 690.1129
270 344.5816 700.3303
271 306.0058 706.1503
272 328.5246 709.6658
273 374.4876 741.1053
274 270.3377 596.9133
275 276.7973 575.0391
276 522.3505 444.9227
277 355.4911 532.5270
278 342.1040 601.4934
279 347.4803 589.9150
280 474.4445 607.3319
281 282.7148 546.6572
282 465.4803 408.3046
283 499.7365 422.7179
284 566.3846 374.0894
285 351.6210 410.8365
286 388.2625 448.8522
287 397.7534 719.1691
288 522.7910 730.2011
289 322.3909 611.0340
290 298.8013 616.0423
291 375.5127 716.7243
292 364.0896 714.9078
293 517.2401 409.0589
294 343.9961 612.1664
295 417.5737 402.6948
296 424.7286 383.3935
297 466.7246 301.1994
298 541.0138 391.1601
299 442.3939 340.8680
300 540.8093 436.8511
301 563.1487 430.1831
302 280.4558 692.8759
303 311.6729 699.9774
304 336.0818 705.1799
305 315.8203 614.8708
306 369.7453 715.7904
307 354.2181 723.8716
308 361.0043 713.7147
309 304.6638 600.4718
310 325.2180 706.9966
311 302.3919 705.8275
312 277.0478 703.8439
313 277.4974 778.2108
314 276.6776 757.9864
315 276.5492 743.7990
316 276.3631 730.6828
317 276.0481 721.7029
318 327.0383 720.9521
319 330.2071 724.5167
320 335.0161 731.6664
321 338.9184 740.1579
322 366.9948 677.2354
323 569.6199 622.1793
324 342.6423 718.8804
325 348.2178 720.6439
326 288.1398 625.6527
327 335.1909 625.3800
328 293.0297 620.9499
329 380.6528 549.9149
330 418.9419 571.5050
331 352.1082 600.8877
332 528.4287 333.7487
333 503.3154 360.4178
334 477.8961 390.3234
335 347.5938 757.1778
336 363.7758 380.2126
337 380.1963 330.6679
338 400.4080 280.5630
339 466.6441 510.5383
340 521.2114 541.2772
341 363.7406 484.8158
342 506.1037 476.9148
343 338.9587 514.8154
344 323.7045 589.8371
345 546.5235 561.1118
346 500.2115 554.1760
347 465.8376 556.9824
348 418.6343 546.2002
349 385.4991 531.2839
350 361.0333 516.3994
351 306.0026 477.9275
352 535.5669 608.2354
353 527.6996 475.3829
354 262.3111 607.6367
355 348.8877 554.1521
356 592.7572 520.9263
357 342.8018 500.6925
358 356.8200 602.8348
359 491.2775 491.9493
360 329.7571 575.7245
361 551.7682 675.7492
362 366.3499 476.8498
363 306.4083 558.9463
364 451.3187 777.7876
365 448.2474 802.6822
366 562.6707 618.7343
367 489.5711 751.5265
368 572.4628 472.7694
369 332.1298 840.1341
370 261.7193 612.4869
371 370.0800 574.7170
372 550.7347 516.8001
373 444.3558 498.3225
374 422.0677 496.4553
375 360.3364 728.3523
376 525.2295 653.9297
377 283.7807 862.5354
378 365.4757 843.5919
379 402.9853 827.4663
380 401.4994 491.3423
381 383.1199 484.1528
382 371.6208 479.8408
383 548.2995 473.1327
384 390.5923 465.5721
385 413.2459 463.4534
386 434.3770 465.9710
387 455.4941 472.8267
388 468.7484 480.4830
389 594.8942 466.4315
390 460.4166 497.1288
391 343.1795 660.9593
392 321.8604 607.2995
393 289.7475 647.0551
394 410.6903 803.0732
395 372.7375 821.8084
396 284.5919 849.2880
397 486.7035 772.6833
398 373.9588 472.0031
399 315.6482 517.3116
400 326.2589 856.5029
401 546.8057 668.1320
402 302.9970 722.1096
403 305.8597 728.8543
404 308.3428 739.2236
405 310.0169 752.1517
406 315.9676 770.9298
407 350.3730 712.0747
408 357.8666 710.7771
409 365.3519 708.0041
410 387.5005 696.9840
411 488.4864 660.6991
412 322.1995 494.8819
413 347.9966 454.7939
414 363.7253 462.1149
415 345.1568 708.4791
416 483.7602 716.8345
417 323.7133 447.7928
418 324.9375 792.8991
419 297.4044 502.0282
420 328.4045 555.6249
421 281.0292 801.2087
422 391.9947 753.9723
423 375.1929 625.1500
424 360.9222 776.8514
425 433.5902 632.0659
426 395.6547 652.1170
427 450.8511 672.2643
428 283.9114 827.7818
429 344.6619 571.1840
430 407.8880 775.7637
431 370.0279 797.8437
432 417.5466 726.7269
433 512.6986 692.3641
434 446.8538 737.0047
435 524.6608 712.7483
436 413.6309 683.8096
437 331.9471 535.5568
438 312.8937 598.1228
439 332.6628 607.4815
440 301.1020 581.3204
441 371.0765 437.1428
442 413.4097 430.0054
443 448.7049 432.9132
444 477.9311 441.8548
445 497.7121 456.2059
446 507.0987 499.9544
447 573.6820 570.4888
448 481.4330 528.7986
449 453.7942 531.0682
450 420.4642 525.9477
451 390.3645 515.6249
452 367.6472 503.8996
453 352.1086 493.2309
454 581.9844 571.2641
455 332.9864 613.7941
456 309.1296 537.1490
457 290.7134 596.2734
458 277.0336 605.8241
459 292.1768 599.9133
460 326.1325 620.2352
461 270.9275 607.3385
462 270.5461 612.2496
463 356.5865 476.1307
464 340.7350 478.1189
465 330.4476 479.8562
466 476.5533 485.7993
467 491.6533 477.4934
