# Image: /home/yaroslav/Projects/Diia.AIContest-AdAstrum/fixtures/FLUXSynID-processed/00194c971ca4/00194c971ca4_m_live_0_e_d1.jpg
# Mode: stream
# Status: fail
# Errors: image_blurry_or_out_of_focus: Image is blurry (sharpness score: 67.27); strong_shadows_on_face: Strong shadows or uneven lighting detected (difference: 72.4); face_not_looking_straight_at_camera: Head is turned 165.7째 (max: 15.0째); head_is_tilted: Head is tilted 18.3째 (max: 10.0째); face_too_small_in_frame: Face occupies only 45.9% of frame (min: 50.0%); hair_covers_part_of_face: Possible hair occlusion detected (score: 0.154)

# 2D Landmarks (index x y)
0 265.6870 640.7003
1 275.5578 563.3062
2 276.2110 584.1338
3 278.5318 491.2473
4 279.2914 542.8246
5 287.1238 515.2133
6 309.2613 446.1161
7 191.6006 405.9635
8 324.0970 389.0237
9 330.2184 360.5430
10 353.6572 268.8347
11 263.9091 651.4455
12 263.5919 658.1041
13 264.6571 659.7761
14 263.7031 663.3759
15 261.3764 672.3016
16 259.3101 682.9326
17 257.6352 693.9965
18 257.7513 706.3774
19 274.7881 573.0272
20 259.6645 566.3458
21 159.0601 314.8463
22 240.0239 438.4779
23 221.4765 435.8999
24 204.2920 430.5657
25 185.6785 411.5316
26 255.9029 436.6635
27 223.9338 377.9006
28 243.5845 384.5782
29 205.3482 376.3367
30 192.8620 380.7699
31 169.9926 422.6223
32 190.6577 710.9674
33 186.8772 398.3495
34 134.9096 398.5490
35 156.7447 402.3722
36 201.3844 520.7863
37 242.9674 630.8295
38 243.4318 652.1475
39 219.6713 628.1363
40 205.2494 629.3942
41 227.0394 646.7018
42 214.4420 642.4999
43 180.6338 647.9486
44 260.2869 558.6613
45 261.4373 538.9989
46 171.6999 349.6962
47 249.4340 477.2653
48 222.8300 540.3746
49 225.3854 529.0266
50 154.6627 504.5423
51 269.8242 513.2345
52 210.3637 336.4561
53 187.8753 337.8269
54 177.2487 283.6880
55 284.2051 373.9459
56 259.6087 396.1279
57 171.0454 625.5427
58 125.5767 582.2644
59 233.8042 554.2731
60 247.6250 565.9809
61 187.0737 632.8234
62 195.1517 634.9169
63 182.0849 321.6744
64 221.5608 549.0098
65 241.2856 346.3685
66 241.2189 328.7953
67 248.2551 254.8798
68 178.9786 302.8238
69 245.9621 292.6243
70 165.2864 338.0435
71 161.4987 328.0947
72 242.1668 643.5689
73 223.3730 639.5559
74 209.6455 636.4252
75 237.9059 559.6854
76 191.0749 634.1919
77 197.2285 641.5627
78 197.8141 634.3754
79 243.6104 550.3329
80 219.3504 641.9149
81 232.0028 647.9314
82 246.9423 654.0992
83 232.2212 700.0436
84 233.0612 685.8739
85 236.0642 674.7627
86 239.9359 664.4894
87 243.7710 657.4771
88 214.2504 644.8679
89 210.6804 646.5884
90 205.3431 650.6143
91 200.8649 655.7318
92 196.7820 599.6870
93 128.5214 481.9769
94 275.6697 576.9518
95 206.6684 640.5538
96 202.1035 640.6702
97 252.0721 578.0877
98 226.1602 563.4543
99 249.8717 572.3082
100 229.2618 484.6039
101 198.1160 491.7854
102 221.8894 537.1242
103 205.0485 262.4466
104 205.6006 289.3128
105 207.3917 318.1398
106 193.6538 665.5951
107 283.3853 345.3143
108 289.6419 303.5753
109 296.2560 257.8647
110 191.3248 422.2777
111 149.8673 433.1238
112 266.2182 433.5946
113 176.0700 381.2957
114 264.0337 467.5553
115 234.1384 535.9504
116 132.0046 441.3092
117 155.8844 451.2783
118 174.5147 464.9879
119 208.1687 469.6263
120 234.4714 466.6480
121 254.2593 461.5051
122 291.6230 447.2471
123 124.6424 483.9629
124 164.0261 373.6932
125 265.8067 569.9172
126 243.7970 498.1225
127 139.3376 394.1124
128 269.7144 454.2827
129 222.1096 537.4639
130 182.6881 397.8589
131 237.7054 522.4576
132 124.0552 529.9750
133 267.8026 425.9014
134 253.7166 515.8070
135 138.2202 643.2307
136 142.7182 661.9288
137 117.8298 481.9746
138 125.4909 610.5639
139 148.7080 360.6114
140 186.8384 726.3978
141 268.4550 574.1886
142 225.6991 509.2444
143 144.1891 402.4913
144 207.3071 418.9163
145 223.0534 424.8906
146 192.4878 643.3988
147 121.2417 523.8341
148 214.4739 758.8017
149 174.1457 718.0136
150 159.4195 694.3863
151 341.4232 316.3353
152 249.5681 771.7991
153 239.1549 427.1014
154 254.4664 426.8843
155 263.6042 426.7751
156 155.4123 366.4345
157 255.2614 407.6415
158 240.3595 397.9459
159 223.7185 392.6571
160 206.9234 391.6975
161 196.4380 394.2026
162 147.1909 349.5162
163 197.5517 412.2188
164 273.5013 602.2985
165 212.9524 592.5382
166 233.6610 551.0582
167 247.0674 597.8442
168 317.9025 417.3079
169 153.5401 674.7080
170 169.8139 700.1487
171 212.1791 749.3935
172 132.0959 626.8723
173 264.1136 418.9214
174 270.5506 477.5287
175 249.2444 761.7565
176 191.1031 740.1859
177 115.3900 526.3121
178 227.1748 650.9310
179 222.8994 655.3854
180 218.1245 662.6225
181 214.2017 672.0374
182 209.6678 683.7860
183 202.9098 637.7713
184 197.7046 634.3139
185 193.4825 629.5416
186 181.0885 610.8653
187 136.1406 542.5636
188 278.3979 456.3054
189 282.1838 413.6738
190 272.2482 414.7795
191 208.4474 636.5381
192 130.0099 587.4254
193 294.9837 415.4110
194 200.4682 696.3322
195 294.6176 491.7898
196 284.0664 470.4447
197 301.6228 470.0718
198 249.8849 505.9938
199 251.1888 744.9924
200 254.8565 723.9132
201 224.8692 715.5397
202 167.4804 649.2903
203 205.1596 550.6543
204 182.1224 674.4423
205 170.2204 537.6245
206 186.5067 567.3023
207 151.4380 565.0835
208 215.8358 734.2947
209 237.8812 513.9153
210 155.9897 657.4444
211 173.5338 684.6796
212 157.7681 621.7305
213 121.3028 558.1466
214 142.2156 616.3864
215 117.1489 568.6927
216 169.0140 589.5289
217 257.6005 487.5533
218 237.9407 545.8899
219 226.6025 548.0719
220 246.8587 536.0409
221 270.3065 390.7145
222 242.4215 371.5623
223 217.7763 363.1856
224 197.5485 361.2644
225 183.9417 366.9571
226 171.6106 400.5556
227 123.9701 439.5126
228 176.4175 434.2590
229 191.8626 445.3916
230 215.0784 450.9690
231 238.2709 451.2586
232 256.7171 448.4830
233 269.5638 444.8306
234 134.7673 437.6011
235 226.8765 553.5280
236 263.5411 496.5622
237 249.0944 551.3456
238 258.6755 563.4685
239 249.8706 553.6750
240 231.3601 561.4202
241 260.8516 566.9230
242 263.0409 571.0255
243 273.2372 428.8244
244 280.7984 436.0568
245 283.3493 440.9621
246 190.7573 396.3844
247 184.5190 386.1388
248 311.0326 498.5798
249 454.0753 466.3598
250 295.9618 574.6617
251 549.5722 399.5494
252 392.3544 473.3881
253 411.6157 479.3039
254 430.8976 482.2017
255 459.6654 474.4193
256 377.2303 464.6963
257 432.8345 425.2402
258 411.4083 422.4109
259 451.3274 432.3679
260 462.6702 442.2284
261 472.3901 491.0734
262 326.6341 744.4733
263 463.0923 461.9256
264 537.6451 487.8022
265 498.8164 479.2127
266 388.2257 563.2743
267 292.1933 641.8009
268 286.4409 661.6400
269 319.0075 650.8588
270 337.0210 658.9624
271 307.0787 664.5800
272 324.0983 666.7583
273 361.3419 688.7251
274 292.1401 565.8062
275 298.8465 547.3052
276 498.7692 423.5774
277 360.9923 502.5906
278 346.5558 568.8802
279 351.4593 557.8930
280 447.5369 571.2852
281 305.1023 521.2066
282 459.0271 391.9911
283 483.6369 404.5434
284 537.3918 361.1224
285 368.8527 392.7659
286 391.3673 425.8173
287 379.8078 672.5252
288 481.3151 666.0565
289 330.2997 576.6844
290 311.7772 580.7580
291 360.8714 670.8670
292 352.4337 668.9131
293 498.4916 392.5404
294 346.7459 577.9750
295 422.2851 386.5997
296 429.6200 370.1590
297 464.7566 300.8950
298 517.8271 376.8676
299 444.7796 335.2466
300 513.8218 415.9671
301 531.3798 409.4343
302 289.0238 654.0352
303 311.6951 659.6786
304 329.9816 663.2329
305 324.7635 579.9081
306 356.3198 670.0167
307 345.0849 673.8412
308 350.2454 667.4059
309 317.5911 567.3885
310 321.5911 664.0335
311 304.1986 663.7913
312 284.9921 662.4344
313 285.3088 712.2268
314 284.9939 697.7072
315 285.4990 685.8531
316 285.9626 674.7928
317 286.1636 666.8170
318 325.2639 668.9398
319 327.4543 672.1509
320 330.6614 678.3050
321 333.2920 685.4326
322 357.1431 636.1479
323 523.1291 571.4263
324 336.8548 668.7825
325 340.6899 670.8636
326 302.4728 589.6791
327 338.2740 589.3611
328 306.8769 585.2629
329 378.7339 518.4810
330 406.8045 539.0243
331 353.6979 567.3956
332 511.0909 327.6987
333 491.2820 351.3668
334 470.4068 376.4868
335 339.7253 699.2203
336 380.9245 366.5942
337 395.7253 326.4898
338 413.6874 282.8947
339 448.4278 481.0886
340 490.3341 509.6272
341 368.2253 457.2613
342 482.3739 451.0089
343 349.5450 487.0230
344 333.6646 558.8087
345 509.2803 526.3676
346 472.4660 522.7214
347 444.9518 525.9422
348 408.4852 514.9963
349 383.6283 500.5357
350 365.8903 486.9062
351 326.9640 455.2680
352 496.7915 568.8589
353 500.4078 449.4538
354 284.7644 574.2063
355 354.1631 523.1816
356 547.4542 484.0386
357 352.7103 473.2512
358 356.6085 568.3155
359 468.8408 463.5251
360 339.1349 545.7213
361 506.6959 618.5065
362 370.9080 449.9733
363 322.6536 531.4370
364 422.1996 711.8610
365 418.6552 729.3911
366 518.5021 573.4060
367 453.4582 688.8227
368 535.6405 445.6647
369 326.9972 761.4966
370 283.5829 577.6315
371 368.8292 541.7544
372 515.9234 485.5376
373 431.6563 470.2435
374 413.9330 468.4547
375 349.4973 677.8716
376 485.3332 607.9211
377 288.2153 777.3455
378 352.2130 763.0449
379 382.0701 750.1170
380 397.6974 463.4829
381 383.2956 456.4744
382 374.5780 452.5335
383 516.8651 446.9839
384 391.9354 439.2034
385 410.8819 437.1875
386 428.2119 439.9219
387 444.3507 446.5618
388 453.7424 453.5207
389 552.6320 438.0205
390 444.6088 468.9432
391 340.7279 621.9146
392 330.3589 573.4085
393 301.0878 610.1658
394 389.6438 732.9259
395 359.2592 747.3914
396 289.5404 768.7421
397 450.6280 703.2497
398 377.5757 445.4576
399 331.9270 491.4539
400 321.4337 773.2731
401 503.0161 616.1182
402 306.9889 668.3460
403 308.7940 674.3348
404 310.1458 683.1922
405 310.8688 693.7174
406 314.9926 708.0144
407 340.8450 667.6774
408 346.6970 666.8989
409 352.7370 664.5761
410 371.6673 653.7836
411 455.1197 616.1462
412 338.1423 469.8740
413 359.5252 431.4509
414 370.5992 437.4361
415 336.9488 664.4204
416 449.1043 662.4327
417 342.5108 426.2028
418 321.5772 725.5130
419 319.1018 478.3499
420 338.8835 526.2313
421 287.6479 730.7033
422 375.7703 698.1034
423 369.2745 588.2154
424 350.5381 714.5948
425 413.9414 593.4431
426 382.4975 612.1362
427 425.1080 628.1891
428 289.5764 752.3056
429 349.9510 539.4984
430 388.2022 713.2867
431 357.6966 729.7133
432 396.5172 676.8264
433 473.2553 640.2587
434 419.6203 681.7616
435 483.3893 654.6532
436 393.9429 640.8984
437 342.8857 506.9464
438 324.4835 565.9031
439 338.7483 574.1126
440 317.2650 551.9892
441 379.7591 415.7807
442 414.4331 410.3907
443 441.9634 413.7954
444 463.8381 421.6612
445 477.5239 433.6476
446 481.5561 470.9424
447 530.5763 530.8512
448 458.9676 498.3316
449 437.2148 500.8964
450 411.0679 495.4689
451 387.8881 485.3521
452 370.9591 474.7228
453 359.4104 465.5062
454 535.7019 527.0299
455 338.2578 579.4273
456 325.7867 510.6164
457 307.9481 564.7752
458 296.1613 571.9708
459 308.3357 567.1292
460 331.9283 584.9688
461 291.4123 573.6956
462 290.4715 577.2827
463 363.4796 449.8640
464 351.6294 452.3734
465 344.4649 454.8814
466 459.0231 458.2524
467 470.3502 451.4332
