# Image: /home/yaroslav/Projects/Diia.AIContest-AdAstrum/fixtures/FLUXSynID-processed/00194c971ca4/00194c971ca4_m_live_0_p_d1.jpg
# Mode: stream
# Status: fail
# Errors: face_not_looking_straight_at_camera: Head is turned 167.0째 (max: 15.0째); head_is_tilted: Head is tilted 15.8째 (max: 10.0째); hair_covers_part_of_face: Possible hair occlusion detected (score: 0.262)

# 2D Landmarks (index x y)
0 266.2646 663.8035
1 277.5331 576.8506
2 277.2969 601.5127
3 277.0552 499.9381
4 281.3899 554.3119
5 288.8152 524.8938
6 309.3882 453.3189
7 173.1843 419.2767
8 323.6139 393.9008
9 329.7315 363.7070
10 349.8242 273.6674
11 264.2255 675.8877
12 263.4790 684.5515
13 263.9599 687.4622
14 261.7739 697.4693
15 259.2992 708.2546
16 256.9087 720.6984
17 254.9403 733.4131
18 254.5029 745.7380
19 276.4315 588.0991
20 257.2072 581.7694
21 136.3787 329.6577
22 226.9377 450.9037
23 206.6425 448.7338
24 187.8668 443.7048
25 166.7612 425.7850
26 244.6863 448.4171
27 208.7646 388.3440
28 230.7083 394.3934
29 188.0254 387.3482
30 173.9397 392.5032
31 150.4974 437.5657
32 177.1923 746.3213
33 167.8526 412.1138
34 111.5976 416.1902
35 135.3413 417.1734
36 188.5417 537.3453
37 239.0203 652.8205
38 239.6582 678.2562
39 210.6054 651.9493
40 193.3982 655.6739
41 219.6601 673.3685
42 204.6682 670.5715
43 164.2240 679.5683
44 259.5263 571.7822
45 260.2443 550.1070
46 150.9456 360.9622
47 240.2993 490.5819
48 212.0387 554.8960
49 214.1378 543.2148
50 137.6385 522.1828
51 268.5178 522.8655
52 194.6133 343.9944
53 168.9465 347.4601
54 155.2709 295.1811
55 278.8066 378.2349
56 248.9410 405.7127
57 154.0594 654.3762
58 103.8789 610.9833
59 225.1793 569.9800
60 241.6283 582.3461
61 171.4178 663.9386
62 181.2111 665.7634
63 162.4248 331.4210
64 209.9368 565.2544
65 229.9204 351.4936
66 229.4697 333.1124
67 232.8765 260.5136
68 158.4293 313.0688
69 232.7733 297.2500
70 143.9808 349.6608
71 139.5461 341.1336
72 238.2388 667.5500
73 215.2715 664.8854
74 198.7889 663.4478
75 229.8670 576.0886
76 176.0827 665.3825
77 182.9755 673.8724
78 184.6838 664.8686
79 238.1007 563.9313
80 210.3128 670.2769
81 225.1535 675.5745
82 243.2122 681.3587
83 224.3976 738.2808
84 225.1432 723.9998
85 228.9034 711.3374
86 233.8162 699.0503
87 238.3009 690.6343
88 203.5488 676.8321
89 199.0622 679.2028
90 192.1548 684.0756
91 186.5445 689.7498
92 183.9799 622.6104
93 105.4506 506.5813
94 277.0620 593.0118
95 194.9019 672.0072
96 189.0511 672.6195
97 247.4431 595.2775
98 215.4890 581.4386
99 244.5642 589.0969
100 217.4605 499.1055
101 184.1049 507.2984
102 209.7934 552.7777
103 185.2975 270.7736
104 187.4746 296.8749
105 190.9077 325.2392
106 179.6090 698.8533
107 277.5072 348.0560
108 281.6679 307.2572
109 286.0564 262.4358
110 173.4167 436.0358
111 129.3134 448.7807
112 256.3900 444.6427
113 155.6198 394.1519
114 257.0967 479.1767
115 226.3626 548.5935
116 110.3336 458.4636
117 136.4859 466.8904
118 157.1198 480.1460
119 193.6879 484.3364
120 222.3218 480.6126
121 244.6501 474.4181
122 288.8914 454.9813
123 103.6931 503.0902
124 142.7459 386.6390
125 265.8001 584.7810
126 234.6793 511.8102
127 115.8675 414.7253
128 262.3847 465.8166
129 209.5816 554.0698
130 162.7262 411.7536
131 229.2136 534.7652
132 101.3980 556.2648
133 258.2188 436.5529
134 249.0632 526.4641
135 119.4026 673.1442
136 123.3469 694.1967
137 95.2463 503.4315
138 106.1032 638.7899
139 126.0426 375.9293
140 172.2265 762.9308
141 268.2416 590.1327
142 214.1557 524.6591
143 121.8853 418.1278
144 190.7683 431.1342
145 208.0304 436.7418
146 177.1506 675.8252
147 101.1322 545.4711
148 203.7419 799.0618
149 156.4209 754.4707
150 140.4677 728.7403
151 339.0379 320.6964
152 244.7966 813.4796
153 225.6630 438.8576
154 242.5258 438.2685
155 252.9538 437.7752
156 133.4246 380.0282
157 243.7569 419.2865
158 227.1043 410.6225
159 209.1169 405.7737
160 190.6373 405.0878
161 178.9011 407.6217
162 124.0120 367.0903
163 180.0064 425.0232
164 274.3858 621.5226
165 201.6150 613.5392
166 225.3430 565.9728
167 242.3887 617.0527
168 317.2492 424.0391
169 134.7422 706.8315
170 152.5771 734.3400
171 202.1997 788.0853
172 111.8196 657.5752
173 253.8739 429.7498
174 266.1127 487.3172
175 245.2786 801.9353
176 176.0628 778.6461
177 93.6561 550.0763
178 218.8759 683.4652
179 213.5611 689.0023
180 207.4344 697.6270
181 202.3460 708.1737
182 197.7831 719.3815
183 190.9823 667.2543
184 184.6130 663.5691
185 179.5490 658.1990
186 166.4075 636.7849
187 118.6554 563.7287
188 273.5784 465.7613
189 275.2802 422.4818
190 263.5549 424.5537
191 197.5460 665.8271
192 111.7771 612.9617
193 290.8794 422.7115
194 188.1055 731.1319
195 295.8810 500.4300
196 282.0065 478.6636
197 302.3992 477.9588
198 242.7508 518.1332
199 247.8017 783.7797
200 251.6694 762.6215
201 216.6944 753.0256
202 150.4566 679.4716
203 191.8182 569.0219
204 166.7690 707.0451
205 156.0201 556.3082
206 173.1631 587.7270
207 135.9269 586.8675
208 206.7784 771.7980
209 228.0727 527.8108
210 137.8039 687.8348
211 157.1802 717.5226
212 140.3914 649.0933
213 101.5298 582.1728
214 124.2167 643.4276
215 96.1313 594.7691
216 154.4277 613.0658
217 250.8463 499.2945
218 231.4941 559.0910
219 216.9320 562.9187
220 242.3488 547.5885
221 261.8565 398.2993
222 230.2406 379.4080
223 202.3025 371.9096
224 179.5528 371.1395
225 164.0010 378.2432
226 151.1157 414.9816
227 100.8879 458.9075
228 157.7195 448.9605
229 174.9751 459.5049
230 200.1772 464.6926
231 225.6571 464.5129
232 246.3883 460.9781
233 261.1101 456.3959
234 111.5033 460.4069
235 216.6637 569.6120
236 259.4179 506.6375
237 245.5985 564.2534
238 256.6383 578.0756
239 246.0817 567.3812
240 221.8294 578.5435
241 259.6961 581.5434
242 261.4568 586.8035
243 264.6959 439.1268
244 274.0535 446.3050
245 277.9031 450.6966
246 172.4271 409.9218
247 164.5333 398.8903
248 314.6955 508.1355
249 468.2616 483.0891
250 300.9320 591.3920
251 560.3526 417.9952
252 402.1362 488.7540
253 422.9589 495.4324
254 443.7292 498.8759
255 473.7940 492.1044
256 385.4242 478.8660
257 444.2688 438.0960
258 420.6832 434.2694
259 465.1500 446.3351
260 477.7446 457.3081
261 486.7059 509.8762
262 333.0389 782.4605
263 477.4535 479.0342
264 550.3607 509.5200
265 513.8070 498.1377
266 399.5485 583.0292
267 297.1143 665.3015
268 289.7718 688.9663
269 327.6550 677.1955
270 346.7272 688.3116
271 313.1521 693.3149
272 331.4303 697.2842
273 371.7756 724.4715
274 296.5492 579.8102
275 303.9931 559.6157
276 514.8448 438.2192
277 368.0399 518.0674
278 358.2674 587.0643
279 363.1541 575.7942
280 461.0416 592.1387
281 309.5653 531.8156
282 472.1886 402.1740
283 498.9072 417.1970
284 548.8973 376.3309
285 373.5818 398.1704
286 398.7987 437.2655
287 391.4467 705.5370
288 488.3626 697.3945
289 340.0474 595.2635
290 319.1775 599.2741
291 370.7221 705.6890
292 360.6805 703.1215
293 513.7579 405.2601
294 358.4894 597.8553
295 432.3074 393.7717
296 439.7714 376.7130
297 471.8893 309.1210
298 531.1644 390.7244
299 453.2689 342.6548
300 529.3459 431.0999
301 544.3944 426.0993
302 293.2831 679.3763
303 319.0847 687.2533
304 338.7516 693.1920
305 333.7483 598.9510
306 365.4456 704.8178
307 353.5559 709.6756
308 358.1054 701.0743
309 325.6474 583.4396
310 327.7859 694.6194
311 309.0049 693.1439
312 287.4532 690.6819
313 286.5368 752.1412
314 287.2098 737.7094
315 287.6920 724.2590
316 287.8889 710.8129
317 287.6696 701.2338
318 331.0029 703.6274
319 333.9263 707.6068
320 338.2898 715.1341
321 341.8462 723.1870
322 368.2196 662.5170
323 531.7507 599.2172
324 343.4097 703.1420
325 348.2938 705.9740
326 308.6191 608.5395
327 348.4948 610.4884
328 313.5906 604.0270
329 388.0263 535.9029
330 418.2503 557.7072
331 365.6233 586.8799
332 521.5989 339.4749
333 503.3259 362.3300
334 483.8582 386.4808
335 347.8866 735.9339
336 386.1441 370.3358
337 399.4690 331.5708
338 416.0292 288.8826
339 462.2313 498.3366
340 505.2326 529.5516
341 375.2783 470.3507
342 497.9637 467.4719
343 355.0906 500.3182
344 343.5627 574.4294
345 524.1717 547.5252
346 487.3133 542.4027
347 458.7069 544.9530
348 419.7332 533.0056
349 392.7389 517.3229
350 372.6782 502.0460
351 329.5658 463.6372
352 510.9797 591.4128
353 516.0854 466.2366
354 288.0500 589.5498
355 362.3257 539.4025
356 556.7028 508.0082
357 357.8746 486.3577
358 367.9479 588.6297
359 483.7615 480.9028
360 348.9184 561.0170
361 514.9099 647.6987
362 377.6469 462.4812
363 329.6551 544.0479
364 431.6159 744.5413
365 426.0435 764.0496
366 530.7760 598.3059
367 462.5220 719.3246
368 548.2197 464.7827
369 333.1664 800.9169
370 286.5281 593.9170
371 378.7891 560.2830
372 530.5724 505.3915
373 444.8774 486.0536
374 425.7092 483.7254
375 358.8709 714.2485
376 498.1840 632.4726
377 289.4780 819.5075
378 359.4506 802.4938
379 389.9411 787.3907
380 407.9892 478.1593
381 392.0561 470.4253
382 382.2301 465.6960
383 531.7327 464.4530
384 399.5423 452.8740
385 419.5771 451.9949
386 438.3055 455.3261
387 456.2374 462.5287
388 466.9036 469.9457
389 562.5860 459.1770
390 458.3389 485.2063
391 351.2949 646.1178
392 340.1254 591.2232
393 306.8884 631.0740
394 399.2971 768.2737
395 367.5992 784.6911
396 291.7318 809.2821
397 457.4826 736.2218
398 384.6793 458.1348
399 336.9258 502.6804
400 326.5504 814.4666
401 514.0379 642.9515
402 311.0025 702.9967
403 313.4498 710.3043
404 315.7989 720.9328
405 316.9999 733.0321
406 320.5478 746.6168
407 348.9290 700.1217
408 355.9064 699.4022
409 362.8693 696.8552
410 383.1246 683.3838
411 467.6790 640.1227
412 342.2413 480.6018
413 364.0328 441.4664
414 376.4428 448.7757
415 343.9165 696.2484
416 460.0762 690.5906
417 344.9832 434.2681
418 327.4257 762.9726
419 322.4105 487.3608
420 346.5285 540.6596
421 289.3102 769.6485
422 386.8792 732.3425
423 381.2317 610.2489
424 359.5761 750.6324
425 426.0248 615.0532
426 394.4296 635.8991
427 437.1323 652.7947
428 291.7892 791.6093
429 359.4163 556.4665
430 399.3824 747.5410
431 366.6943 765.9752
432 408.5683 708.1586
433 484.8756 666.9407
434 431.2269 712.0470
435 493.1520 683.3988
436 405.6947 667.7192
437 349.3299 520.7281
438 333.5109 581.7197
439 349.6446 592.3143
440 324.8528 565.7024
441 386.1578 424.8117
442 424.1305 420.2886
443 454.5161 425.1376
444 478.5719 434.7112
445 493.3805 448.3954
446 496.3796 489.0749
447 543.3511 554.2188
448 473.2103 516.8936
449 450.3272 518.7468
450 422.5033 512.6559
451 397.2427 501.4966
452 378.1260 489.4152
453 365.0625 478.7733
454 544.4879 553.0816
455 349.0082 598.7900
456 331.4477 522.2837
457 314.7284 579.3957
458 301.1782 587.7952
459 315.1052 582.5616
460 341.7033 604.9864
461 295.7179 589.3522
462 294.5790 593.8719
463 369.4274 461.7357
464 355.9286 463.8798
465 348.0711 465.7599
466 472.9013 474.9627
467 485.8340 467.6549
