# Image: /home/yaroslav/Projects/Diia.AIContest-AdAstrum/fixtures/FLUXSynID-processed/00960122ce74/00960122ce74_f_doc.jpg
# Mode: stream
# Status: fail
# Errors: strong_shadows_on_face: Strong shadows or uneven lighting detected (difference: 40.3)

# 2D Landmarks (index x y)
0 309.6384 643.4171
1 310.5031 564.0311
2 308.2480 589.6949
3 291.4616 498.0077
4 310.5147 542.3420
5 309.3547 515.5274
6 305.7243 452.7295
7 162.3967 455.3930
8 304.2992 402.7244
9 304.5665 375.6918
10 302.6659 292.5481
11 309.6179 654.5789
12 309.3248 663.5111
13 308.6227 667.8999
14 308.8413 673.0840
15 309.2354 682.3530
16 309.4609 694.0788
17 309.1132 706.2201
18 307.5501 725.2977
19 309.6044 575.7481
20 292.1318 576.5936
21 84.9610 392.2946
22 218.2352 472.1086
23 198.7008 474.5035
24 180.1126 474.4035
25 155.0081 464.5274
26 235.0639 465.8615
27 194.3525 420.2188
28 214.6290 420.9172
29 175.1190 424.0335
30 161.7057 431.9667
31 138.2484 480.6087
32 230.7904 758.9961
33 155.4894 450.5326
34 74.1057 478.2230
35 114.6052 467.8443
36 209.9561 560.0199
37 287.8809 641.0602
38 291.7777 664.2581
39 265.6580 650.8388
40 251.2336 662.6726
41 276.0389 667.6924
42 263.2301 671.9892
43 222.1096 697.9622
44 294.4973 564.2364
45 291.6824 543.8493
46 129.5935 410.9520
47 246.4661 504.6045
48 249.5316 566.3776
49 247.0694 556.0366
50 150.4320 562.5936
51 291.5416 518.7609
52 176.8249 383.6928
53 149.6449 393.3399
54 106.9827 354.0189
55 262.8993 397.5996
56 232.5666 427.0229
57 208.8182 679.4744
58 89.4932 672.6546
59 263.9474 577.2784
60 279.3725 582.6370
61 234.2833 680.7055
62 242.7852 677.9815
63 137.5827 381.4399
64 249.0944 577.5564
65 213.8548 383.3656
66 210.2256 367.6028
67 190.8042 303.8689
68 122.4435 367.4082
69 202.5126 335.0239
70 116.5968 404.1187
71 100.7033 399.3249
72 289.7312 654.4213
73 271.7953 661.0383
74 257.4611 667.7717
75 268.9785 581.3824
76 239.1085 679.9525
77 245.3813 681.4306
78 244.1057 675.9943
79 274.1748 566.3981
80 266.5923 671.2083
81 279.3132 669.4169
82 293.6562 668.1773
83 282.2152 725.7380
84 285.7667 705.3379
85 287.6631 692.6488
86 289.4604 680.9731
87 291.0372 673.2375
88 261.5792 675.1811
89 258.8120 678.2296
90 254.4219 684.0771
91 249.8282 691.5209
92 231.8104 637.3246
93 68.2096 571.6362
94 308.8529 581.0776
95 253.0084 676.3821
96 249.7432 678.1777
97 285.7352 591.8745
98 256.1254 591.5877
99 282.7847 587.3900
100 226.2206 518.7679
101 194.9815 535.0497
102 244.0023 566.9440
103 140.5468 323.6409
104 154.4663 344.7869
105 169.2362 368.6812
106 236.9181 708.8823
107 257.0410 371.4290
108 250.8116 334.1436
109 243.1700 295.0392
110 164.1771 471.5468
111 116.2901 497.8877
112 245.9637 459.4996
113 138.3558 439.2049
114 260.1144 489.3425
115 261.2771 555.3952
116 93.7490 514.1113
117 131.3599 512.0274
118 158.2235 518.3459
119 196.2208 512.1168
120 223.5692 501.2480
121 244.2278 489.7125
122 286.9432 458.8237
123 99.0872 558.1122
124 120.7280 437.3378
125 300.3061 575.1994
126 249.9898 524.4267
127 65.2205 481.0231
128 259.6457 476.9252
129 241.6456 569.7602
130 149.1180 452.7459
131 259.2714 543.1115
132 74.0225 621.1872
133 245.9515 451.4039
134 274.7499 528.3167
135 140.4902 718.0792
136 136.7476 741.9997
137 74.0034 565.3718
138 115.4619 690.7247
139 86.8003 436.0498
140 223.9917 780.4163
141 301.7259 580.4932
142 232.8485 542.1156
143 96.1486 473.8104
144 181.8313 461.0434
145 198.4683 462.4203
146 240.2868 685.9821
147 104.4368 599.3712
148 260.2957 808.6883
149 195.6131 783.7612
150 167.9906 767.0354
151 303.9873 334.8253
152 304.6977 811.1553
153 214.8810 460.8561
154 230.3568 456.9710
155 240.6225 454.1172
156 105.0760 435.6310
157 229.1459 438.4983
158 212.1673 434.1360
159 195.4331 433.5975
160 178.4555 437.3239
161 167.5960 442.8238
162 71.5166 432.1739
163 170.3869 458.2346
164 308.5773 606.4594
165 248.3476 622.7516
166 263.6254 572.7210
167 283.8000 610.8868
168 304.3216 428.2508
169 166.9773 743.4975
170 193.9261 762.3104
171 261.2321 793.2577
172 111.7962 713.0218
173 240.9101 445.8327
174 274.8767 491.8447
175 306.1377 795.3063
176 225.7467 798.3206
177 80.8209 610.8157
178 275.1682 673.6208
179 272.1919 679.2298
180 268.8409 688.1150
181 265.5560 699.4860
182 256.8296 718.5693
183 251.7930 675.4813
184 246.0811 674.5086
185 240.1721 671.7471
186 217.8246 657.3534
187 135.6216 608.4699
188 273.7016 472.5349
189 262.1436 435.7591
190 249.7453 440.2147
191 255.3392 672.4952
192 130.3999 659.7860
193 279.3946 432.6709
194 242.9092 738.4309
195 308.1851 493.9278
196 288.7422 479.3377
197 306.9104 473.9204
198 262.9562 525.7840
199 306.9660 773.1239
200 307.3120 747.2451
201 274.2238 747.1660
202 198.0564 705.6363
203 225.4417 588.2482
204 217.7055 725.3021
205 180.8810 586.5343
206 208.5127 610.2232
207 164.5668 622.4476
208 265.9814 771.7638
209 251.4795 539.9652
210 177.2935 720.6809
211 203.1981 741.4027
212 184.3196 680.6700
213 109.5232 634.9270
214 156.3277 682.8513
215 92.3451 652.7232
216 194.4254 641.0254
217 262.7196 507.7311
218 268.0886 563.3989
219 255.7549 572.2979
220 275.4532 548.0750
221 246.5589 417.8092
222 215.2267 407.5087
223 188.0968 406.5755
224 165.0976 411.2713
225 148.4382 421.6672
226 133.9130 460.0935
227 70.8394 521.1979
228 149.7102 488.7641
229 170.0488 493.7197
230 196.1938 491.8551
231 221.1034 485.5858
232 240.5433 477.2581
233 254.1377 469.2621
234 66.1938 526.2862
235 256.3813 579.3350
236 276.1962 509.4462
237 281.1131 562.1665
238 291.2999 572.7054
239 281.4010 566.1907
240 262.0573 586.3208
241 294.6760 574.0978
242 295.9449 579.5494
243 253.2502 452.4310
244 264.9355 457.0073
245 271.4727 459.5008
246 160.9968 446.9826
247 150.7994 440.3637
248 324.2494 497.3588
249 436.0228 449.6830
250 324.4749 575.6950
251 497.0756 385.9515
252 383.3340 468.7799
253 402.3698 470.2654
254 420.0114 469.3443
255 442.1374 458.4458
256 367.0674 463.3692
257 406.3712 416.9452
258 386.3841 418.4014
259 424.8185 419.9425
260 437.2802 427.1057
261 457.5419 474.0139
262 378.7121 754.0142
263 441.8557 444.7898
264 508.2459 469.1581
265 477.3548 460.3394
266 397.1501 555.5746
267 330.4964 639.8488
268 325.9870 663.3648
269 351.0903 648.3436
270 363.9306 659.4394
271 340.2705 665.9278
272 351.5898 669.6931
273 388.6279 693.1788
274 325.7761 563.4073
275 328.5738 543.0207
276 466.7557 405.5593
277 359.7487 502.3834
278 363.7389 563.8243
279 364.7582 553.3421
280 451.0790 555.2328
281 326.6431 518.0181
282 425.6594 381.1234
283 450.0274 389.2872
284 480.2638 348.8502
285 344.4249 396.8054
286 368.9230 425.2377
287 401.1099 673.8560
288 488.1836 661.2024
289 349.5205 575.2010
290 335.1491 581.2548
291 377.8851 676.8606
292 369.1567 674.5878
293 460.2111 377.3480
294 363.0528 574.9813
295 391.4240 381.6640
296 395.3801 365.7889
297 408.7120 301.4612
298 470.7833 362.3921
299 401.0212 332.9613
300 477.2896 398.4200
301 487.8131 393.1678
302 328.7210 653.2881
303 345.2533 658.8677
304 357.9710 664.8366
305 344.4942 579.4943
306 373.2589 676.3220
307 367.8703 678.0277
308 367.2317 672.6303
309 341.9790 564.7598
310 347.1701 669.0426
311 335.7608 667.9087
312 322.7404 667.3382
313 332.0020 724.2177
314 331.7683 704.0979
315 330.5979 691.3451
316 328.3935 680.0103
317 326.0538 672.4009
318 352.3804 672.4965
319 355.6056 675.3427
320 360.2634 681.1911
321 364.5156 688.2936
322 380.6724 633.2016
323 505.2612 561.0764
324 359.5005 673.3797
325 363.2421 675.0856
326 329.6398 590.6771
327 355.8122 589.0565
328 332.1545 586.1576
329 379.1964 515.5222
330 409.6813 530.1189
331 366.8609 564.0511
332 452.7411 319.8657
333 443.7547 341.4224
334 432.7417 365.9147
335 374.7769 704.6241
336 351.0847 370.6928
337 355.7215 332.9680
338 360.3757 293.7128
339 434.3429 465.6768
340 477.5639 490.0836
341 356.5271 457.4887
342 457.6366 433.5099
343 347.1888 487.6777
344 354.2769 553.3721
345 496.2805 505.0298
346 465.8111 504.4513
347 442.3247 511.9164
348 406.7372 507.4452
349 380.1707 498.0862
350 360.1856 487.5162
351 323.4818 458.2522
352 492.7001 548.5753
353 472.9882 430.9139
354 318.7243 574.7598
355 358.2466 522.1710
356 509.4856 472.1459
357 345.6328 475.4663
358 367.5480 566.8367
359 447.4929 446.9118
360 354.4018 541.0671
361 500.4972 609.9801
362 355.9967 449.3107
363 341.4628 526.9041
364 454.5537 708.1036
365 453.0360 731.6060
366 508.4222 554.7345
367 474.3548 680.1279
368 498.2134 428.5167
369 383.6493 774.8404
370 315.7854 580.1011
371 374.3948 539.0022
372 492.7723 465.5497
373 418.7455 455.9984
374 402.7233 458.2171
375 372.7982 682.3008
376 487.2636 589.6032
377 347.6075 805.7237
378 404.9482 776.2498
379 428.0080 757.9040
380 386.5245 457.4819
381 371.3748 454.1384
382 361.3006 451.8272
383 485.7104 428.5991
384 371.5355 436.0946
385 387.4541 431.1973
386 404.0164 429.7507
387 420.6111 432.4987
388 431.1108 437.5237
389 506.4617 424.7054
390 429.1647 452.7863
391 365.0052 619.6247
392 350.4334 570.8048
393 332.4341 609.4913
394 432.5293 734.5462
395 409.3876 754.8156
396 349.8145 790.2765
397 471.4522 701.9714
398 360.7401 443.6794
399 336.5528 490.6872
400 379.3103 792.7333
401 501.9807 599.6445
402 340.7247 671.8895
403 343.9584 677.2650
404 347.6644 685.8736
405 350.7206 697.0738
406 356.2117 715.6778
407 361.4008 672.5369
408 367.5698 671.1104
409 373.2710 668.0574
410 393.4937 652.2903
411 462.7881 599.9278
412 334.9998 471.4819
413 341.8005 434.8328
414 352.6330 438.5772
415 357.2436 669.8759
416 464.9990 650.3904
417 327.4907 432.1351
418 367.8689 734.3890
419 324.5053 478.6610
420 348.6071 524.0981
421 339.1210 745.0983
422 409.2169 699.0180
423 383.2831 584.3043
424 390.9457 719.7734
425 424.9775 580.4871
426 400.3103 605.1945
427 439.2944 615.2312
428 346.6425 769.1903
429 358.3115 537.7545
430 426.2005 712.5820
431 403.2120 734.6843
432 422.1578 673.5299
433 481.7044 624.8169
434 444.6203 674.3504
435 492.4333 641.6022
436 413.7197 635.1153
437 346.9359 506.0500
438 348.1461 561.6111
439 358.0777 569.9944
440 342.7008 546.5590
441 357.2203 416.5023
442 387.8258 405.2471
443 414.0757 403.4926
444 435.5267 407.2584
445 449.9825 416.7286
446 460.7049 453.5021
447 511.3205 511.2295
448 448.1097 482.2615
449 429.9022 488.0436
450 405.3041 487.4310
451 381.2365 482.2863
452 362.4472 474.9341
453 349.4901 467.6171
454 507.0281 516.5996
455 356.5457 576.9841
456 337.6562 508.1515
457 337.4877 560.7699
458 326.3901 571.6928
459 336.0472 564.8218
460 350.6988 584.2764
461 323.9796 573.3290
462 321.1380 578.9230
463 349.4798 450.8305
464 339.2440 455.9338
465 334.5800 458.6506
466 437.2515 441.4559
467 446.5243 434.9342
