# Image: /home/yaroslav/Projects/Diia.AIContest-AdAstrum/fixtures/FLUXSynID-processed/002e68360d8a/002e68360d8a_f_doc.jpg
# Mode: stream
# Status: fail
# Errors: face_not_looking_straight_at_camera: Head is turned 179.5째 (max: 15.0째); head_is_tilted: Head is tilted 17.0째 (max: 10.0째); face_too_small_in_frame: Face occupies only 42.8% of frame (min: 50.0%)

# 2D Landmarks (index x y)
0 304.6034 626.2649
1 305.6872 565.7703
2 304.8576 584.1279
3 290.5508 500.1907
4 305.8261 545.9100
5 305.8879 519.3659
6 306.0824 455.1137
7 174.9175 444.8211
8 306.2691 412.4774
9 306.6642 386.9489
10 308.3491 281.5869
11 304.4745 635.6877
12 304.3695 642.2102
13 304.3332 644.3123
14 304.5228 648.7955
15 304.4978 656.3161
16 304.4025 665.9595
17 304.2575 676.3003
18 303.6367 692.9690
19 305.3136 575.3546
20 288.9485 572.9642
21 108.6873 367.4450
22 227.5083 464.6384
23 209.1915 465.6054
24 191.7607 463.9868
25 168.6867 452.0585
26 242.8846 460.0956
27 203.8728 419.4757
28 223.0391 421.0535
29 186.1064 421.2419
30 174.0803 426.0900
31 153.8032 464.5372
32 236.7740 722.1723
33 168.6826 439.5956
34 100.7314 452.6101
35 133.0245 451.3465
36 215.3505 544.9521
37 283.0610 623.0009
38 285.9311 641.6046
39 260.6897 628.6393
40 246.1697 636.2475
41 269.8706 642.5287
42 256.9093 644.2541
43 223.5615 663.8914
44 290.6936 564.9440
45 288.4928 545.9480
46 144.0677 405.9155
47 251.3842 496.5286
48 248.2211 557.6822
49 247.3001 546.8243
50 160.8246 541.7136
51 289.5555 521.2234
52 188.2214 390.2413
53 162.1060 394.2868
54 126.0406 333.3767
55 268.4935 409.0224
56 239.9323 426.6034
57 209.8423 646.4372
58 121.4248 631.2774
59 261.4037 568.5713
60 276.7895 574.5838
61 229.8002 647.1011
62 237.4714 645.7943
63 151.5212 380.2111
64 247.6556 565.6297
65 223.1405 394.2080
66 219.6294 377.0726
67 200.5823 289.8448
68 139.2807 355.5549
69 212.1225 331.1649
70 132.6767 396.1615
71 120.7643 382.3771
72 284.1575 634.1365
73 265.9339 637.4753
74 251.7160 640.7386
75 266.1485 571.8481
76 233.8648 646.7626
77 241.5862 649.7384
78 239.1303 644.6795
79 271.1756 563.1841
80 260.1833 642.7863
81 273.3557 642.8112
82 288.1552 643.5901
83 280.6436 692.9753
84 282.9289 675.0255
85 284.1951 663.8752
86 285.4537 654.4433
87 286.9252 648.2001
88 257.4205 646.7356
89 255.0162 648.7789
90 251.4339 653.6884
91 248.0038 660.0087
92 230.7803 614.4349
93 101.2422 536.6089
94 305.0953 578.6148
95 248.8498 646.3598
96 245.5138 647.3079
97 282.8049 583.3546
98 254.2323 577.0842
99 279.9301 579.1796
100 232.4738 507.4569
101 202.9372 520.0970
102 244.2458 554.9406
103 155.1495 306.9985
104 168.4186 337.5243
105 181.5175 373.0133
106 238.6196 675.0894
107 262.5146 382.9360
108 256.8328 330.6120
109 250.0530 282.3247
110 176.9759 459.6730
111 134.2575 478.3587
112 252.7747 455.3988
113 153.1855 429.4137
114 264.1892 484.2484
115 259.5162 551.3834
116 115.3335 490.9192
117 146.9856 493.0598
118 170.9458 501.2465
119 205.8522 498.6948
120 231.3219 490.9001
121 250.3898 482.0363
122 288.6594 459.8568
123 118.9848 532.3894
124 137.4341 426.3978
125 296.4126 574.2844
126 253.2451 516.0178
127 96.0168 449.8496
128 264.5905 471.9620
129 242.9163 555.6940
130 163.2772 441.4613
131 258.9438 538.3344
132 107.8103 583.1572
133 252.7120 447.8455
134 273.8477 527.7840
135 160.6546 678.5832
136 162.0824 697.9843
137 102.2308 535.1372
138 137.9648 652.5241
139 110.2957 414.2215
140 233.3474 739.5120
141 298.2056 577.7228
142 237.1113 529.8941
143 117.4755 454.2460
144 192.8194 452.1906
145 208.7326 454.6722
146 237.3088 653.5486
147 123.3083 571.1084
148 265.7866 763.0980
149 212.7657 739.2442
150 189.4607 722.7550
151 307.6472 332.0654
152 302.0928 766.5256
153 224.2563 453.9991
154 238.8646 451.2412
155 248.1681 449.5739
156 124.2379 421.5201
157 236.9950 433.0436
158 221.1931 426.9908
159 205.1287 425.2634
160 188.9285 427.8676
161 178.9250 432.6909
162 99.5246 403.9640
163 182.1418 448.5042
164 304.8051 597.0520
165 246.7983 603.6518
166 261.0478 565.8560
167 280.7015 598.3519
168 306.1395 432.5595
169 184.7859 703.2237
170 208.1666 721.6226
171 264.4843 752.4371
172 140.2218 669.7561
173 247.9966 441.7807
174 276.5314 490.4870
175 302.5981 754.9683
176 237.6125 753.1944
177 108.9077 577.6856
178 270.9741 647.1270
179 268.5157 651.6146
180 265.8955 658.9428
181 263.6882 668.6983
182 257.4864 685.2936
183 245.2537 645.3478
184 240.1672 644.2772
185 235.0536 641.6825
186 217.0180 629.3526
187 147.2781 582.6629
188 276.6787 470.7382
189 267.3461 436.0212
190 255.6941 438.6263
191 248.9403 642.8124
192 145.7024 627.3318
193 283.0173 435.5587
194 246.2010 703.9454
195 305.9525 497.3680
196 289.1874 480.9065
197 305.9932 476.8827
198 263.9694 521.0746
199 302.9120 737.0872
200 303.2395 713.8276
201 273.7281 713.3402
202 205.6090 671.0697
203 228.3519 570.7708
204 224.2254 690.1230
205 186.7677 567.2079
206 211.6486 589.6784
207 171.4585 597.8062
208 267.0971 735.5085
209 253.3207 531.3679
210 190.1787 683.9060
211 213.4668 704.2056
212 191.1500 648.2728
213 128.7046 603.5317
214 168.7033 649.2326
215 119.0476 616.6962
216 197.3710 614.8528
217 265.2079 502.9408
218 265.3979 560.0993
219 253.5886 564.2444
220 273.1539 547.7373
221 253.1221 422.3417
222 223.7915 412.6978
223 198.2010 409.7595
224 176.5207 410.6166
225 161.2203 416.6340
226 150.1620 446.2333
227 98.6320 493.4614
228 164.0344 473.6003
229 182.7510 480.0375
230 206.8939 480.7016
231 229.8208 476.6980
232 247.7099 470.4903
233 260.0364 464.2869
234 98.2226 492.9601
235 254.1618 568.8818
236 276.5119 508.6573
237 278.2021 561.6162
238 288.0551 570.4914
239 278.2136 564.3020
240 259.5280 574.4371
241 291.0730 572.6846
242 292.7378 576.1310
243 259.1296 449.7893
244 269.7039 454.2699
245 275.3446 457.5201
246 173.2492 436.3502
247 164.4543 431.5669
248 321.0978 500.6534
249 435.4899 448.6879
250 321.0419 573.4174
251 504.1462 373.6665
252 382.6417 467.0424
253 401.0844 468.4591
254 418.4717 467.3064
255 441.2680 456.1509
256 367.1579 462.0655
257 407.5830 422.3924
258 388.2330 423.2854
259 425.1651 424.8002
260 436.9141 430.1117
261 455.8881 468.9905
262 368.1008 723.8781
263 441.5527 443.7358
264 508.1599 458.6531
265 476.6772 456.3648
266 393.6888 547.2801
267 326.0070 623.2928
268 322.6320 641.8109
269 347.9012 629.1840
270 361.8807 636.8840
271 338.4235 642.9896
272 351.0852 644.7008
273 382.9097 665.3027
274 320.4768 565.3027
275 322.8953 546.2312
276 468.2781 410.6674
277 358.8702 498.0247
278 361.1896 559.0535
279 362.1665 548.2652
280 447.3978 545.5119
281 322.1392 521.6107
282 424.7954 393.4328
283 450.7677 398.4804
284 488.5132 339.0330
285 343.8386 410.0131
286 371.2228 428.4451
287 396.7207 648.0465
288 480.1920 635.9308
289 347.9683 569.6328
290 332.7244 575.3299
291 377.5027 648.0306
292 369.9891 646.5300
293 462.0496 384.7383
294 361.3615 567.0957
295 389.4456 396.3831
296 393.6038 379.2645
297 415.3419 292.9974
298 474.8650 360.5211
299 402.7605 333.7097
300 479.9037 401.3158
301 492.1921 388.0638
302 324.7021 634.5007
303 342.5004 637.9480
304 356.3569 641.3488
305 343.1229 572.7951
306 373.5079 647.4740
307 366.1471 650.5153
308 368.2050 645.4228
309 338.9640 563.9016
310 347.7274 643.2027
311 334.8360 643.2529
312 320.2654 643.8497
313 326.4076 693.4590
314 325.3913 675.4096
315 324.5589 664.2967
316 323.3439 654.9380
317 321.9130 648.5613
318 350.6769 647.3362
319 353.0761 649.5052
320 356.5788 654.4855
321 359.6597 660.9548
322 377.1192 615.8459
323 503.1664 542.1865
324 358.9862 647.0999
325 362.2403 648.1236
326 326.7103 583.8608
327 354.3927 578.2712
328 329.5312 579.6964
329 377.3685 509.5446
330 406.4485 522.9172
331 364.7878 556.3928
332 460.2489 311.4433
333 446.4724 341.3626
334 432.0093 376.2908
335 368.0222 676.3458
336 350.7036 384.1555
337 358.1929 332.0950
338 366.3809 284.0405
339 433.1156 463.4792
340 474.7662 483.2379
341 357.4111 457.0546
342 457.7992 433.9764
343 346.5315 485.3838
344 350.5751 552.4802
345 492.7693 496.3112
346 461.8943 497.4622
347 438.3546 504.9292
348 403.8599 501.5939
349 378.6143 493.0679
350 359.9367 483.6296
351 323.3407 460.2920
352 487.9015 537.4287
353 473.6717 431.3453
354 314.1037 574.5009
355 356.7631 517.4338
356 512.0925 456.1509
357 346.1311 473.1716
358 365.9256 557.1428
359 446.7907 445.7578
360 351.2582 539.4384
361 494.8889 588.4865
362 357.6907 449.4808
363 337.1861 528.5084
364 442.1322 681.9026
365 439.3589 701.2957
366 503.1779 540.7333
367 464.4361 656.4858
368 500.7664 420.0901
369 370.8156 741.1904
370 311.9598 577.9697
371 372.3702 531.6777
372 491.7601 459.7209
373 417.6600 455.5728
374 401.7715 457.6071
375 370.1346 654.4752
376 482.1667 575.7781
377 338.0290 764.0204
378 389.9202 741.4398
379 412.6696 725.4389
380 386.0662 456.4612
381 371.4035 453.2162
382 362.1613 451.4378
383 486.8536 426.8029
384 373.8230 435.1370
385 389.7071 429.5011
386 405.8210 428.3500
387 421.7710 431.5034
388 431.4696 436.6033
389 511.2033 410.2746
390 428.3182 452.1937
391 361.5514 604.8104
392 348.6247 566.9020
393 328.6070 598.8020
394 418.3458 706.1173
395 395.2612 723.8733
396 340.0752 753.4111
397 460.8714 673.6452
398 362.5131 443.5338
399 334.6816 491.3125
400 365.8666 754.8237
401 494.7862 582.7431
402 337.5907 647.7411
403 340.0947 652.2433
404 342.4422 659.6191
405 344.3733 669.4746
406 349.4370 686.3139
407 362.5082 645.8977
408 367.4753 645.0013
409 372.5730 642.4532
410 390.2197 630.9238
411 458.8873 586.4931
412 334.6939 471.5610
413 343.9478 437.1581
414 355.0029 440.0856
415 358.7831 643.4181
416 458.5378 631.1247
417 328.9553 436.2001
418 359.3881 705.1370
419 322.4940 481.4007
420 346.3388 522.0139
421 332.3950 714.1305
422 399.7029 673.1296
423 380.2076 572.6306
424 381.0150 691.9246
425 421.3540 570.1505
426 396.2930 591.9448
427 435.4297 601.0833
428 338.2758 736.4448
429 356.3876 532.6893
430 414.1705 686.4447
431 390.9824 706.2503
432 414.6594 650.5063
433 475.6634 607.9488
434 435.9248 652.2427
435 483.7945 621.1914
436 409.6834 617.1919
437 345.4039 503.9817
438 344.7802 561.0527
439 355.8691 565.5138
440 337.6966 548.5430
441 358.2770 423.7560
442 388.0004 414.8910
443 413.8488 412.7705
444 435.4568 414.6153
445 450.4328 421.0863
446 460.0157 450.8590
447 508.5168 499.4162
448 445.6193 477.5848
449 427.1378 483.5766
450 403.0988 483.6310
451 380.1607 478.8711
452 362.5654 472.2562
453 350.5068 465.6373
454 507.9278 499.0313
455 354.9306 570.1504
456 334.6388 509.4232
457 332.6530 562.2172
458 322.3068 570.9139
459 332.1966 564.9243
460 349.3966 575.5758
461 319.3980 572.9474
462 317.3652 576.4595
463 351.3855 451.3248
464 341.1337 455.4277
465 335.9427 458.3916
466 437.0621 440.4849
467 446.1514 435.9102
