# Image: /home/yaroslav/Projects/Diia.AIContest-AdAstrum/fixtures/FLUXSynID-processed/002e68360d8a/002e68360d8a_f_live_0_a_d1.jpg
# Mode: stream
# Status: fail
# Errors: image_blurry_or_out_of_focus: Image is blurry (sharpness score: 32.47); face_not_looking_straight_at_camera: Head is turned 177.8째 (max: 15.0째); head_is_tilted: Head is tilted 14.8째 (max: 10.0째)

# 2D Landmarks (index x y)
0 285.0951 643.9870
1 278.4847 563.9911
2 284.6513 591.5993
3 264.5257 488.3593
4 277.6523 539.3149
5 279.2411 508.7800
6 286.0115 436.9771
7 148.7715 438.9274
8 288.0203 384.1369
9 287.9808 353.3017
10 292.3955 245.8878
11 285.4453 655.8933
12 286.4685 665.4427
13 287.8491 669.8391
14 288.5184 677.4492
15 288.1503 687.0482
16 287.9897 699.3628
17 288.4546 712.6552
18 290.6750 734.0869
19 280.4168 577.4418
20 265.2245 577.8851
21 85.2044 362.6843
22 206.1655 459.8098
23 185.4098 461.7684
24 166.1593 460.5209
25 142.6463 448.5252
26 223.7604 453.3220
27 179.6043 400.4726
28 201.4118 401.8572
29 159.3793 404.3480
30 146.3900 412.5490
31 126.2380 465.2289
32 215.7472 769.4818
33 142.8011 433.4394
34 75.7224 460.9715
35 105.2794 450.9185
36 189.9190 554.1478
37 260.8947 641.0519
38 266.4298 665.8613
39 237.2520 651.3610
40 223.0619 664.1756
41 249.7879 669.2687
42 236.9542 674.2910
43 200.5006 702.6125
44 261.8028 563.9224
45 258.2301 540.5763
46 113.4962 389.8204
47 230.1866 494.1692
48 221.6973 563.5436
49 221.3780 551.2862
50 132.2126 554.8088
51 261.0782 512.0288
52 157.2630 362.4595
53 130.6724 371.6357
54 100.5059 318.9920
55 245.6772 379.9432
56 220.8726 409.0797
57 185.5895 682.1625
58 103.3740 679.5352
59 237.6808 576.6314
60 254.2132 582.9038
61 208.4650 683.3374
62 218.1308 681.1166
63 119.6385 357.1361
64 223.0730 575.0894
65 194.5808 363.7256
66 189.9682 344.5641
67 175.3399 260.5516
68 109.8553 336.9924
69 183.9065 300.3822
70 102.7361 381.2061
71 93.6034 372.7133
72 262.9886 655.3250
73 244.0321 662.3615
74 229.8636 669.6548
75 243.4103 580.8310
76 213.4652 682.6821
77 220.3288 684.9038
78 220.5681 679.4891
79 245.0883 566.3065
80 241.8983 673.4063
81 255.0139 670.9836
82 270.4581 669.9904
83 263.9872 734.5276
84 263.2848 711.6470
85 264.4227 697.4750
86 266.3392 685.2476
87 268.6799 677.3807
88 237.9685 678.8969
89 234.5782 681.8930
90 229.6904 688.0675
91 225.3927 696.0105
92 205.8726 638.2035
93 84.2027 567.5152
94 282.6249 583.4085
95 229.8828 679.9801
96 225.3595 681.5427
97 260.5964 593.0544
98 231.7524 589.8387
99 257.5192 588.2705
100 209.6008 509.3550
101 176.9433 525.9340
102 219.6550 562.7597
103 128.5512 284.0829
104 138.1817 311.6863
105 149.6322 344.1607
106 216.7692 714.7047
107 237.7194 349.2728
108 232.9281 298.3383
109 228.3296 249.3865
110 150.8126 456.6666
111 105.1778 483.3432
112 234.9827 446.4900
113 124.9752 420.3808
114 243.4099 477.4010
115 231.5433 552.6127
116 86.0079 501.0362
117 117.4237 498.9017
118 142.4247 506.1701
119 180.6743 501.0556
120 209.1062 490.3619
121 230.4346 478.0056
122 267.2006 443.8073
123 89.5061 550.0130
124 108.7114 418.1271
125 270.4875 576.6248
126 230.9948 516.2951
127 77.5096 464.3208
128 245.7687 464.1309
129 220.1440 565.4108
130 136.8156 435.6789
131 232.1658 538.0627
132 89.7182 622.8875
133 235.8710 437.4993
134 245.6657 522.2211
135 135.8702 725.6722
136 141.2302 753.1885
137 76.2882 559.2740
138 113.7258 697.1937
139 84.6281 413.6881
140 211.8619 792.0237
141 274.8701 582.7317
142 214.0643 535.0821
143 89.7569 456.8532
144 167.1293 446.4780
145 184.7689 448.7997
146 215.3762 689.8803
147 95.4341 596.5652
148 250.3356 823.1024
149 192.0839 796.7230
150 168.2010 779.3488
151 289.7933 298.4734
152 294.6031 827.8068
153 202.5632 447.4730
154 219.3073 443.3908
155 230.2136 440.4814
156 96.1308 415.3293
157 218.3166 421.5445
158 200.7042 415.6216
159 182.7000 414.2085
160 164.8325 418.0151
161 153.7596 424.2728
162 78.0347 408.2262
163 155.8847 442.7142
164 285.3180 608.0235
165 222.6619 622.9401
166 236.3734 572.3678
167 258.1240 611.7468
168 288.2923 410.7878
169 160.4632 752.7853
170 185.1804 772.3978
171 246.5839 806.4335
172 121.1107 722.9793
173 230.4792 430.6721
174 253.0425 480.6279
175 291.7669 809.5027
176 218.1391 811.7702
177 83.6375 610.1555
178 251.5729 677.5159
179 248.0535 683.3064
180 244.4595 692.6267
181 241.7048 704.9439
182 237.3476 725.8904
183 225.8676 678.5533
184 219.1050 677.2822
185 212.9129 674.2977
186 192.2538 658.9363
187 119.7438 606.3063
188 255.7090 458.9057
189 249.8551 419.4960
190 238.6737 424.3065
191 230.8799 675.5986
192 119.9051 662.9363
193 263.9760 415.9353
194 226.4447 747.6140
195 281.5879 484.0002
196 265.1375 466.9691
197 283.7527 461.1018
198 239.6768 518.5030
199 290.5607 785.5356
200 290.5844 757.6857
201 256.9062 757.7109
202 180.9075 711.0441
203 204.3990 585.1322
204 201.7431 732.6145
205 159.6340 582.5112
206 186.1301 608.8897
207 144.6109 621.7000
208 249.0486 784.1514
209 229.9759 533.6180
210 164.8295 727.2709
211 190.2570 749.5858
212 164.9399 684.0165
213 102.1567 636.1922
214 142.2351 686.8460
215 94.5339 656.5164
216 171.5118 641.4777
217 242.5463 498.0971
218 238.1210 562.5353
219 227.7807 570.9732
220 243.6052 545.0821
221 233.0450 400.4394
222 199.4819 388.6024
223 170.5520 386.7707
224 147.1709 391.0634
225 131.9544 401.7560
226 122.9666 443.0767
227 72.8332 509.4696
228 136.3623 474.5610
229 155.9229 480.3296
230 182.4169 479.8816
231 208.3736 473.9239
232 228.7203 465.1178
233 242.3539 456.3108
234 81.4993 516.0716
235 229.8892 577.8951
236 250.7500 500.6914
237 249.5469 561.5561
238 262.4964 573.5911
239 251.6439 566.2251
240 236.7480 585.1925
241 265.0295 575.3697
242 269.0055 581.2558
243 242.7163 438.6176
244 253.0294 442.7674
245 257.2049 444.9087
246 147.6004 429.0192
247 137.0188 421.8553
248 300.0755 488.2089
249 449.1768 436.5180
250 302.0591 577.7416
251 548.1263 356.5628
252 387.0645 457.9548
253 409.2141 459.5528
254 430.4734 458.2143
255 458.3857 446.1086
256 367.9605 451.7868
257 413.0704 397.9927
258 390.2662 399.3970
259 434.8260 401.6751
260 450.1594 409.7925
261 478.6861 462.5881
262 374.1912 772.8041
263 456.8573 430.9733
264 556.9927 457.1786
265 506.2035 447.8429
266 397.5023 553.0368
267 310.6596 640.3129
268 308.1365 665.3883
269 338.8608 650.0756
270 357.6637 662.1465
271 328.4171 668.3076
272 345.0015 672.5607
273 389.8243 702.1358
274 296.5060 563.5904
275 298.4029 540.1509
276 488.0651 386.7118
277 355.0376 493.1835
278 351.5518 562.4962
279 354.0845 550.3442
280 466.3224 553.1087
281 298.9694 511.7916
282 430.8897 359.6063
283 463.6144 368.6703
284 520.7756 312.3034
285 333.4215 378.9547
286 370.3386 407.0731
287 405.4147 680.9121
288 541.0020 682.0709
289 336.1982 575.6646
290 318.3683 582.3935
291 380.0299 681.1782
292 370.8845 678.9199
293 478.2114 353.7670
294 353.6751 574.2211
295 388.0273 361.5293
296 392.3254 341.9791
297 420.4702 255.4375
298 498.9473 331.8602
299 403.9285 296.5317
300 504.3543 377.6939
301 526.1773 368.0040
302 309.5674 654.7227
303 332.4766 661.0778
304 350.8548 667.7115
305 331.0155 580.1314
306 375.0652 680.4724
307 366.0828 683.2294
308 369.2208 677.4915
309 322.2952 565.4540
310 342.0772 671.6695
311 325.4052 669.9079
312 306.8401 669.3386
313 318.9732 734.9832
314 314.8463 711.6256
315 312.8874 697.2960
316 311.0682 685.1467
317 309.5879 677.1769
318 346.3867 677.6758
319 349.3036 680.6461
320 353.9815 687.1046
321 358.7025 695.4258
322 376.6637 636.8340
323 566.7281 566.4775
324 357.4579 678.5420
325 361.0654 679.9496
326 311.3051 592.6475
327 346.8659 589.2043
328 314.5783 587.7663
329 378.6817 508.0177
330 414.2146 524.2832
331 358.6893 561.8317
332 479.8672 277.5185
333 460.1235 306.9205
334 439.9014 340.6372
335 371.4621 715.1716
336 340.2149 347.9383
337 349.4328 296.1386
338 360.2725 246.5413
339 448.2928 454.2036
340 504.0638 480.5386
341 355.6380 445.1828
342 477.7537 417.6529
343 338.8415 476.7348
344 336.2592 551.7287
345 530.8309 498.4193
346 486.2564 496.2407
347 455.3417 503.8296
348 412.5272 499.2127
349 381.4626 488.8691
350 357.7880 476.9548
351 307.2080 443.4358
352 525.2939 548.2433
353 498.9659 415.0377
354 290.8945 576.5308
355 351.0652 515.4451
356 571.3597 460.1879
357 339.8601 463.2813
358 362.1932 564.5443
359 465.0509 433.1155
360 338.4869 537.2268
361 559.1906 623.6072
362 355.8980 436.4114
363 318.7774 521.6912
364 478.2702 729.6575
365 483.1275 758.6926
366 556.1327 558.1496
367 508.7462 700.2344
368 542.6425 409.2066
369 380.8748 796.1744
370 290.6724 582.5374
371 371.3815 534.0318
372 528.5805 453.6791
373 427.7030 444.0210
374 408.9379 446.4103
375 371.7297 688.3661
376 520.7563 596.1170
377 340.9621 825.9299
378 413.3630 802.6056
379 445.7263 785.3507
380 390.4570 445.2457
381 373.0798 441.5640
382 361.7905 439.1328
383 518.3548 411.6470
384 374.4141 420.1736
385 393.3055 414.0114
386 411.5852 412.6087
387 430.3926 416.1529
388 442.7183 422.0790
389 563.9802 402.8760
390 440.4268 440.2603
391 356.3601 622.0044
392 335.8937 571.3016
393 314.0388 611.1038
394 446.4597 757.6349
395 415.2160 777.5957
396 339.4469 809.0034
397 513.9502 727.1345
398 361.2772 429.6010
399 320.4528 480.2649
400 379.0103 816.5514
401 548.5969 610.5121
402 329.3164 676.9560
403 332.2825 682.6404
404 335.6745 692.2985
405 339.0130 704.8235
406 348.0398 726.7715
407 360.2662 676.3727
408 366.1638 675.1070
409 372.4765 671.9093
410 394.2647 657.4716
411 485.2675 605.6195
412 322.6416 458.3854
413 337.1760 418.4838
414 351.3285 422.9858
415 356.4899 673.6008
416 491.7856 664.1571
417 316.6456 415.3853
418 361.9629 749.6670
419 303.9201 466.7265
420 334.6475 517.7987
421 326.6222 758.9841
422 413.5938 712.3946
423 380.7741 584.2614
424 390.4992 734.6616
425 432.1351 581.4781
426 401.0445 608.0439
427 452.5992 621.3922
428 334.6821 785.9721
429 349.1955 532.7685
430 435.4696 730.4107
431 405.4439 753.3025
432 430.2005 684.3374
433 515.6330 636.8170
434 461.3591 688.5136
435 535.6394 658.2089
436 419.1210 640.7453
437 335.3738 497.4461
438 328.9339 561.8015
439 344.7859 569.9201
440 318.3701 544.5355
441 353.5830 399.2098
442 388.5434 386.3448
443 419.2165 384.0384
444 445.8890 388.2735
445 465.8474 398.9048
446 483.2537 440.3032
447 559.9567 507.0858
448 465.1589 471.9683
449 441.9793 478.0539
450 412.2060 477.7678
451 384.1131 472.2017
452 362.0242 463.8592
453 346.6081 455.2967
454 569.7462 513.3859
455 345.0507 577.0451
456 317.9613 500.2856
457 312.2913 561.1188
458 301.9541 573.3401
459 313.2324 565.7972
460 339.5324 584.6372
461 297.7873 575.0937
462 297.5115 581.2113
463 347.3926 437.5354
464 334.3556 442.0024
465 326.4464 444.3459
466 450.2862 426.6894
467 462.7086 419.1744
