# Image: /home/yaroslav/Projects/Diia.AIContest-AdAstrum/fixtures/FLUXSynID-processed/008e36b2c5c7/008e36b2c5c7_f_live_0_e_d1.jpg
# Mode: stream
# Status: fail
# Errors: face_too_small_in_frame: Face occupies only 48.0% of frame (min: 50.0%)

# 2D Landmarks (index x y)
0 323.0595 538.7839
1 301.1498 464.9183
2 312.2179 491.2068
3 273.4788 408.1766
4 295.9149 444.0495
5 291.5162 419.3779
6 283.8764 363.5511
7 158.1393 405.4901
8 274.5138 316.0063
9 268.4702 290.5731
10 253.9494 220.6669
11 325.8685 549.2469
12 328.9433 558.4875
13 331.2424 563.7008
14 332.7939 569.4013
15 334.6156 578.1934
16 337.0764 589.7007
17 340.4605 602.2199
18 347.7355 623.9620
19 305.4222 476.8794
20 291.6130 483.1857
21 92.3820 368.5250
22 213.4349 406.2781
23 195.5869 413.4179
24 178.4413 417.9416
25 154.6496 415.2156
26 227.7219 396.2609
27 176.9737 361.9004
28 196.9983 357.7572
29 159.6747 370.4123
30 149.7828 381.5988
31 144.3548 433.6977
32 281.9193 676.2590
33 151.4838 402.9505
34 100.2255 447.5001
35 123.0353 426.8812
36 216.9291 488.1989
37 300.0374 542.5565
38 311.2032 564.2910
39 280.6042 558.4337
40 271.2318 574.3692
41 297.1158 571.8429
42 287.1514 580.1568
43 257.7304 616.3210
44 285.4289 469.4085
45 277.5058 450.5573
46 117.7156 368.6102
47 241.7583 428.1119
48 247.9763 484.0157
49 244.9212 474.6617
50 166.0248 504.8399
51 274.7025 427.1809
52 148.8668 329.8944
53 128.4254 346.4079
54 97.9222 328.1416
55 232.2840 321.6539
56 216.2061 359.5198
57 240.4300 602.0856
58 162.2094 624.2697
59 265.7309 491.1897
60 282.4322 492.5061
61 263.9274 597.4954
62 272.9336 592.7246
63 116.5179 338.6214
64 252.0632 494.8301
65 182.1208 320.3008
66 174.8712 306.8229
67 153.2641 260.6061
68 106.5694 333.3262
69 165.1738 282.7902
70 107.4351 366.0657
71 99.7639 368.7007
72 305.3040 554.8604
73 289.5165 566.4955
74 278.9944 577.5508
75 272.2293 493.8468
76 268.7666 595.6194
77 274.6108 594.9531
78 274.6963 590.3544
79 270.1071 477.8936
80 292.0881 578.6588
81 302.6408 573.0046
82 316.1048 568.0218
83 322.0836 629.6620
84 316.8619 606.9332
85 315.1265 593.8469
86 314.3210 581.9196
87 314.9808 574.0558
88 288.8084 584.0049
89 286.3265 587.7479
90 282.9805 594.7812
91 280.3291 603.4599
92 249.1434 555.8292
93 125.6385 535.7312
94 308.6438 482.8679
95 282.3655 587.6924
96 278.6511 590.3458
97 290.2272 499.5425
98 263.2024 506.4885
99 286.5637 496.2686
100 225.9804 446.3496
101 200.0266 468.7097
102 245.9997 486.0423
103 116.1004 291.6864
104 126.2104 303.9109
105 139.1003 318.5884
106 274.3407 623.5366
107 220.1693 298.7704
108 209.6004 270.2109
109 198.1006 239.0625
110 163.7396 419.2675
111 129.2824 454.2190
112 236.5245 387.3493
113 133.5859 394.4996
114 250.9143 410.2501
115 254.7653 470.3590
116 115.4654 474.5642
117 142.5177 463.3185
118 165.3551 462.4081
119 198.5738 447.6730
120 222.0202 431.1929
121 239.0460 415.3437
122 267.3700 374.2145
123 127.1486 513.6863
124 119.2495 396.4278
125 296.0096 478.8182
126 246.4526 445.3206
127 103.0124 453.7164
128 250.2646 399.3795
129 246.7171 489.5057
130 146.4594 405.7151
131 252.0738 459.2321
132 140.1904 579.8335
133 235.5052 380.2894
134 261.9367 440.8458
135 198.7117 655.2469
136 207.6482 680.1022
137 117.2791 526.9333
138 174.7512 634.6423
139 99.8263 406.1350
140 282.0524 700.6992
141 301.2657 484.2383
142 234.8817 466.0931
143 111.2481 436.9065
144 176.5002 405.6867
145 192.5157 402.6933
146 270.6345 600.7626
147 140.9597 550.6588
148 326.4064 723.9070
149 262.2322 710.2734
150 236.3547 698.5811
151 261.3244 256.9436
152 373.2308 717.6670
153 207.6510 397.0700
154 221.6654 389.4507
155 230.9279 384.1892
156 108.5316 399.0924
157 217.2320 374.9364
158 200.4200 376.2635
159 184.2514 379.8960
160 169.1718 386.9201
161 160.3036 393.8938
162 93.7932 407.9600
163 165.6489 406.1052
164 316.0315 506.3890
165 260.9268 537.6723
166 263.4122 486.9200
167 291.5546 516.9522
168 280.4635 341.1471
169 225.1141 674.7386
170 252.0497 687.9627
171 319.6991 706.0142
172 185.2439 657.5107
173 229.5301 377.1609
174 260.7420 407.7460
175 366.5510 699.6557
176 291.1629 719.7095
177 132.7097 567.4047
178 300.2048 578.6679
179 297.9338 584.8706
180 296.4506 594.5313
181 296.1753 606.8558
182 295.6755 628.5026
183 279.0135 587.4792
184 272.0144 587.9566
185 265.1503 586.9238
186 241.6635 578.4813
187 164.8541 551.4183
188 259.1280 390.7399
189 245.2838 360.2103
190 235.9812 367.9454
191 283.2418 583.5743
192 174.8317 601.4820
193 258.0958 352.1803
194 288.3518 651.8487
195 289.0046 399.8917
196 269.9926 392.0636
197 286.5252 382.1786
198 255.2766 442.5368
199 359.7703 675.2005
200 353.2651 647.4993
201 319.9450 653.9293
202 238.6190 629.3337
203 235.9245 510.8266
204 261.8048 644.3190
205 195.7743 519.7680
206 224.4292 535.5738
207 189.8599 557.6772
208 317.5277 681.5917
209 248.9786 459.0209
210 225.4200 649.3046
211 253.1960 664.3056
212 219.7729 608.6582
213 153.8846 582.9829
214 198.5837 617.3833
215 150.3498 603.9265
216 218.4094 568.2728
217 253.9790 426.1291
218 262.8124 476.4041
219 255.1784 488.1602
220 264.3424 459.3002
221 225.2037 346.1150
222 192.1600 343.3348
223 166.0996 349.3955
224 146.6008 360.2474
225 135.6801 374.8906
226 136.4649 415.5964
227 105.8792 487.2384
228 154.5133 438.2767
229 172.7936 437.5271
230 196.0340 429.6789
231 218.0842 417.7876
232 234.5958 405.1149
233 245.4499 394.1972
234 114.9073 494.7348
235 258.9056 494.7361
236 262.4561 423.1952
237 273.1910 471.2760
238 288.0897 479.2663
239 276.1560 475.5071
240 266.9937 500.0247
241 290.7579 479.4011
242 295.6386 484.9034
243 242.0036 378.6233
244 252.6505 379.6364
245 257.2991 379.9563
246 155.2722 398.9078
247 143.7026 392.8349
248 307.3403 399.0015
249 432.8353 330.6523
250 325.8958 473.8208
251 494.7643 257.7307
252 380.9728 360.5190
253 400.6714 357.4268
254 419.4057 352.4354
255 442.7750 336.8959
256 363.4577 359.3544
257 391.3541 302.8549
258 371.4703 309.6733
259 411.7508 300.9283
260 427.4445 305.2435
261 462.4012 347.6340
262 438.4406 638.4704
263 438.6509 324.5133
264 525.9557 332.9770
265 482.1473 329.7331
266 409.5693 436.6256
267 346.1513 529.8670
268 348.5483 554.0802
269 374.3774 533.3796
270 393.2465 541.6945
271 367.5051 553.0120
272 382.9671 554.7096
273 432.7399 571.2463
274 318.1130 460.3330
275 315.9277 439.9976
276 452.3748 277.5168
277 359.0374 396.5015
278 369.8837 450.9423
279 369.9910 441.1237
280 470.7094 423.4853
281 311.0763 417.3369
282 398.9392 262.2654
283 428.1195 265.0080
284 462.5501 226.4301
285 316.7278 298.8330
286 355.7908 321.2182
287 442.0803 549.3275
288 563.6964 523.0371
289 357.7673 465.9967
290 342.5501 476.2526
291 416.7223 557.0897
292 407.1894 557.1267
293 436.8578 251.8305
294 373.9216 462.1310
295 362.5675 271.2850
296 362.1720 255.8533
297 367.3401 199.4684
298 449.5741 238.7862
299 362.7660 227.6492
300 463.6810 269.2911
301 479.4114 264.8603
302 347.8446 543.1123
303 370.4232 544.8599
304 387.7767 548.3839
305 353.8735 471.6215
306 411.5786 557.7565
307 404.3856 560.5176
308 405.2579 555.9169
309 342.6871 457.8309
310 379.5936 555.4095
311 364.7437 556.3555
312 347.9479 559.1451
313 374.2215 616.3998
314 364.9201 594.3043
315 360.0096 581.7534
316 355.2096 570.9535
317 352.1095 564.1896
318 385.0092 558.2890
319 388.6689 560.3975
320 394.6221 565.1697
321 401.2424 571.4811
322 407.3549 513.7890
323 558.9568 422.5515
324 395.1564 557.9124
325 398.8592 558.4480
326 337.9048 486.8282
327 370.9535 477.8716
328 340.0647 481.7136
329 383.3321 403.9098
330 418.5624 409.9248
331 376.3953 451.0030
332 422.0314 205.4703
333 412.7256 224.7256
334 403.0037 246.8895
335 419.1555 586.5061
336 316.1615 272.6219
337 314.4417 240.5280
338 313.5682 205.7337
339 434.9016 345.4249
340 487.9453 357.6878
341 351.4421 356.2435
342 452.0149 307.7707
343 341.0326 385.8611
344 353.5571 443.5099
345 514.6061 367.8598
346 476.4786 373.3106
347 451.2753 385.4050
348 411.8233 390.1077
349 382.0288 387.9144
350 358.3267 383.0612
351 304.9755 364.0907
352 521.1657 409.1591
353 468.4004 301.6363
354 315.0479 473.6060
355 360.1619 414.6645
356 537.8788 337.2141
357 339.5117 375.1605
358 380.2075 453.8500
359 446.0726 324.1075
360 353.0584 431.9157
361 565.8101 470.3366
362 350.1888 349.1867
363 331.5771 422.0248
364 523.5975 575.5608
365 534.8289 601.3505
366 548.9182 413.5693
367 541.7308 543.0621
368 502.7428 296.6606
369 451.6731 660.6960
370 316.0783 480.2040
371 382.1916 426.6412
372 502.0409 331.3920
373 414.6371 340.5917
374 398.1594 346.2599
375 411.0394 563.5921
376 527.4468 449.7276
377 420.0853 702.3599
378 484.1843 658.6511
379 509.1921 634.1892
380 381.6808 349.2408
381 366.2636 350.0288
382 355.9435 350.2324
383 483.4736 297.2188
384 362.9508 335.1614
385 377.9965 327.4185
386 393.6996 322.0910
387 411.3248 320.0787
388 424.0688 321.3821
389 518.7993 292.5165
390 425.4342 335.2959
391 386.4405 504.3129
392 356.6157 461.3123
393 344.0745 502.8487
394 502.8238 607.4694
395 479.4969 634.0231
396 414.1310 683.9394
397 552.1444 567.2194
398 353.6306 343.6282
399 324.7679 390.3846
400 455.3251 681.7173
401 554.6680 458.1926
402 369.7817 560.1928
403 373.8867 564.4761
404 379.3451 572.4549
405 385.7631 583.2667
406 399.9812 602.0426
407 396.7401 556.1719
408 402.5083 553.2810
409 407.8389 548.7845
410 426.9781 529.3705
411 498.0648 463.9839
412 322.4141 373.6195
413 328.4408 337.8750
414 342.4494 338.8878
415 392.6543 554.7434
416 517.5703 513.8075
417 308.1900 338.7625
418 420.3187 619.5333
419 306.7194 382.1397
420 345.5845 418.1712
421 388.3000 637.2568
422 459.5306 573.5318
423 401.0319 466.8957
424 443.8778 599.1556
425 445.9844 453.3605
426 423.9195 482.7884
427 472.4678 483.6367
428 403.0491 661.1020
429 362.1793 428.6382
430 485.6424 584.9642
431 463.8544 613.2576
432 467.4527 544.9080
433 531.9304 485.4180
434 497.3865 541.7814
435 554.4919 501.0464
436 446.4697 508.4016
437 342.0967 402.3276
438 348.2945 452.9682
439 364.7454 458.3220
440 335.2685 439.9212
441 339.5301 315.1547
442 367.7832 295.4324
443 394.1121 286.7115
444 418.0315 285.7297
445 437.5946 292.2572
446 461.7519 327.2558
447 540.0567 371.8723
448 453.2029 357.2478
449 433.7581 366.9426
450 407.2145 372.3236
451 381.0374 373.4017
452 359.9988 371.1619
453 344.5055 367.3610
454 548.7808 379.8389
455 366.3734 465.7294
456 326.4693 405.9254
457 332.3809 455.0985
458 324.9253 469.1210
459 334.0372 459.5987
460 362.8509 474.5412
461 321.2465 471.0557
462 322.2707 477.7583
463 342.3785 351.5077
464 330.7714 358.7181
465 323.3975 362.1491
466 431.9947 323.0350
467 440.8181 311.7948
