# Image: /home/yaroslav/Projects/Diia.AIContest-AdAstrum/fixtures/FLUXSynID-processed/008e36b2c5c7/008e36b2c5c7_f_doc.jpg
# Mode: stream
# Status: fail
# Errors: face_not_looking_straight_at_camera: Head is turned 179.7째 (max: 15.0째); head_is_tilted: Head is tilted 13.4째 (max: 10.0째)

# 2D Landmarks (index x y)
0 307.3104 605.1190
1 305.3237 528.7028
2 306.5926 553.5682
3 287.6546 455.0428
4 304.9407 505.4223
5 304.6134 475.5671
6 304.6528 404.9979
7 159.5546 403.1795
8 304.3113 351.1508
9 304.1892 321.5108
10 303.6115 225.3397
11 307.4734 616.0979
12 307.6392 624.1182
13 307.7181 627.2654
14 308.3194 628.7602
15 308.5463 637.1831
16 308.7368 648.0040
17 308.8055 659.7022
18 309.1182 679.5839
19 305.6732 540.8855
20 288.5269 539.8411
21 90.9549 328.1055
22 217.9308 423.5623
23 197.5528 425.4342
24 178.6132 424.3418
25 153.7420 412.2761
26 235.3605 417.4941
27 191.6717 367.3587
28 213.1878 368.9676
29 171.6644 370.6507
30 158.2588 378.3913
31 138.6722 427.5276
32 235.2899 714.2702
33 153.1228 397.3320
34 83.6304 420.0814
35 116.6120 412.5270
36 208.4788 514.1662
37 284.0728 601.9108
38 288.3509 623.9541
39 260.7985 609.7586
40 245.7852 619.5659
41 271.6331 625.9004
42 258.0310 628.8011
43 220.9327 651.0582
44 288.8070 528.2116
45 285.6041 506.0973
46 125.2118 353.7060
47 246.4647 457.8575
48 244.8510 525.3764
49 243.4082 513.5967
50 149.7079 513.0917
51 286.5536 478.3059
52 170.7445 327.5342
53 143.4045 336.2049
54 107.9207 287.7505
55 260.7746 345.2546
56 232.2501 376.1562
57 205.8877 632.2920
58 111.7079 619.9734
59 259.6557 537.4843
60 275.9353 543.9085
61 229.1278 633.3268
62 237.3930 631.3754
63 131.5983 322.0609
64 244.9705 535.9054
65 208.9458 328.6824
66 204.6809 310.5514
67 187.0528 235.4704
68 119.6741 304.2473
69 197.5456 271.9399
70 113.4618 344.9894
71 102.0325 337.5899
72 285.8380 614.9672
73 266.9747 619.8441
74 252.0716 624.7306
75 265.0522 541.5325
76 233.6826 632.7509
77 241.2483 634.3546
78 238.9981 629.8368
79 269.2642 528.5935
80 261.7198 627.4891
81 275.6405 626.8791
82 291.0080 626.8800
83 283.8458 679.8465
84 285.3431 658.5678
85 286.4866 646.0979
86 287.8491 635.6463
87 289.4315 628.5390
88 257.8817 629.2636
89 255.2482 631.7068
90 251.4224 637.1274
91 247.6650 644.3274
92 227.7400 594.1008
93 88.5012 516.3686
94 306.0766 545.9106
95 248.8912 630.1843
96 245.4821 631.4540
97 282.7057 553.9870
98 252.8035 549.7566
99 279.4187 549.1055
100 226.0324 471.8628
101 193.9995 487.1672
102 240.8544 524.0429
103 137.9730 255.9519
104 149.6001 281.1621
105 162.7714 310.0040
106 237.3810 662.3094
107 253.5241 315.7943
108 247.5978 271.9264
109 240.7971 226.7873
110 162.5948 420.3331
111 118.4670 444.1642
112 246.5335 411.1762
113 136.3491 384.3482
114 259.7922 442.3202
115 255.9680 515.7084
116 98.9366 459.5868
117 132.1469 459.8440
118 158.0376 467.6804
119 195.8926 463.2938
120 223.7274 453.3810
121 244.6905 442.0206
122 285.5742 411.0179
123 104.5222 505.6350
124 119.8540 381.0831
125 295.9445 539.7598
126 249.3671 479.3772
127 80.5237 421.4753
128 260.1512 429.0230
129 239.7898 526.0823
130 147.6924 399.6561
131 255.1818 501.7007
132 96.0632 567.3718
133 246.6061 402.3489
134 270.0795 487.3315
135 152.5459 668.5014
136 154.7262 691.4884
137 87.4022 511.2464
138 129.0931 640.0704
139 92.6002 375.9545
140 231.0395 734.7098
141 298.5737 544.9753
142 232.0951 496.6395
143 100.6440 417.4899
144 178.8238 410.7784
145 196.3439 412.9586
146 236.6893 638.8731
147 111.2653 548.5240
148 267.6491 762.6361
149 208.3808 736.2126
150 183.4094 718.2710
151 303.8716 273.7645
152 309.8425 766.4382
153 214.0003 411.6951
154 230.4103 407.8744
155 241.1460 405.1636
156 106.3617 377.7373
157 228.8136 386.0761
158 211.1484 379.8063
159 193.1614 378.2246
160 175.1927 381.8509
161 164.1943 388.1638
162 82.4946 370.0944
163 167.1360 407.0369
164 306.8815 569.4921
165 244.6654 580.9537
166 258.9848 533.5648
167 280.5894 572.2790
168 304.5782 378.3325
169 177.7617 695.3640
170 203.2896 715.2357
171 265.9941 748.7672
172 132.1450 661.2842
173 241.2423 395.4910
174 272.7677 446.5189
175 309.6194 751.5976
176 235.7213 751.5665
177 96.2073 558.1871
178 272.2889 628.3725
179 269.5633 633.3319
180 266.7707 641.4334
181 264.4633 652.4345
182 258.1782 672.2176
183 245.8574 630.6726
184 240.2016 629.5736
185 234.4361 626.7577
186 213.4267 612.2503
187 137.4561 559.6365
188 272.9269 425.1324
189 262.4445 385.6914
190 250.0349 390.5440
191 249.8058 627.9704
192 136.8836 610.7543
193 279.3050 382.4955
194 246.0830 693.4041
195 304.7192 451.2324
196 286.0501 433.9706
197 304.6604 428.8247
198 260.5570 482.5318
199 309.4735 729.9797
200 309.3874 703.1653
201 276.6791 703.0184
202 200.2900 658.8655
203 223.6506 544.0643
204 221.1386 679.2729
205 178.6014 539.9073
206 205.8571 565.5845
207 163.2283 575.4862
208 269.0397 728.3132
209 249.8856 496.3779
210 183.2898 673.1547
211 209.2618 695.0763
212 184.4283 633.5932
213 118.0445 584.7941
214 160.5518 634.6007
215 108.2122 601.0569
216 191.2527 595.2905
217 261.4579 462.6510
218 262.6928 525.1412
219 250.8044 532.3680
220 269.6006 509.4986
221 245.5995 366.9846
222 212.2440 355.2652
223 183.7316 353.2750
224 160.2505 356.9523
225 144.1443 366.7157
226 134.0361 405.8878
227 82.2457 465.1353
228 149.4986 436.9945
229 169.7930 443.1163
230 195.9231 442.7533
231 221.3394 437.3255
232 241.2975 429.1665
233 254.9973 421.0411
234 84.3761 468.8694
235 251.9730 538.7049
236 272.9380 466.2356
237 275.5417 525.1611
238 286.9893 536.2067
239 276.4284 529.0210
240 258.2435 545.5677
241 290.1783 538.1977
242 292.6134 543.3194
243 253.8895 403.8559
244 265.8137 408.3699
245 271.8502 410.9273
246 157.9132 392.9517
247 148.3016 386.6675
248 321.8240 455.2829
249 449.7474 406.0248
250 323.6392 540.0885
251 520.4081 331.2919
252 392.5375 425.1317
253 412.9406 427.1682
254 431.8484 426.1270
255 456.1505 414.8209
256 374.9718 418.8755
257 417.5270 370.5326
258 396.3225 371.4287
259 437.1484 374.2835
260 450.5860 381.9042
261 472.0650 429.8418
262 383.5650 715.0762
263 456.2452 400.5208
264 529.3509 422.9457
265 494.1746 415.2972
266 404.0384 514.5669
267 330.4135 601.5385
268 326.9845 623.6612
269 354.1969 609.0517
270 369.6480 618.6098
271 344.1398 625.4150
272 357.9307 627.9668
273 396.2859 650.8605
274 321.9768 528.3405
275 324.1501 506.1711
276 482.7525 358.4054
277 364.7465 458.3909
278 366.9181 525.5004
279 368.1241 513.5767
280 463.3218 513.9514
281 323.0140 478.4688
282 436.5138 332.4024
283 463.8002 341.2679
284 501.5328 290.8067
285 347.8887 346.9205
286 377.5358 378.0301
287 410.4751 631.9515
288 507.2686 622.8326
289 352.7321 537.6011
290 336.6812 543.9937
291 387.5435 632.4417
292 379.2112 630.4374
293 475.2817 327.6236
294 367.4297 536.0297
295 398.7484 332.3738
296 402.6942 314.3139
297 420.3443 237.3024
298 488.4135 308.1816
299 409.7271 274.5660
300 494.8472 349.7741
301 507.8601 341.4021
302 329.0852 614.6970
303 348.4027 619.1621
304 363.6875 623.7191
305 347.5772 541.5975
306 383.0083 631.7437
307 375.7205 633.5800
308 377.4317 628.9897
309 342.4130 528.7987
310 354.2968 626.6736
311 340.2625 626.3575
312 324.4678 626.5242
313 334.3348 679.8573
314 332.2772 658.4611
315 331.0121 645.8813
316 329.2695 635.4771
317 327.4512 628.4183
318 359.0411 628.5704
319 361.7220 631.0358
320 365.7588 636.5072
321 369.6713 643.9059
322 386.6093 593.6020
323 528.2524 519.2017
324 367.9999 629.4645
325 371.3285 630.6920
326 330.4145 553.8904
327 360.1816 549.6668
328 333.3181 549.1243
329 385.8335 472.3798
330 418.1742 487.7820
331 371.2130 524.0479
332 470.0633 258.6399
333 457.6674 285.0149
334 444.0164 314.8999
335 380.3476 662.1646
336 354.4186 317.9141
337 359.9358 273.0875
338 366.5984 227.6716
339 447.4927 422.5417
340 492.8902 446.3129
341 363.5972 412.4847
342 472.7909 388.0485
343 350.8165 442.8588
344 355.1008 515.9483
345 513.2944 461.9114
346 479.2292 461.3722
347 453.5790 468.7019
348 415.8045 464.1689
349 387.7346 454.2021
350 366.3268 442.7947
351 323.9542 411.3782
352 508.8419 507.5351
353 489.7127 384.7039
354 315.5113 539.9479
355 362.1338 479.6881
356 534.1935 424.3735
357 350.3917 429.8331
358 372.7586 526.0374
359 461.9748 402.9022
360 355.6026 501.8366
361 521.6723 570.3955
362 363.3934 403.8502
363 339.9709 487.5077
364 465.9160 670.4993
365 464.8756 694.1863
366 527.3412 513.8618
367 488.9648 642.4194
368 519.1198 379.1567
369 388.2417 735.8393
370 313.7363 545.0262
371 379.9756 496.9741
372 510.9605 420.3671
373 430.7898 412.9421
374 413.4648 414.9264
375 380.5251 638.1292
376 503.4249 550.3231
377 351.6857 763.4862
378 411.3219 738.1510
379 436.5370 720.5425
380 395.9755 413.4474
381 379.6498 409.4076
382 368.9597 406.6741
383 504.0614 381.3918
384 381.0290 388.0623
385 398.5215 382.1837
386 416.2030 381.1289
387 433.8972 385.0214
388 444.9346 391.2693
389 530.6612 373.1452
390 442.2602 409.5418
391 369.1876 580.4533
392 353.2356 533.7055
393 332.8748 572.0533
394 441.1439 697.3415
395 415.9398 716.9987
396 352.9454 749.4636
397 487.1839 664.1051
398 368.6775 397.1762
399 337.2447 446.9316
400 384.0058 752.9983
401 519.8458 560.6470
402 344.7464 627.9756
403 347.5956 632.8532
404 350.4756 641.0097
405 353.2009 652.1218
406 359.9188 672.2990
407 370.3738 629.7339
408 376.0031 628.5254
409 381.6167 625.6501
410 401.6182 611.5966
411 477.0242 560.6863
412 337.0803 425.6100
413 347.4021 386.9167
414 359.8039 391.9569
415 366.4513 627.0706
416 479.5252 612.2877
417 330.2882 383.1952
418 372.4093 693.8491
419 323.3717 434.2650
420 350.1600 482.7490
421 341.9853 703.2653
422 416.9526 659.4785
423 389.4633 543.9660
424 396.7526 679.9111
425 434.8337 540.4342
426 407.7523 565.6556
427 451.5362 576.2286
428 349.6543 728.7941
429 361.6237 496.4897
430 434.6375 674.4300
431 409.4990 696.1879
432 431.7987 633.9153
433 497.7502 586.6322
434 456.2798 635.8298
435 509.1264 603.6400
436 423.4097 595.3182
437 349.3096 462.8916
438 348.7498 525.4514
439 361.1971 532.4667
440 340.8219 509.8042
441 363.8499 368.9108
442 396.6668 358.3073
443 424.7086 356.9348
444 447.9695 360.8730
445 464.3370 370.7045
446 476.0994 408.9421
447 531.5176 468.0294
448 461.3545 438.8089
449 441.3549 444.4843
450 415.1643 443.9932
451 389.6586 438.3396
452 369.5618 430.2469
453 355.5959 422.0416
454 531.4659 471.7971
455 360.3502 538.8440
456 337.0927 466.4790
457 335.5539 525.4802
458 324.6602 536.4831
459 335.1092 529.3046
460 354.4604 545.6524
461 321.4870 538.4052
462 319.7079 543.6169
463 356.2198 405.3128
464 344.4890 409.3644
465 338.4269 411.7590
466 451.2817 396.1090
467 460.8077 390.1631
