# Image: /home/yaroslav/Projects/Diia.AIContest-AdAstrum/fixtures/FLUXSynID-processed/008e36b2c5c7/008e36b2c5c7_f_live_0_p_d1.jpg
# Mode: stream
# Status: success

# 2D Landmarks (index x y)
0 318.3251 538.2437
1 294.2825 463.5927
2 306.5151 489.5719
3 265.6620 402.8327
4 288.4504 441.8643
5 283.6959 415.6246
6 275.7767 355.1764
7 149.7512 394.8138
8 265.3050 303.8415
9 258.5475 276.7860
10 243.0139 201.7465
11 321.2811 549.0235
12 324.4766 558.1090
13 326.9526 562.7352
14 328.5267 568.7404
15 330.3978 577.6471
16 332.9542 589.1033
17 336.3970 601.3809
18 343.5262 620.7694
19 298.9310 475.6823
20 284.7736 481.2132
21 84.0797 351.6820
22 205.7776 397.4296
23 187.6061 404.2598
24 170.2606 408.3284
25 146.7069 404.7495
26 220.5532 387.4426
27 167.9796 349.1358
28 188.6271 345.0717
29 150.2709 358.1527
30 140.4693 369.8686
31 136.4023 423.2035
32 279.0057 669.6187
33 143.1017 391.6798
34 93.8571 434.4108
35 115.1867 415.2217
36 210.1293 482.6474
37 294.5658 541.5729
38 305.7856 563.5430
39 274.6096 557.0592
40 264.5048 572.5102
41 291.0527 570.8221
42 280.3387 578.7475
43 251.3221 612.9655
44 278.4259 467.6886
45 269.9380 447.9790
46 107.9069 355.7993
47 234.8501 421.0406
48 240.6609 480.7225
49 237.6097 470.7026
50 159.0289 497.6612
51 266.8704 423.1904
52 138.3454 316.3441
53 118.0728 333.1241
54 87.9073 310.0535
55 222.6147 308.4497
56 208.4777 347.5784
57 233.4738 598.1460
58 161.8535 614.6191
59 258.5308 488.4500
60 275.4123 490.1778
61 255.6520 594.6455
62 264.4819 590.2358
63 106.0519 324.5848
64 244.7342 491.6915
65 171.4381 306.4647
66 163.8950 292.0344
67 141.3309 241.1595
68 96.3572 317.2452
69 153.6854 265.8270
70 97.6883 352.3766
71 90.7725 353.3679
72 299.9004 554.1338
73 283.5954 565.4081
74 272.2373 575.8133
75 264.9921 491.2345
76 260.2520 592.9885
77 266.6383 592.8982
78 266.5686 587.9281
79 262.9738 475.3862
80 285.2984 577.0237
81 296.6573 571.8312
82 310.7306 567.0104
83 317.5915 626.8453
84 311.8653 606.1802
85 309.8726 593.1387
86 309.0740 581.2720
87 309.6422 573.2926
88 281.6102 582.5141
89 279.0907 586.2862
90 275.7071 593.1904
91 273.3014 601.5648
92 242.6633 552.7119
93 123.2084 523.8835
94 302.5307 481.4713
95 274.7039 585.7774
96 270.7260 588.5233
97 283.5999 497.5835
98 256.1778 503.5066
99 279.6520 494.0476
100 218.9935 439.4715
101 192.9055 461.8101
102 238.7599 482.1643
103 104.6977 272.7357
104 115.0938 287.3639
105 128.2222 304.1499
106 268.8423 620.0453
107 209.4624 284.1163
108 198.5229 253.3279
109 186.4775 219.5712
110 155.7248 409.2568
111 121.6930 443.8735
112 229.6217 378.4854
113 124.7366 382.7216
114 243.7576 402.6981
115 247.3076 467.1297
116 108.6989 463.9248
117 134.9194 454.0963
118 157.9450 453.8658
119 191.2559 439.7334
120 214.8201 423.3847
121 231.9697 407.3638
122 259.4299 365.7999
123 120.9064 504.5781
124 110.4968 384.0842
125 289.3979 477.3886
126 239.7550 439.3711
127 98.0974 439.3558
128 243.2200 391.0915
129 239.7671 485.3369
130 138.3008 394.7358
131 244.6471 455.2362
132 138.8025 569.1799
133 228.7813 370.5502
134 254.2492 436.7425
135 197.6099 647.4581
136 208.3916 671.0316
137 112.8461 516.4583
138 173.0555 626.7508
139 92.0883 391.8186
140 280.1084 691.6751
141 294.9484 482.7751
142 228.0764 460.3681
143 103.7296 424.7589
144 167.9252 395.8667
145 184.1843 393.2500
146 262.8868 598.5613
147 135.8116 542.5499
148 323.7166 712.6395
149 262.3538 700.0497
150 237.1462 688.9484
151 250.8267 240.8619
152 368.4232 706.9158
153 199.8973 387.8255
154 214.3650 380.1856
155 224.0338 374.8312
156 99.9534 386.0345
157 209.4800 362.3413
158 192.0490 362.1403
159 175.1990 365.4751
160 159.7348 373.0977
161 151.1330 381.0815
162 87.2033 392.3174
163 157.0613 395.8596
164 310.7335 505.0235
165 254.4768 534.9531
166 256.1760 484.2412
167 285.4932 515.3562
168 272.0039 330.7326
169 224.4273 666.6326
170 250.9787 679.3085
171 316.5916 697.1466
172 185.4181 648.4631
173 222.3811 366.4340
174 253.1801 401.0726
175 361.6816 690.5118
176 290.0810 708.8472
177 129.3904 558.0372
178 293.8722 577.7107
179 291.6846 583.9166
180 290.1516 593.4799
181 290.1771 605.4413
182 290.5850 625.3120
183 271.1305 585.5043
184 264.1237 585.8772
185 257.3879 584.5501
186 234.7348 575.0158
187 159.0594 544.8358
188 251.5892 382.7149
189 237.6014 349.4999
190 228.6376 357.3875
191 275.5972 581.6131
192 171.0764 594.7901
193 249.9359 341.2942
194 284.4374 647.0971
195 281.0119 394.6984
196 262.0310 385.3900
197 278.5277 375.6133
198 248.0844 437.2949
199 355.1451 668.1601
200 348.8616 642.4675
201 315.8147 649.4865
202 234.3158 624.4877
203 229.2438 506.6075
204 257.9270 639.2585
205 189.2806 514.2008
206 218.2150 531.3135
207 184.1407 552.0504
208 313.8901 675.2675
209 242.0663 453.9901
210 222.9188 642.6654
211 250.7608 657.4173
212 214.5748 603.6573
213 149.8532 575.4192
214 195.0049 611.1114
215 148.0672 595.3984
216 212.3508 563.6900
217 246.8967 419.8268
218 255.6078 473.7055
219 247.9125 485.3257
220 256.8944 456.2869
221 216.6992 334.1393
222 182.7904 330.8227
223 156.3138 337.0578
224 136.6334 347.9828
225 126.1279 362.8419
226 128.4345 404.3458
227 100.4085 475.3857
228 146.6663 428.4776
229 165.0871 428.1891
230 188.5057 420.8997
231 210.7561 409.2858
232 227.5747 396.6184
233 238.4879 385.4744
234 111.2543 481.5904
235 251.5662 491.9500
236 254.8779 417.8476
237 266.0256 469.0499
238 281.1586 477.2738
239 269.1827 473.2181
240 259.7944 497.3111
241 283.9538 477.7980
242 289.0548 483.1927
243 235.1745 369.2702
244 245.6692 370.4015
245 250.0141 370.8285
246 146.5090 386.8285
247 134.8950 381.4482
248 299.6302 394.1117
249 426.6191 322.5948
250 320.2838 472.0592
251 490.8273 244.3772
252 374.9136 353.0098
253 394.9219 349.9184
254 413.7001 344.8386
255 436.6940 329.2920
256 356.6245 351.7692
257 384.1817 293.0042
258 363.6648 299.4922
259 405.0844 291.7999
260 421.2709 296.6503
261 457.1694 340.2430
262 433.1012 634.3369
263 432.3869 316.2179
264 522.4983 324.1160
265 477.3110 321.8942
266 404.8566 432.7013
267 342.0571 529.0772
268 345.0261 553.2728
269 371.1117 531.9029
270 391.0165 539.3334
271 364.9208 551.6595
272 381.1816 552.4254
273 431.0231 568.2658
274 311.4299 459.0342
275 308.7021 437.9105
276 446.4485 269.0904
277 352.7584 390.5407
278 364.6663 448.5796
279 364.7097 438.0534
280 466.5300 418.9492
281 303.5539 413.7980
282 391.2269 252.5581
283 421.3452 256.0304
284 457.3746 211.5505
285 307.5945 287.2325
286 347.5978 311.3178
287 440.4255 545.8541
288 560.3300 518.8622
289 352.9590 463.8013
290 337.5651 474.0934
291 416.4830 553.2009
292 407.0612 553.2805
293 430.2240 242.2581
294 369.1683 459.7171
295 353.9430 260.4144
296 353.2185 244.1895
297 358.7931 182.0204
298 443.5737 226.4583
299 353.8033 213.0624
300 458.0502 260.0071
301 474.6238 253.4285
302 344.0146 542.4281
303 367.4164 543.5296
304 385.8499 546.0913
305 349.0615 469.2966
306 411.4910 553.8135
307 403.8204 557.5142
308 404.9301 552.2490
309 336.9481 455.9078
310 377.9391 552.8986
311 362.2393 554.6646
312 344.5287 557.9438
313 370.7491 614.0406
314 361.7433 593.7005
315 356.8183 581.0926
316 352.0186 570.3315
317 348.7423 563.3122
318 383.6685 556.0580
319 387.2274 558.1967
320 393.3158 563.0831
321 399.8831 569.3264
322 403.8224 511.3370
323 556.0668 415.8888
324 394.2440 554.9832
325 398.1741 555.5937
326 332.9464 484.9129
327 366.3504 475.3684
328 335.0940 479.6596
329 377.8488 398.3837
330 413.5567 404.7683
331 371.4970 448.0380
332 415.3259 189.2278
333 405.2266 211.5921
334 395.1574 236.3360
335 416.5900 583.7742
336 306.6307 259.6376
337 304.5384 224.9719
338 303.6546 187.3341
339 429.0543 337.9101
340 483.4306 350.8193
341 343.9492 348.4981
342 446.1965 299.8040
343 334.1734 379.3624
344 347.6071 441.0907
345 510.6111 361.1459
346 471.8251 367.0777
347 446.2855 379.3420
348 406.5299 383.9571
349 376.2701 381.4769
350 351.9856 376.2637
351 297.0476 356.0608
352 517.4571 403.9094
353 463.1153 293.3037
354 308.7651 472.3669
355 354.0444 409.8170
356 535.1328 327.1679
357 332.4769 367.9253
358 375.4789 450.5197
359 439.9181 316.3246
360 346.9857 428.7243
361 562.7011 465.2887
362 342.2383 340.9420
363 324.6323 418.6701
364 518.0921 572.2699
365 528.8005 597.5616
366 545.6170 407.9153
367 537.3244 539.7721
368 498.7626 286.2423
369 444.9795 654.8309
370 310.1449 478.7598
371 376.9492 422.1094
372 497.8259 323.4477
373 408.6379 332.6547
374 392.1715 338.3686
375 410.5613 560.6200
376 524.0078 445.5454
377 413.3738 693.2915
378 476.6807 652.9763
379 502.0526 629.6438
380 375.3188 341.3244
381 359.3301 342.0827
382 348.3262 342.2370
383 478.7321 288.3104
384 355.2321 324.4305
385 370.6416 315.6780
386 386.8302 310.3994
387 404.7752 309.1927
388 417.6524 311.4986
389 515.6707 280.7531
390 419.3594 327.2884
391 382.2417 502.2831
392 351.5002 459.2417
393 339.2839 501.4110
394 496.4958 603.9789
395 472.7344 629.4534
396 408.0652 677.0231
397 547.6681 563.4607
398 345.6391 334.4885
399 317.4462 384.5724
400 447.8939 674.4597
401 551.3046 453.6906
402 367.4249 558.8380
403 371.5845 563.2305
404 377.1987 571.2644
405 383.3429 581.9660
406 396.9808 599.5135
407 396.0901 552.9754
408 401.7529 550.0603
409 407.0938 545.5029
410 424.5242 526.4784
411 494.5692 460.4120
412 314.8896 366.2974
413 320.3447 328.2665
414 334.3607 329.8648
415 391.8087 551.5000
416 513.9002 510.6681
417 299.8740 328.6794
418 416.0467 616.3334
419 298.8764 375.9132
420 339.0946 413.8529
421 384.1046 633.6622
422 455.8539 570.7680
423 396.7566 463.8714
424 439.7741 596.1486
425 441.7455 449.9385
426 419.8227 479.9674
427 468.7391 480.5883
428 397.9464 656.2866
429 356.3182 424.5688
430 480.3640 581.9445
431 458.3445 609.4511
432 464.0947 542.0222
433 528.5429 481.8401
434 493.1326 538.8160
435 550.9716 497.4189
436 443.1319 505.5149
437 335.3749 397.0438
438 342.4688 451.0851
439 359.6093 456.2639
440 328.6848 437.7992
441 331.0623 305.0120
442 359.7088 285.6017
443 386.6824 277.4681
444 411.3355 276.9315
445 431.4057 283.8510
446 456.3035 319.4802
447 536.6966 364.6630
448 447.8225 350.2191
449 428.3320 359.9119
450 401.6435 365.3101
451 375.1269 366.2659
452 353.4429 363.8017
453 337.3889 359.6829
454 546.0732 371.4810
455 361.6007 463.5212
456 319.2850 401.3282
457 326.0686 453.5700
458 319.0366 467.5319
459 328.0767 457.8646
460 358.1876 472.2079
461 315.1095 469.7686
462 316.5480 476.2048
463 334.4775 343.4459
464 323.0871 350.4416
465 315.7429 353.9463
466 425.6392 313.9484
467 434.5974 303.6115
