# Image: /home/yaroslav/Projects/Diia.AIContest-AdAstrum/fixtures/FLUXSynID-processed/00702d3d8375/00702d3d8375_m_live_0_a_d1.jpg
# Mode: stream
# Status: fail
# Errors: strong_shadows_on_face: Strong shadows or uneven lighting detected (difference: 39.1); face_not_looking_straight_at_camera: Head is turned 179.9째 (max: 15.0째); head_is_tilted: Head is tilted 23.7째 (max: 10.0째); face_too_close_or_cropped: Face occupies 72.7% of frame (max: 70.0%)

# 2D Landmarks (index x y)
0 296.8552 661.2099
1 293.3302 593.0906
2 295.7295 612.3027
3 275.3309 510.0832
4 292.8219 568.5781
5 292.9215 534.8699
6 294.4520 452.8721
7 146.1446 443.5826
8 293.9834 398.8171
9 293.4402 368.1617
10 292.7419 251.6803
11 297.1520 671.7009
12 297.6667 678.3351
13 298.2716 679.7828
14 298.7324 686.2962
15 298.7948 694.3506
16 299.0770 704.7829
17 299.3897 716.4247
18 300.3647 739.2501
19 294.0213 604.3820
20 273.2887 600.7212
21 67.1056 355.6458
22 209.3302 462.0212
23 188.1465 464.1244
24 167.1113 463.9005
25 138.5856 451.9809
26 226.5336 456.4920
27 176.4390 410.0991
28 199.4357 410.4954
29 155.6247 413.9691
30 142.0672 421.1946
31 121.1547 467.2420
32 221.2738 776.3936
33 137.8119 438.6143
34 57.9386 454.9096
35 95.8407 452.7422
36 189.7617 561.3969
37 268.8970 657.4502
38 273.8626 677.4441
39 241.1300 662.4945
40 224.3412 669.1861
41 253.6770 677.5668
42 238.3279 678.6450
43 200.7956 699.6946
44 274.7816 592.2252
45 271.4927 568.5047
46 107.5903 400.0647
47 233.1907 502.8035
48 225.2898 579.6549
49 224.7721 565.8533
50 127.4140 556.3651
51 273.1401 537.1309
52 156.5240 377.5227
53 127.4192 385.0739
54 85.9978 316.3434
55 250.2409 394.2106
56 219.8065 416.4160
57 182.5407 679.2385
58 84.8385 668.5343
59 241.2124 592.9176
60 258.7961 600.3803
61 205.4865 679.6492
62 215.3258 678.8923
63 114.8014 369.6094
64 224.7926 588.0199
65 196.6414 378.5587
66 191.3316 359.5488
67 168.5182 264.5633
68 100.3893 342.0889
69 181.7792 310.3555
70 94.3112 389.0096
71 80.5048 373.4860
72 270.9041 669.8014
73 248.2712 672.3928
74 231.5924 674.5505
75 246.3316 596.5194
76 210.5104 679.4033
77 220.6650 684.0879
78 217.9414 678.0475
79 252.4045 589.1310
80 242.6079 676.6748
81 258.3222 677.4184
82 277.1115 678.8926
83 272.0908 738.6923
84 273.0340 715.0004
85 273.9472 702.5027
86 274.9119 692.4526
87 276.5230 685.5558
88 240.5792 682.2613
89 237.5241 684.4850
90 233.3420 689.8166
91 229.4933 696.8639
92 204.8264 644.7665
93 62.1393 554.2208
94 294.8301 607.7424
95 230.1931 680.9965
96 225.6981 681.6852
97 266.5994 610.9697
98 232.3152 601.1055
99 262.6625 605.9986
100 211.6836 515.7267
101 177.0889 530.6708
102 221.6802 574.7794
103 117.4390 285.1855
104 132.3244 320.0421
105 147.7348 358.6484
106 219.7613 714.8485
107 241.8462 364.0916
108 233.6868 308.4587
109 225.0176 254.5358
110 149.0367 460.0168
111 97.7190 483.5026
112 237.0714 450.7720
113 118.9484 427.1696
114 247.5039 488.3009
115 238.3277 573.9060
116 75.1427 498.8419
117 113.0898 499.5129
118 141.1630 508.2011
119 182.1612 504.6501
120 211.7901 495.0780
121 233.2097 484.5218
122 274.2824 458.7505
123 78.8357 546.8637
124 100.4863 423.8352
125 282.5670 603.1870
126 233.9278 527.3276
127 54.8437 451.1480
128 248.9872 472.6493
129 220.5413 574.7398
130 131.3472 440.2843
131 238.1570 556.9391
132 69.0661 610.4358
133 235.9635 442.3728
134 255.1232 544.7098
135 127.4711 724.1463
136 131.2140 749.9683
137 59.6415 552.2895
138 100.8012 693.1755
139 68.6294 410.3420
140 216.3845 800.5203
141 285.6085 606.7436
142 215.3517 543.5048
143 77.4242 456.5311
144 168.6458 449.7813
145 187.6956 451.0353
146 215.6269 688.0385
147 82.8609 593.2141
148 256.5207 832.8156
149 191.8365 801.6115
150 163.7053 780.5200
151 293.0633 309.0018
152 302.5243 837.3966
153 205.4236 449.5257
154 221.8404 445.8110
155 231.6157 443.9063
156 84.8046 418.3020
157 216.9953 428.4265
158 198.0869 423.5131
159 179.4407 422.7538
160 160.9686 426.4555
161 149.4067 431.9390
162 57.3081 397.7548
163 155.5973 446.9408
164 296.3228 627.4087
165 223.0691 632.9913
166 240.7554 590.5206
167 265.2427 628.5613
168 294.7046 424.5220
169 157.3187 754.1669
170 185.8936 777.5425
171 254.6577 816.4232
172 106.4562 715.3545
173 229.9433 436.6171
174 260.2832 497.3837
175 301.4973 820.0431
176 221.5401 820.0029
177 66.8411 603.2672
178 256.8175 683.8207
179 254.0395 688.6479
180 251.4477 696.5105
181 249.0857 707.5881
182 242.9891 728.7079
183 224.4248 678.9127
184 217.8701 677.4855
185 211.4472 674.1480
186 189.5230 660.4260
187 110.2530 605.9045
188 261.2918 472.2283
189 251.9525 427.8655
190 239.0169 430.7368
191 229.3974 676.1403
192 108.4770 660.5937
193 268.4455 427.8986
194 231.9134 751.9743
195 293.5105 506.4895
196 274.2404 485.5116
197 294.0550 480.4799
198 245.5657 534.7337
199 300.7781 794.9485
200 300.5984 764.8498
201 265.6277 764.1014
202 180.8174 709.8725
203 203.5205 592.5153
204 204.5180 733.9891
205 155.9057 587.5965
206 184.3246 614.6970
207 137.9046 623.7709
208 257.9768 792.6731
209 233.3915 546.5532
210 163.3023 727.8207
211 192.1632 753.5078
212 161.8767 682.5185
213 88.7355 632.6354
214 135.4632 685.7818
215 78.7627 650.3352
216 167.5815 642.9056
217 247.5115 512.1094
218 245.3706 585.3461
219 231.7074 588.1889
220 253.5999 570.6747
221 234.5457 410.5213
222 199.4809 399.9578
223 169.1243 398.7683
224 144.1549 402.5561
225 127.3234 411.6667
226 116.1824 446.5645
227 55.8846 503.0114
228 133.7332 476.8279
229 156.0326 483.2876
230 184.5846 482.7990
231 211.3187 477.2301
232 231.3361 469.7059
233 244.8834 462.5194
234 58.8786 502.2553
235 232.4835 592.6286
236 259.4993 520.3175
237 259.7781 588.2286
238 271.9149 598.5031
239 260.4151 591.1443
240 238.5247 598.7280
241 275.7669 601.2826
242 278.2359 604.6192
243 243.5376 444.2157
244 255.2496 450.3733
245 260.8309 455.0039
246 142.8851 435.8430
247 131.8912 428.8758
248 312.3264 509.8622
249 451.2485 441.1290
250 316.9817 600.7145
251 540.1636 351.2665
252 387.8909 460.7245
253 409.7471 462.3040
254 431.3429 461.5593
255 460.3057 449.4810
256 369.8706 455.6935
257 417.9526 407.8597
258 395.1923 408.7111
259 439.1089 411.3675
260 453.6545 418.3456
261 480.0207 464.5305
262 383.0540 777.6205
263 459.8017 436.0272
264 552.6170 452.0030
265 506.7261 449.7169
266 408.4262 560.0236
267 325.4090 657.1956
268 322.6308 677.3029
269 355.3397 662.2628
270 374.1389 668.8238
271 344.5359 677.4022
272 361.3068 678.2308
273 401.8719 699.6568
274 312.3217 592.0500
275 314.3701 568.1742
276 488.7713 396.5581
277 362.4579 501.7843
278 367.2873 579.0322
279 368.3233 565.1596
280 475.1356 554.3509
281 313.2322 536.9026
282 434.4067 374.3758
283 465.7864 381.8126
284 515.4652 311.5319
285 338.8141 393.2093
286 375.1427 415.0820
287 419.6677 679.1445
288 537.9024 670.2484
289 351.9197 592.5517
290 333.7662 600.1246
291 395.5681 679.4709
292 385.9595 678.6315
293 478.8362 366.0329
294 369.3371 587.5785
295 392.5776 376.2812
296 396.8031 356.9057
297 421.5399 260.7140
298 496.8460 337.6560
299 406.8185 307.0726
300 503.6018 385.3285
301 522.0491 369.3089
302 324.3393 669.6547
303 348.9573 672.1574
304 367.4282 674.0622
305 346.9311 596.2406
306 390.5591 679.1592
307 380.1624 683.7551
308 383.8303 677.8114
309 337.9107 588.6413
310 357.7970 676.2778
311 340.7742 677.2041
312 320.6874 678.7369
313 329.3432 738.7639
314 326.4207 714.8311
315 324.8535 702.3278
316 323.3365 692.2668
317 321.6494 685.5353
318 360.0591 681.9200
319 362.9711 684.2325
320 367.2195 689.3859
321 371.4190 696.5780
322 393.4334 644.0369
323 559.1652 553.4361
324 371.2903 680.8770
325 375.2589 681.4589
326 325.8768 610.6741
327 362.6351 600.5742
328 329.7662 605.6805
329 385.4443 514.3395
330 421.8069 528.8544
331 372.8423 574.1477
332 477.9782 280.2393
333 460.2528 315.9575
334 442.6153 355.1069
335 383.0783 715.0129
336 345.4267 362.7688
337 353.3064 306.6667
338 362.0898 252.3902
339 449.7793 457.5351
340 505.5362 480.7140
341 358.9114 450.2318
342 479.1830 424.2420
343 346.5666 487.5476
344 351.8070 573.2322
345 531.4048 496.3280
346 488.9145 496.7699
347 459.4325 505.6395
348 416.6320 502.8027
349 385.5803 493.6943
350 363.0103 483.5137
351 315.9080 458.3724
352 529.0875 544.9316
353 499.3608 420.4490
354 305.6883 603.2254
355 361.0749 526.3964
356 561.4945 448.6801
357 345.9995 471.9611
358 375.4210 574.0878
359 467.1175 437.6859
360 352.8073 556.2174
361 553.4680 610.9370
362 360.0881 441.9115
363 333.2072 544.1830
364 484.8502 726.1144
365 485.5788 753.0460
366 554.9647 551.0560
367 514.1322 694.5944
368 538.2130 406.6201
369 389.2671 802.4040
370 304.2237 606.6563
371 381.4545 542.3967
372 527.6746 453.5683
373 428.4046 447.5488
374 409.2471 449.2651
375 385.4771 687.7575
376 527.0541 592.1462
377 349.1267 834.1444
378 418.5491 804.5791
379 449.6658 783.6339
380 391.2415 448.0173
381 374.5660 444.8701
382 364.5063 443.2761
383 517.2201 414.6394
384 378.7722 427.5415
385 397.5871 422.0160
386 416.0316 420.9895
387 434.8297 424.2028
388 446.8066 429.5049
389 554.7628 394.0436
390 441.6430 444.5135
391 373.2000 632.4281
392 351.6921 589.9213
393 328.0306 628.1653
394 452.8308 756.4535
395 422.1718 780.1608
396 348.9308 817.5374
397 513.8103 717.7963
398 365.8998 436.0389
399 330.5941 496.8478
400 386.0918 822.2443
401 549.3993 603.1138
402 342.6170 683.5804
403 345.4253 688.3037
404 348.3561 696.2484
405 351.0773 707.2464
406 359.1072 729.0154
407 376.4326 678.5453
408 382.3397 677.0963
409 388.7260 673.7295
410 410.7304 659.9298
411 495.9945 604.7246
412 330.7909 471.6083
413 341.9430 427.1662
414 356.0297 430.0899
415 372.0288 675.8046
416 501.5377 660.7725
417 322.8650 427.3729
418 371.5256 752.7077
419 314.5764 485.2081
420 346.4735 533.9151
421 336.3330 764.5003
422 423.8023 710.4769
423 394.1603 591.5846
424 399.7699 734.7628
425 444.8377 586.2210
426 415.0558 613.7929
427 465.8721 622.9236
428 344.4247 793.3631
429 360.9301 545.5907
430 443.7844 729.1647
431 413.7157 755.0412
432 442.2541 682.4118
433 522.8758 632.4416
434 471.9964 686.1881
435 537.9760 651.0654
436 434.0093 642.1992
437 345.4705 511.3115
438 344.8184 584.8467
439 360.7659 587.6159
440 334.1758 570.2232
441 358.3337 409.4377
442 393.1128 398.0556
443 423.5159 396.1417
444 449.4917 399.6399
445 468.3810 408.5027
446 484.2449 443.7245
447 556.8698 500.9472
448 466.8426 474.1551
449 443.8096 480.8888
450 413.9840 480.9075
451 386.1949 475.8657
452 365.3438 468.8320
453 350.9038 461.8647
454 560.6294 500.4681
455 360.9788 592.2492
456 330.0891 519.7319
457 328.4068 587.9303
458 317.3526 598.4488
459 328.9757 590.8521
460 355.5424 598.4530
461 312.9653 601.2068
462 311.9276 604.6777
463 351.8979 443.7956
464 339.5075 449.9788
465 332.7511 454.5086
466 454.0547 433.3049
467 465.2635 426.0125
