# Image: /home/yaroslav/Projects/Diia.AIContest-AdAstrum/fixtures/FLUXSynID-processed/00702d3d8375/00702d3d8375_m_doc.jpg
# Mode: stream
# Status: fail
# Errors: face_not_looking_straight_at_camera: Head is turned 178.3째 (max: 15.0째); head_is_tilted: Head is tilted 20.9째 (max: 10.0째)

# 2D Landmarks (index x y)
0 303.9935 624.8906
1 303.8929 554.5190
2 303.3555 574.5941
3 286.1974 478.1509
4 303.5098 531.6956
5 302.8686 500.4241
6 301.4746 425.1012
7 165.0202 417.2684
8 301.1857 380.1994
9 301.1305 352.4467
10 299.5723 236.0361
11 304.1042 634.9853
12 304.1296 640.7845
13 304.1698 641.4642
14 304.4447 645.6788
15 304.6493 653.0531
16 304.8021 662.6665
17 305.1254 673.5054
18 305.6151 693.8461
19 303.7213 565.3659
20 285.4112 562.5438
21 86.9819 339.4201
22 221.5325 436.3054
23 202.2089 438.2480
24 183.4728 437.8675
25 158.3077 426.7816
26 237.6047 430.9214
27 194.7129 391.0829
28 214.7936 390.9713
29 176.5366 394.6085
30 164.0742 400.5291
31 141.6416 442.5228
32 233.1483 732.8134
33 157.7538 412.3934
34 79.4216 434.5356
35 117.7904 430.8651
36 207.4071 530.4658
37 279.7330 621.5041
38 283.0550 640.1836
39 255.0482 626.4327
40 238.7164 633.3701
41 264.8490 640.5377
42 249.9551 641.3752
43 215.0497 662.8144
44 287.3458 554.2837
45 284.8603 532.0861
46 131.3134 383.7262
47 245.7205 473.5390
48 241.6485 544.7882
49 240.7979 531.9815
50 149.0335 528.4801
51 285.5907 503.0157
52 179.2505 363.6353
53 151.2042 370.0751
54 106.4545 300.8840
55 264.0534 377.7183
56 232.6480 395.4441
57 198.7878 643.6143
58 99.8966 638.2485
59 255.5018 556.8807
60 271.9169 563.4135
61 218.9860 643.0311
62 226.7373 641.8084
63 139.1331 355.8433
64 240.6163 553.2432
65 216.7785 364.7252
66 212.2524 346.2417
67 186.6896 249.2701
68 123.3132 326.7357
69 201.2653 294.7797
70 118.1975 373.7550
71 102.5915 357.0858
72 281.1637 633.4791
73 260.9241 635.7688
74 244.7239 637.9716
75 260.4412 560.2305
76 223.0219 642.6393
77 232.5354 646.3276
78 228.5809 640.9557
79 266.5654 552.1060
80 252.8832 639.1430
81 268.1549 639.7879
82 285.3661 640.9497
83 279.9459 694.9545
84 281.5314 673.1318
85 282.2955 661.1820
86 283.1641 651.9831
87 284.4166 645.5492
88 250.1455 643.8189
89 247.7955 645.7851
90 244.5840 650.7088
91 241.5287 657.5504
92 222.0673 609.1545
93 78.2112 530.4917
94 303.6471 568.7577
95 239.8723 643.1610
96 236.4347 643.8898
97 278.8290 573.8123
98 247.7414 565.6540
99 275.4637 568.8587
100 226.1626 486.4961
101 194.8652 502.0756
102 237.3163 540.8748
103 138.1481 270.2378
104 154.9989 305.1479
105 171.5095 345.3931
106 232.3229 675.7746
107 256.8722 349.3889
108 247.8526 291.4629
109 238.6575 239.0290
110 167.4830 434.2702
111 119.8489 459.5312
112 247.6439 425.5317
113 141.1349 406.0693
114 258.8802 459.3317
115 254.1597 538.3435
116 98.1712 475.2638
117 134.8023 474.3664
118 161.1307 481.8113
119 198.5074 477.1921
120 225.4707 467.2561
121 244.9712 456.5607
122 283.3976 431.1082
123 102.1423 521.2865
124 123.1218 404.6408
125 293.9637 564.5022
126 247.4472 496.1364
127 72.6569 432.1130
128 259.5156 444.9701
129 235.8452 541.4056
130 152.6232 416.3124
131 253.5142 522.7589
132 84.9482 583.7674
133 246.8983 417.0438
134 269.1567 510.7166
135 145.1985 688.0992
136 147.0927 712.1819
137 80.8429 527.5262
138 119.2786 660.0102
139 90.3141 391.8702
140 229.6249 754.2513
141 295.8271 567.9632
142 230.3543 512.2763
143 99.8687 435.3957
144 184.9123 423.7253
145 201.7479 425.4921
146 228.4488 650.4292
147 105.6193 565.4546
148 266.7034 780.0502
149 206.3210 756.3547
150 178.9895 738.8301
151 300.2852 291.4271
152 307.3992 781.7809
153 217.9481 424.0580
154 233.2480 420.6830
155 242.6840 418.8773
156 107.7524 400.3300
157 229.2518 399.2509
158 212.1085 392.3771
159 194.8401 391.3059
160 177.8434 395.9179
161 167.7834 402.8973
162 76.5329 380.2959
163 173.1391 420.6262
164 303.5422 590.0883
165 239.8791 596.8875
166 255.3421 554.3648
167 277.0347 591.7128
168 301.1880 400.9261
169 173.4832 715.0122
170 200.5496 735.1687
171 264.9425 766.9014
172 121.6874 681.2072
173 241.4706 409.8044
174 271.5786 466.9119
175 307.1784 767.1651
176 234.7700 770.7510
177 87.3863 575.9829
178 265.9350 644.6071
179 263.6200 649.0525
180 261.6606 656.3886
181 259.7278 666.8510
182 253.7322 687.0590
183 235.8587 641.6720
184 230.7988 640.5849
185 225.5971 637.9162
186 206.4017 625.1860
187 132.3746 576.4875
188 271.5681 443.8782
189 262.2326 404.7765
190 249.7043 407.4774
191 239.4721 638.7873
192 128.8763 628.7035
193 277.8257 404.6215
194 242.7878 709.9857
195 302.3917 474.4347
196 284.3529 455.5098
197 301.9346 450.2969
198 259.0165 502.3194
199 306.7045 745.4682
200 306.1455 717.8699
201 273.5925 719.2925
202 196.3246 673.2514
203 220.5341 559.2807
204 218.0007 694.7827
205 176.0757 556.8417
206 202.4107 581.4869
207 158.6125 592.2978
208 267.2769 746.1784
209 247.6363 513.9256
210 179.7023 690.4172
211 206.4039 713.0210
212 179.5360 647.7070
213 110.3633 602.7803
214 154.6055 651.5474
215 98.1452 620.2908
216 185.9643 609.7019
217 259.8845 481.1543
218 260.3244 548.7265
219 247.2793 552.5018
220 268.4198 534.5676
221 247.7087 391.4771
222 216.8433 383.7918
223 189.7860 382.6870
224 166.8033 385.3095
225 150.3686 392.5103
226 137.5251 423.5681
227 77.3240 480.4601
228 153.5756 451.3284
229 173.8841 457.1397
230 199.7437 456.1642
231 223.9881 450.5481
232 242.5482 443.1156
233 255.1951 436.0206
234 75.0953 480.9331
235 247.6927 557.0602
236 271.8529 488.1174
237 273.8502 550.8069
238 284.5810 560.2123
239 273.9856 553.6421
240 253.4042 562.9014
241 287.9967 562.7543
242 289.7505 566.2059
243 253.6509 419.5784
244 264.8927 424.6618
245 270.3891 428.5893
246 162.1943 408.1317
247 153.8794 406.7209
248 318.5999 477.4499
249 436.7274 410.5877
250 321.5365 561.2724
251 510.7764 330.2161
252 381.0788 432.1122
253 400.6684 433.1177
254 419.3957 431.9256
255 443.4763 419.7829
256 364.7108 427.5778
257 407.1161 386.0943
258 386.7749 386.7101
259 425.4258 388.9668
260 437.7860 394.3972
261 460.6931 434.7299
262 379.0988 728.4638
263 443.5099 405.4338
264 520.5243 423.7326
265 483.7131 421.8219
266 398.6441 525.9835
267 327.9316 619.9563
268 324.9062 638.8039
269 352.2735 623.4446
270 368.2352 629.1938
271 342.7494 638.0674
272 357.2554 637.9622
273 392.6018 657.3555
274 320.1578 553.2042
275 322.0656 531.0026
276 470.7259 375.8426
277 358.3608 470.9129
278 364.2616 541.8161
279 364.6452 529.0751
280 456.8490 520.7657
281 320.2808 502.1526
282 423.2501 358.0668
283 451.0324 363.3858
284 491.5220 292.7913
285 338.5708 375.8974
286 368.8777 392.0666
287 407.8388 637.4638
288 503.7444 627.0985
289 350.8367 554.4196
290 334.8772 561.9634
291 387.2843 637.8117
292 379.5589 636.9270
293 462.7248 348.6594
294 365.2434 550.3944
295 385.8116 360.8186
296 390.2095 342.1083
297 411.8630 244.7410
298 476.7036 318.9624
299 399.3288 290.4858
300 483.2189 365.4402
301 497.3728 348.3280
302 326.8551 632.0673
303 346.6779 633.0880
304 362.5504 634.1721
305 346.1174 558.1342
306 383.0954 637.5124
307 374.1453 641.7018
308 377.5801 636.3275
309 340.2296 549.7243
310 354.0341 635.8395
311 339.3659 637.6097
312 322.6127 639.7124
313 331.0292 693.4718
314 328.3604 671.6486
315 327.0480 659.8243
316 325.7084 650.6720
317 324.1901 644.3471
318 357.1266 640.2420
319 359.5248 642.1341
320 362.8299 646.9166
321 366.0774 653.6047
322 384.8697 604.8141
323 521.9013 518.9378
324 366.8514 639.0862
325 370.2745 639.6164
326 328.0206 572.6243
327 358.5238 563.3025
328 331.2718 567.4846
329 378.4912 482.9209
330 410.5641 496.9007
331 368.0717 538.0071
332 459.9657 263.3689
333 445.2889 298.8166
334 430.5507 339.4167
335 376.5201 671.3601
336 345.6047 347.3345
337 352.9436 289.2447
338 360.3774 236.6300
339 434.9496 427.7108
340 482.8951 450.5248
341 354.5574 422.7062
342 460.6013 398.6161
343 344.8986 457.3066
344 352.1741 535.7782
345 504.2074 465.1085
346 468.8413 466.1097
347 443.2824 474.8439
348 405.9530 472.1292
349 378.4270 463.4762
350 358.4434 453.8478
351 319.7465 430.1519
352 501.9607 510.9933
353 478.4598 396.1506
354 313.5872 563.7904
355 357.3300 493.7277
356 525.4462 421.2385
357 343.6078 442.9487
358 369.4761 538.4186
359 448.8569 409.1960
360 352.0957 520.4464
361 516.7589 572.2242
362 354.9490 414.0738
363 336.6445 509.0583
364 462.7287 678.7745
365 460.8896 702.8334
366 521.2144 516.1435
367 486.9908 649.4988
368 509.3830 381.9451
369 383.5044 749.4492
370 311.3822 567.4407
371 374.8175 508.9990
372 501.1566 425.4235
373 417.5749 417.9015
374 400.8539 420.3239
375 378.3751 645.6287
376 499.4857 555.1332
377 347.5933 777.6107
378 405.7055 750.2073
379 431.2295 731.0620
380 384.3926 419.6439
381 368.8955 416.9159
382 359.3576 415.7051
383 493.2753 391.0072
384 371.8340 395.6628
385 388.7368 388.0503
386 405.9598 386.3010
387 423.0974 390.1219
388 433.2878 396.5466
389 521.2386 370.3668
390 428.9816 414.2682
391 367.1083 593.8452
392 351.2157 551.5741
393 330.2633 590.3140
394 436.1177 707.1377
395 410.6887 728.7656
396 349.0914 764.3518
397 484.1592 670.7706
398 360.0598 406.6337
399 332.7992 465.5153
400 378.8419 766.3534
401 515.9778 564.6222
402 342.0724 642.0252
403 344.6009 646.4558
404 346.9254 653.6478
405 349.1730 664.0297
406 356.4413 683.9423
407 370.7101 637.3351
408 375.6004 635.9984
409 380.8288 633.0296
410 400.0764 619.7509
411 473.9296 567.5234
412 331.9008 442.4200
413 339.6722 402.8868
414 351.9928 404.8000
415 366.8185 634.7792
416 477.5611 619.0758
417 324.4125 403.5674
418 368.2700 706.1512
419 319.6245 454.6309
420 345.9540 500.3157
421 338.4974 717.3983
422 411.8008 666.9571
423 385.5385 555.4739
424 391.6137 689.7168
425 430.6471 550.4406
426 404.1634 576.5232
427 448.4067 584.6773
428 346.0835 743.8583
429 357.3749 511.5646
430 429.1847 682.9244
431 404.0470 707.0864
432 427.8318 640.4905
433 495.1699 592.4583
434 452.6957 643.0170
435 506.5267 608.9560
436 420.7857 603.4479
437 344.5495 479.2794
438 346.3702 546.1023
439 359.0402 549.5793
440 338.2586 532.6550
441 354.1599 388.9386
442 385.3474 379.7103
443 412.5767 377.6416
444 435.4714 379.4322
445 451.6567 385.8406
446 464.2086 415.6243
447 523.6223 469.2329
448 449.3526 444.0153
449 429.5846 450.8247
450 403.6949 451.0895
451 379.0942 446.5366
452 360.4038 440.1283
453 347.5325 433.5962
454 523.6988 469.6256
455 358.4542 554.4237
456 333.1762 486.7257
457 333.4203 548.8071
458 322.6801 558.8740
459 333.0104 551.5674
460 353.0880 560.7449
461 319.4939 561.5921
462 317.4611 565.2932
463 348.4297 416.9935
464 337.4390 422.8671
465 332.2936 427.0899
466 439.0666 401.4491
467 447.7169 399.8763
