# Image: /home/yaroslav/Projects/Diia.AIContest-AdAstrum/fixtures/FLUXSynID-processed/00bb6f43cae3/00bb6f43cae3_f_live_0_p_d1.jpg
# Mode: stream
# Status: fail
# Errors: face_not_looking_straight_at_camera: Head is turned 174.5째 (max: 15.0째); head_is_tilted: Head is tilted 20.4째 (max: 10.0째); face_too_small_in_frame: Face occupies only 39.7% of frame (min: 50.0%)

# 2D Landmarks (index x y)
0 323.6573 641.8149
1 316.1471 573.0941
2 318.5659 594.2520
3 295.2557 514.1028
4 314.0960 553.6937
5 311.9076 529.1586
6 306.9098 471.0364
7 181.4523 485.8623
8 302.3445 423.8301
9 299.8930 397.8625
10 292.2423 313.6132
11 324.8011 651.9250
12 325.7446 659.1697
13 326.1373 661.6293
14 327.0328 669.0008
15 327.9604 677.8446
16 329.1030 688.6883
17 330.3306 700.4941
18 332.0007 715.9022
19 317.1711 583.1563
20 300.8797 583.7038
21 121.1461 422.8962
22 234.1165 496.8001
23 216.7502 500.4213
24 199.9898 500.7552
25 176.6473 492.5229
26 248.3514 489.7099
27 205.5915 451.6707
28 224.3252 451.3562
29 188.2728 455.5365
30 177.3133 462.9647
31 166.2512 504.9393
32 269.0597 745.0823
33 175.1432 481.7702
34 124.3233 501.8038
35 147.8508 493.4238
36 228.0712 570.2307
37 299.8498 640.0975
38 304.6753 660.2299
39 276.2982 646.7067
40 261.3403 654.2104
41 287.1497 661.4508
42 273.2926 663.1040
43 243.2136 684.7125
44 301.0207 573.8572
45 296.8338 556.0023
46 146.8835 440.3398
47 258.7193 520.6060
48 258.2846 574.3881
49 256.2701 565.0520
50 178.2908 573.5683
51 295.6979 533.0816
52 182.5498 414.7880
53 160.2895 423.8707
54 130.4610 387.0068
55 262.3849 423.8874
56 241.3657 455.6830
57 227.8834 666.3141
58 166.4457 665.7630
59 272.3614 583.0576
60 288.5382 588.3568
61 243.7056 665.4771
62 251.9062 664.5585
63 149.2450 411.6098
64 258.4661 583.0753
65 215.4261 413.7745
66 210.5395 397.6920
67 191.6649 334.2250
68 139.7340 398.8177
69 202.7301 364.6800
70 136.9696 433.1631
71 129.1238 429.1548
72 302.0794 651.9636
73 282.4054 655.6222
74 267.3901 658.8787
75 277.5378 586.4645
76 247.7660 665.1014
77 256.8000 670.4967
78 254.2363 663.7205
79 281.6867 574.7657
80 276.9230 661.5854
81 291.1298 661.9555
82 307.5139 662.1083
83 306.3108 717.5475
84 305.2252 700.5391
85 305.1886 688.3445
86 305.7070 677.0687
87 306.8757 669.6117
88 274.3819 667.9939
89 271.7107 670.7385
90 267.9985 676.4903
91 265.1722 683.4811
92 246.2158 633.9956
93 139.0547 581.9301
94 317.7490 587.6309
95 265.2057 666.8405
96 261.1073 667.9201
97 295.6049 596.7598
98 266.3414 594.2776
99 292.3322 592.7422
100 241.3457 533.5625
101 214.7584 548.6525
102 254.3361 573.9083
103 152.2575 356.8170
104 162.3781 376.3475
105 174.4999 399.3330
106 260.3032 697.7994
107 253.9121 398.7052
108 246.1706 360.0966
109 237.2519 321.1691
110 185.3517 498.6097
111 151.6387 519.3280
112 257.1504 483.2054
113 159.8169 468.4289
114 269.8769 506.9512
115 268.8094 565.4080
116 137.6584 533.5968
117 163.1256 530.7154
118 184.5431 535.0829
119 216.0931 529.2653
120 239.4199 519.1657
121 257.0360 508.1171
122 290.6286 478.2991
123 143.7342 570.9364
124 146.6001 465.6477
125 308.2812 583.2522
126 261.1126 537.5887
127 123.4920 502.5684
128 269.5606 496.0891
129 253.3536 575.6293
130 170.2412 482.5596
131 266.8414 554.2191
132 149.5840 623.3996
133 256.3488 476.7463
134 280.9079 541.7967
135 199.9345 704.7808
136 207.2878 723.5371
137 134.2308 577.8620
138 178.4242 682.2685
139 126.5219 463.4353
140 269.4035 761.7028
141 310.6553 587.4694
142 246.8487 553.1740
143 136.0972 498.5142
144 199.2287 490.4233
145 215.0353 490.5352
146 252.6765 674.2572
147 151.5553 606.6244
148 303.2669 782.7187
149 253.2163 761.1732
150 232.3682 745.7024
151 296.1953 355.7929
152 338.3108 783.1219
153 230.0655 487.5857
154 243.5986 482.5791
155 252.0382 479.1940
156 135.9029 463.2563
157 240.3443 468.2191
158 224.8683 466.4426
159 209.7382 467.1322
160 194.5845 470.7883
161 184.8918 475.4896
162 119.3089 459.1085
163 188.6531 488.3865
164 320.3647 609.7900
165 261.1472 622.0450
166 271.7636 579.8250
167 295.2381 613.8852
168 304.7976 447.8751
169 223.1416 727.3096
170 245.5420 744.4158
171 299.9639 772.9610
172 186.4968 698.9508
173 251.3401 472.7202
174 281.3683 508.9235
175 337.0638 772.7308
176 276.0150 774.2706
177 144.8810 616.3584
178 289.1196 669.0037
179 286.6498 674.5121
180 284.3513 683.1626
181 282.9800 694.0998
182 280.5547 709.5946
183 260.4979 663.6189
184 254.8082 662.0269
185 249.6013 659.4082
186 233.5073 649.0577
187 171.2320 613.9731
188 280.4191 491.4274
189 267.8587 459.8809
190 258.1841 465.8558
191 264.7266 661.2069
192 177.2781 657.1522
193 282.3275 454.7325
194 274.4487 726.7667
195 310.2366 509.2835
196 292.6577 497.1761
197 308.6581 490.9888
198 271.2438 538.9966
199 335.3305 756.0815
200 333.4331 734.5906
201 302.9148 735.9673
202 231.7481 693.2518
203 241.5039 592.6077
204 251.7326 712.4912
205 203.4397 594.5338
206 227.6411 612.8127
207 192.8680 625.3660
208 299.6208 757.0666
209 261.5634 550.8377
210 222.2323 707.8525
211 245.9638 727.1552
212 214.9196 670.7284
213 160.6232 636.6315
214 198.0759 675.2353
215 158.4737 651.2329
216 216.1565 637.4239
217 271.5885 523.0628
218 275.4494 572.4742
219 264.2408 579.5197
220 281.9343 559.5240
221 251.1771 445.1959
222 221.2409 437.5100
223 196.4116 437.5384
224 176.5569 442.1792
225 163.7950 452.0889
226 160.6695 487.4729
227 126.8424 540.0251
228 175.6750 512.0504
229 193.4633 515.5063
230 215.8200 513.5570
231 237.1601 507.0519
232 253.8421 498.3670
233 264.8777 490.2512
234 131.3265 542.2385
235 265.3338 584.7681
236 282.3904 524.7295
237 288.3188 571.9899
238 299.6900 580.7288
239 288.9114 574.9449
240 271.2576 590.4015
241 302.9333 582.3479
242 305.0796 586.5923
243 262.6245 476.5742
244 272.8398 478.6103
245 278.3242 479.9315
246 179.3347 478.9440
247 169.3928 470.9275
248 326.0532 510.9936
249 436.2025 460.1470
250 333.7099 580.6047
251 487.3666 385.7426
252 385.9979 481.4816
253 404.3238 481.6268
254 421.1198 478.6649
255 442.3350 465.8059
256 370.3024 477.3309
257 405.2096 431.1448
258 386.6044 434.6485
259 423.3215 431.5721
260 435.6230 436.8339
261 455.6555 476.0248
262 399.1801 733.2791
263 441.4354 454.7702
264 499.0714 464.1826
265 472.0689 460.8121
266 406.1276 552.8530
267 346.9693 635.7183
268 346.8156 656.3505
269 372.1004 637.8391
270 388.9037 642.3252
271 364.8945 654.2821
272 379.2327 653.2310
273 413.3569 668.7254
274 331.0294 570.9283
275 331.7114 552.5892
276 461.6894 408.4726
277 365.7861 510.0433
278 374.8107 563.2584
279 375.3639 553.6143
280 457.1019 546.1084
281 328.7762 529.7716
282 420.1013 390.3464
283 444.5839 394.9088
284 470.1092 352.2020
285 342.0689 415.6640
286 370.7332 442.4050
287 424.8722 647.8086
288 489.6474 635.1260
289 362.5862 574.4867
290 347.5150 582.8115
291 408.9046 649.9222
292 400.9058 650.4260
293 453.5092 380.6204
294 376.6293 571.9270
295 386.6752 396.0433
296 388.3780 379.1939
297 396.0777 312.9960
298 461.7668 365.9071
299 390.5052 345.2879
300 470.8456 399.3687
301 479.4014 393.6367
302 347.4200 647.6962
303 368.1019 647.8176
304 384.0394 647.9904
305 358.3061 578.9112
306 404.9324 650.2737
307 397.0386 657.2092
308 398.5255 650.0548
309 351.0835 568.0514
310 375.7785 652.2439
311 361.3935 655.4515
312 345.0075 658.5942
313 357.5349 712.7378
314 355.1014 695.7125
315 352.6372 683.7405
316 349.8194 672.9315
317 347.2180 665.7526
318 379.4355 657.9143
319 382.4837 660.1202
320 387.2338 665.0788
321 391.1481 671.3456
322 399.8880 619.5995
323 501.1209 546.2469
324 388.3526 655.1396
325 392.5050 655.5562
326 342.1025 592.4032
327 371.3370 584.4512
328 344.5342 587.8073
329 385.8814 519.2994
330 415.6496 528.9342
331 379.3158 562.0467
332 440.9069 326.9998
333 433.7755 348.3568
334 425.1151 373.6443
335 399.0639 684.7510
336 345.4699 389.1407
337 346.1918 349.7897
338 347.9536 309.7455
339 435.1518 473.5651
340 473.3198 487.1200
341 360.2207 472.7365
342 454.5610 438.8256
343 351.7666 498.7096
344 362.0983 556.4375
345 490.4753 498.4405
346 463.8242 500.7080
347 443.2486 509.2910
348 410.5777 509.9375
349 385.0884 504.7117
350 365.2676 497.3521
351 324.8074 474.8557
352 491.6541 536.5985
353 467.5222 433.2762
354 325.8825 581.4549
355 366.2967 527.3295
356 501.4778 464.5910
357 350.2755 487.9411
358 380.9691 563.4417
359 446.6308 454.6850
360 362.1788 545.0770
361 498.4054 589.6808
362 359.9459 466.1986
363 345.4810 535.4375
364 462.0071 680.7414
365 459.2827 700.7349
366 503.5772 541.5244
367 479.6005 654.1074
368 489.1582 426.6979
369 402.3907 749.9274
370 324.5937 586.1225
371 383.7222 539.8313
372 485.2633 463.3871
373 419.5487 468.3788
374 403.9003 471.5512
375 401.6682 660.0900
376 491.0261 573.6008
377 372.9304 776.5382
378 419.3234 746.5508
379 437.9520 727.5148
380 388.2793 471.6533
381 373.6335 469.2448
382 364.6420 467.7128
383 478.4238 428.5866
384 374.3518 454.6189
385 389.4981 449.7686
386 404.5038 447.4022
387 420.1664 448.0689
388 430.5615 450.6786
389 496.8413 421.1466
390 429.6311 464.2067
391 382.1871 610.7476
392 362.3426 571.0744
393 346.2068 609.0476
394 442.6961 707.5218
395 423.1074 728.6090
396 373.8288 766.4631
397 475.8278 672.1930
398 364.1555 461.2139
399 339.8612 503.0716
400 398.6725 763.4646
401 500.2260 581.9349
402 364.7541 661.7327
403 368.3700 666.6405
404 372.2707 674.5898
405 375.7163 684.9967
406 381.4101 700.0479
407 392.3519 651.1842
408 397.4025 648.6372
409 402.0917 645.0466
410 415.7279 631.8964
411 472.2568 584.8779
412 337.9255 485.5855
413 344.6389 452.0405
414 355.7963 455.8695
415 387.8683 649.6474
416 475.1485 628.9096
417 328.6870 450.0662
418 390.3531 716.0022
419 325.9368 493.8105
420 355.6835 530.7793
421 363.9514 730.3821
422 426.5548 675.1334
423 396.5999 577.7361
424 410.3631 697.8696
425 435.7610 571.9557
426 414.6097 594.9173
427 452.5958 600.4293
428 371.0776 750.5529
429 367.8817 540.5751
430 439.1559 687.7947
431 419.0816 711.4092
432 438.9223 649.5840
433 487.9656 605.2843
434 457.2091 650.8938
435 493.6102 619.1970
436 431.0384 617.0086
437 352.7277 515.1374
438 356.7546 564.6347
439 369.8663 569.4765
440 347.5214 553.2031
441 358.2078 434.2361
442 386.4486 420.5059
443 411.0472 415.5618
444 431.9793 416.2986
445 446.8712 423.5647
446 457.7183 457.5112
447 503.6174 502.5776
448 447.6313 484.7942
449 430.5656 491.7845
450 407.7505 494.4148
451 385.0150 492.1939
452 366.6969 486.9421
453 354.0448 481.1847
454 501.3122 505.4738
455 370.0297 574.9621
456 341.2540 518.8314
457 343.4681 566.5810
458 334.0406 577.3409
459 343.6756 569.5842
460 365.4860 581.7058
461 331.1606 579.5155
462 330.0316 584.0811
463 353.4943 467.2353
464 343.5944 471.3369
465 338.2607 473.8574
466 436.7380 452.8810
467 445.0355 443.0492
