# Image: /home/yaroslav/Projects/Diia.AIContest-AdAstrum/fixtures/FLUXSynID-processed/00bb6f43cae3/00bb6f43cae3_f_doc.jpg
# Mode: stream
# Status: fail
# Errors: face_too_small_in_frame: Face occupies only 43.0% of frame (min: 50.0%)

# 2D Landmarks (index x y)
0 304.2573 622.6663
1 306.7656 548.2877
2 304.8271 573.3087
3 291.3597 488.3360
4 307.1000 528.1859
5 307.2212 503.9957
6 306.6870 447.8053
7 172.2079 451.9285
8 306.8930 401.7480
9 307.3933 375.2721
10 308.2990 288.3381
11 304.0599 633.1338
12 303.8321 641.0345
13 303.5062 644.1456
14 304.1240 650.7420
15 304.1841 658.9147
16 304.0905 669.4586
17 303.7205 681.2377
18 302.7864 699.4492
19 306.0068 559.5351
20 289.7520 560.0821
21 110.9897 385.4740
22 224.9537 470.1877
23 206.4006 471.8924
24 189.0495 470.2313
25 166.1168 459.0609
26 241.0574 464.3064
27 202.8364 417.6923
28 222.1478 419.6053
29 184.4285 420.0485
30 171.7102 427.0254
31 152.7121 471.6469
32 233.5926 727.8379
33 166.3115 446.5262
34 103.4872 467.9810
35 133.7386 458.8779
36 213.1037 543.9633
37 280.9253 619.2561
38 282.9491 640.6121
39 256.3121 625.3802
40 239.4270 633.3689
41 265.0325 641.4859
42 250.2126 643.1964
43 215.4421 664.8238
44 291.6510 547.8493
45 289.6344 529.1251
46 142.7364 402.8060
47 250.3316 495.7853
48 247.7342 548.1792
49 246.2680 539.0145
50 158.5423 544.1688
51 290.5020 506.5283
52 185.9793 379.0814
53 160.3889 386.4995
54 127.9542 347.7610
55 267.0811 397.3308
56 238.9845 426.5632
57 201.8433 645.2389
58 123.9439 648.4053
59 261.0838 558.5859
60 276.5826 565.1396
61 219.4470 645.2686
62 227.4830 644.7333
63 149.9155 373.5565
64 246.6649 558.0906
65 220.7317 381.5943
66 217.8453 364.8702
67 202.6857 298.0500
68 139.1798 360.0031
69 212.2278 329.9093
70 132.1663 395.4298
71 121.7106 391.3710
72 281.6104 631.6428
73 261.3159 635.0549
74 244.9737 638.4771
75 265.7768 562.7904
76 223.6146 645.1506
77 232.4575 649.7290
78 229.5687 644.1021
79 271.8310 549.1273
80 253.4021 642.2379
81 268.3542 642.6797
82 284.9930 643.4006
83 276.9631 699.1961
84 279.0024 679.4368
85 280.5897 667.0515
86 282.2855 656.6047
87 283.9543 649.8990
88 250.4860 647.6104
89 247.7879 649.8356
90 243.6420 654.9739
91 239.9877 661.9176
92 225.9843 611.3654
93 104.5762 557.1709
94 305.4739 565.2160
95 240.6641 646.8505
96 236.9084 647.4720
97 282.3908 574.2618
98 252.9571 570.9338
99 279.6978 569.8797
100 230.4283 507.8821
101 200.5749 520.9774
102 242.8387 548.6916
103 157.0000 317.7972
104 167.6585 338.3005
105 179.5282 363.0250
106 231.7119 678.1862
107 261.7453 370.6397
108 257.4836 329.6830
109 251.7384 289.6547
110 174.2871 466.4712
111 134.5021 485.9520
112 251.4171 458.3621
113 151.7342 432.5925
114 263.7001 482.2463
115 259.7906 538.6449
116 116.5331 500.5743
117 146.2305 498.4496
118 169.0921 504.5791
119 203.4083 501.4375
120 229.1676 493.3148
121 249.0971 483.3790
122 289.1359 453.7191
123 118.9282 540.4573
124 137.4101 429.6204
125 297.4025 558.8357
126 252.0094 512.8023
127 99.0858 471.4050
128 263.8611 471.8390
129 240.8217 551.3622
130 160.8941 447.7986
131 258.6567 527.8545
132 110.7953 602.2780
133 251.6405 451.2335
134 274.3760 515.0296
135 160.4324 686.8008
136 163.1995 709.3995
137 104.1074 549.2944
138 138.9674 662.7345
139 112.4355 427.5087
140 231.1659 745.7420
141 298.7505 564.4290
142 235.1512 528.0556
143 119.1469 463.9021
144 189.8348 459.1817
145 205.9554 461.3666
146 227.8176 653.5977
147 122.6685 579.0494
148 263.9023 770.4388
149 211.4472 747.6074
150 189.2835 732.2272
151 308.0211 331.2516
152 300.2828 773.7664
153 221.9445 460.2097
154 236.8623 456.5361
155 246.5398 453.7489
156 125.1811 427.0595
157 236.0053 437.8828
158 220.2503 432.8067
159 204.5712 431.2653
160 188.2982 433.8529
161 177.5875 438.7983
162 102.3207 424.3649
163 179.1868 455.6539
164 304.6019 589.6996
165 243.7069 599.4432
166 260.9954 554.6617
167 279.4324 592.1135
168 306.5010 425.6359
169 183.5462 710.5180
170 206.6104 728.0639
171 262.5040 758.5532
172 142.3941 683.7717
173 247.0143 445.5101
174 276.7014 483.4653
175 301.0875 761.0135
176 235.6144 760.8336
177 110.4551 591.2289
178 265.9145 648.5171
179 263.0525 653.2934
180 260.0375 661.3275
181 257.4168 672.1156
182 251.5582 690.1527
183 236.5077 643.8837
184 231.2294 641.9464
185 226.2115 638.9566
186 210.3692 626.8932
187 145.0508 586.9491
188 276.7555 466.6016
189 266.4833 434.7556
190 255.0748 439.7164
191 240.6088 641.9437
192 144.0627 634.1059
193 282.7776 430.4161
194 241.9722 708.8981
195 307.1302 484.7688
196 289.8854 471.8962
197 306.9176 467.0525
198 263.5176 513.5981
199 301.6390 742.6194
200 302.1866 719.6009
201 270.6834 719.0614
202 200.6508 673.6783
203 225.8103 568.3143
204 219.4646 694.0367
205 183.8844 567.3822
206 208.2031 588.3206
207 168.1610 599.5414
208 264.5145 741.2192
209 252.0523 525.8786
210 187.2086 688.8215
211 210.4898 709.2029
212 185.9419 649.2283
213 127.9843 612.0164
214 165.5548 653.6450
215 120.5853 629.2614
216 192.5102 613.9344
217 264.6960 497.9598
218 265.9204 546.1447
219 253.3758 553.7604
220 274.0083 532.3329
221 251.7004 417.6675
222 222.1221 405.9621
223 196.4325 403.0114
224 174.7602 405.9375
225 159.3496 415.3351
226 149.1589 452.9939
227 101.0405 508.3906
228 162.1036 479.7080
229 180.5341 484.9926
230 204.2129 485.3260
231 227.4740 480.9079
232 246.1838 473.5441
233 258.9513 466.0186
234 101.4318 514.3936
235 253.5962 560.0239
236 276.7919 498.7900
237 279.1380 545.4247
238 289.1133 556.1653
239 279.1788 549.3300
240 258.8178 566.7517
241 292.1897 557.6566
242 293.4752 563.1385
243 258.3150 451.7198
244 269.0291 454.5680
245 275.0564 455.7862
246 171.2603 442.7653
247 162.0392 435.1981
248 322.2780 488.6948
249 434.6021 454.8768
250 320.7688 560.3121
251 492.3511 390.9826
252 382.7523 471.8674
253 401.1380 473.9946
254 418.1590 472.7078
255 439.6764 462.1303
256 367.1732 465.6570
257 405.9016 420.5042
258 386.9559 421.9554
259 423.7987 423.3996
260 435.6850 430.6177
261 452.2572 475.0000
262 367.6482 728.8666
263 440.0100 449.7295
264 496.7244 472.7652
265 470.0886 462.7501
266 394.1476 545.6750
267 327.2157 619.4162
268 324.1631 640.7628
269 350.6127 625.7437
270 366.1913 633.9466
271 341.3872 641.8709
272 355.2863 643.7748
273 387.1667 666.0640
274 321.3565 547.9972
275 324.2644 529.4270
276 464.6990 407.7186
277 358.6447 496.8631
278 361.3973 549.3807
279 362.7576 540.2267
280 446.2434 546.6477
281 323.5361 506.8550
282 425.0591 383.1916
283 448.9761 391.2697
284 478.6930 353.0042
285 345.9800 398.6656
286 370.3313 428.3587
287 400.8775 646.6903
288 467.3298 651.8449
289 347.9619 559.4723
290 332.7749 565.7658
291 384.0255 646.5325
292 376.2596 645.8241
293 459.2348 378.7920
294 361.5063 559.4691
295 391.5497 384.4798
296 395.4213 367.8325
297 410.6453 301.3410
298 469.1720 365.0209
299 401.6857 332.9541
300 474.7438 400.6094
301 483.8625 396.6444
302 326.0719 631.8458
303 345.4237 635.3399
304 360.7008 638.9920
305 343.1448 563.5897
306 380.0786 646.2954
307 372.0900 650.8209
308 373.8816 645.2013
309 338.9993 549.4684
310 351.7750 642.8448
311 337.5541 643.1511
312 321.6641 643.5362
313 327.8562 699.5714
314 327.7687 679.6491
315 327.0136 667.2991
316 325.5723 656.8811
317 323.7170 650.1206
318 355.2014 648.2733
319 357.9724 650.5244
320 361.8955 655.7709
321 365.1066 662.7138
322 379.8850 612.5295
323 488.7199 561.5133
324 363.9771 647.8062
325 367.9343 648.5354
326 326.9305 574.7014
327 354.6653 572.1644
328 329.5975 570.3924
329 377.6787 509.3948
330 406.7387 522.9624
331 365.2193 550.0588
332 452.8199 322.3701
333 443.3619 342.6648
334 431.9188 367.3621
335 371.6409 679.0690
336 352.6024 372.2492
337 358.0095 331.2980
338 364.0553 291.4951
339 432.1546 469.2667
340 469.0506 489.4232
341 357.3240 459.4622
342 454.4859 436.6769
343 346.3758 482.9885
344 351.1120 539.4447
345 484.9142 504.3814
346 458.2672 501.5109
347 436.8461 507.0862
348 403.9250 503.3924
349 378.7377 494.8941
350 359.5666 484.6027
351 323.7363 454.1211
352 481.7119 543.7963
353 468.2410 433.9019
354 314.4794 558.9112
355 357.0198 513.9167
356 498.1785 476.5106
357 345.8021 472.6382
358 366.3231 552.7652
359 444.8484 451.2572
360 351.8710 528.7265
361 481.0404 606.3857
362 357.1039 452.2954
363 338.1582 515.6134
364 435.8867 688.9654
365 430.5321 711.6902
366 492.6739 553.2944
367 456.2413 665.4491
368 490.6160 432.3865
369 369.0030 746.9242
370 312.0071 564.5020
371 372.6805 529.4985
372 483.1789 468.1134
373 417.8796 461.7412
374 402.0189 463.5775
375 376.2280 654.6787
376 476.4874 582.2481
377 336.0630 771.0084
378 385.6728 749.0751
379 406.3439 734.0333
380 386.1784 462.0044
381 371.4844 457.8547
382 362.0825 455.0059
383 479.6861 431.6552
384 372.7637 439.6186
385 388.2240 435.0969
386 403.6978 433.9016
387 419.6036 436.8125
388 429.6856 441.8960
389 498.2238 429.8740
390 428.0188 458.4594
391 363.1712 600.4700
392 348.6024 555.3747
393 329.3143 592.4531
394 413.6137 712.3251
395 391.9462 729.6479
396 338.7757 759.2312
397 449.8288 686.7483
398 361.8822 446.7498
399 335.2814 484.1340
400 363.2360 761.8745
401 484.7915 594.8166
402 340.9479 649.0077
403 343.8716 653.7147
404 346.6400 661.6821
405 348.6773 672.5118
406 352.5325 690.8220
407 367.9448 644.7811
408 373.2347 642.8795
409 378.2462 639.9697
410 393.9747 628.2037
411 456.5748 589.5623
412 334.7344 467.2368
413 343.9116 435.7404
414 354.2081 440.9262
415 363.6781 642.8272
416 454.1596 636.6701
417 329.2253 431.1115
418 360.3076 709.7391
419 323.3471 472.2661
420 346.9357 514.3826
421 332.7069 719.5762
422 400.3714 675.0461
423 380.6803 569.8719
424 381.8935 695.1866
425 421.8364 569.4239
426 397.5260 589.9382
427 435.1162 601.6914
428 337.8072 741.7525
429 356.9033 527.0113
430 411.9226 690.3539
431 389.5974 710.5444
432 415.5709 650.7909
433 469.6499 614.9380
434 433.9552 655.5079
435 474.0661 632.4199
436 411.3781 615.6528
437 345.6789 498.8801
438 345.0723 546.6485
439 356.0107 554.7711
440 338.5661 532.9093
441 359.0915 419.1363
442 388.4336 408.3199
443 413.5092 406.2204
444 434.2983 409.8582
445 448.4460 419.6242
446 455.8589 456.6226
447 497.1510 512.9269
448 443.4980 482.6774
449 426.0454 487.4708
450 403.0159 487.4557
451 380.2031 482.4906
452 362.2771 474.7408
453 350.2249 466.8963
454 493.4303 519.2331
455 354.9044 561.1751
456 335.5053 499.3182
457 333.1032 545.7055
458 322.1101 556.2619
459 332.2235 549.4675
460 349.4886 567.8582
461 319.5398 557.7285
462 317.1415 563.2627
463 350.8880 452.6704
464 340.8022 455.3356
465 335.7022 456.5359
466 435.5015 445.9956
467 444.4888 438.8386
