# Image: /home/yaroslav/Projects/Diia.AIContest-AdAstrum/fixtures/FLUXSynID-processed/011dc05a4a81/011dc05a4a81_f_doc.jpg
# Mode: stream
# Status: fail
# Errors: strong_shadows_on_face: Strong shadows or uneven lighting detected (difference: 30.1); face_not_looking_straight_at_camera: Head is turned 177.1째 (max: 15.0째); head_is_tilted: Head is tilted 16.4째 (max: 10.0째); face_too_small_in_frame: Face occupies only 43.2% of frame (min: 50.0%)

# 2D Landmarks (index x y)
0 307.2573 628.7928
1 302.7382 559.0984
2 304.6919 580.6556
3 283.3196 493.8863
4 301.3785 538.3215
5 300.0622 511.5076
6 297.6235 447.8507
7 164.0622 451.3258
8 295.5603 406.1451
9 294.2931 380.6979
10 289.5161 280.6988
11 307.8302 638.9454
12 308.4222 646.0438
13 308.8816 648.4576
14 309.7733 652.8890
15 310.2296 660.7534
16 310.8074 670.7975
17 311.5638 681.8787
18 312.9939 700.2901
19 303.4883 569.6701
20 286.6431 569.3170
21 94.1207 385.8410
22 218.7895 465.5558
23 200.0731 468.2272
24 182.1065 468.6911
25 157.8297 460.1952
26 234.5480 459.6440
27 192.2730 423.4215
28 211.8690 422.7616
29 174.3145 427.3148
30 162.3143 433.7341
31 142.7929 474.8345
32 244.0120 735.3469
33 157.4752 447.4106
34 88.8001 471.2794
35 120.9705 464.5459
36 209.6703 549.7871
37 284.2530 626.7959
38 288.9526 646.7169
39 261.5055 634.2707
40 246.8864 643.5865
41 272.3633 648.8189
42 259.0196 651.6236
43 225.3137 674.8995
44 286.9191 559.4583
45 283.1461 539.8230
46 130.6310 417.8155
47 244.5616 496.7094
48 243.6142 557.6163
49 241.9398 547.0697
50 153.5406 552.0141
51 282.9760 514.7750
52 174.8215 395.7603
53 148.3548 403.4915
54 109.6774 349.1515
55 257.8678 405.2096
56 229.6071 426.5350
57 209.8840 657.3746
58 119.3269 655.3377
59 258.1952 567.8772
60 274.4249 572.9288
61 230.6770 656.7751
62 238.7638 654.7951
63 137.0692 391.2933
64 243.8356 566.6967
65 210.7985 395.0500
66 206.0123 378.6928
67 181.5545 297.4748
68 123.7664 368.7349
69 195.4273 335.4791
70 118.8549 409.9249
71 106.4644 398.2181
72 286.3830 638.7789
73 267.7827 643.4180
74 253.0678 648.0730
75 263.5063 571.0912
76 235.0030 656.1557
77 243.0672 658.6128
78 240.6891 653.5735
79 267.4231 560.1787
80 262.5706 650.1456
81 276.2154 649.3186
82 291.7489 648.9134
83 287.9748 701.6930
84 288.2437 681.8847
85 288.6954 670.1123
86 289.5465 660.1185
87 290.8658 653.4088
88 259.7144 654.1899
89 257.1950 656.5884
90 253.5926 661.8392
91 250.3628 668.7619
92 229.4118 621.2007
93 94.4418 559.6746
94 304.0623 573.8862
95 250.8059 654.5758
96 247.1185 655.8136
97 281.3691 581.8675
98 251.7914 578.6630
99 278.0055 577.5983
100 225.6202 509.9117
101 195.7687 525.6484
102 239.5995 556.3510
103 137.1235 319.1239
104 151.9739 347.1088
105 167.0339 379.9310
106 242.0034 685.6750
107 249.8971 379.6513
108 240.4564 330.6911
109 230.7571 285.8290
110 166.6826 466.3476
111 123.1997 491.0296
112 244.4862 453.7852
113 140.8226 439.8854
114 256.9527 482.5070
115 254.4912 549.1589
116 104.2990 506.3953
117 136.8903 504.0476
118 161.7965 509.5451
119 197.8113 503.5169
120 223.8121 493.1317
121 243.0710 482.1400
122 279.9666 454.2517
123 109.8507 548.1115
124 124.5567 439.0917
125 294.1058 569.2822
126 247.1550 516.1414
127 85.4451 471.7631
128 257.0405 470.2072
129 238.5364 558.0775
130 151.9731 450.4078
131 253.1418 536.4266
132 102.9150 606.9355
133 244.0870 446.0840
134 267.4154 523.4637
135 161.4344 697.4391
136 164.9061 719.2275
137 93.2312 555.0047
138 136.5360 672.7810
139 97.0563 431.5713
140 241.5170 754.5887
141 296.6144 573.4654
142 231.2364 532.3131
143 105.3175 469.6178
144 182.7207 455.7863
145 199.0914 456.5513
146 238.8353 662.8978
147 116.4344 587.7130
148 278.1636 778.2021
149 220.1617 757.2555
150 194.8162 742.1782
151 291.7758 328.5699
152 318.3527 779.4101
153 214.9825 454.6086
154 229.8191 450.6980
155 239.3905 448.3089
156 111.0658 436.3585
157 227.0900 433.2243
158 210.6850 429.0490
159 194.1653 428.8955
160 177.7608 433.2234
161 167.7734 439.2935
162 86.6914 424.2409
163 171.5333 453.6728
164 305.6215 595.6615
165 245.4606 607.9454
166 257.4986 564.5830
167 280.1873 599.0530
168 296.7138 426.1340
169 188.1405 720.7898
170 213.8537 737.9564
171 275.6169 765.6509
172 140.9451 692.7089
173 238.7668 440.5098
174 269.1022 486.4837
175 317.1158 765.8436
176 247.1999 769.8152
177 102.1193 598.2820
178 273.9436 653.5772
179 271.4598 658.4214
180 269.0986 666.1911
181 267.3909 676.6297
182 262.5468 695.0614
183 246.8775 653.6061
184 241.2895 652.7302
185 235.7191 650.3868
186 215.9940 638.3560
187 141.8877 596.2949
188 268.7272 467.0075
189 258.4404 433.1444
190 246.7147 436.7416
191 250.8171 650.8752
192 142.9220 644.1487
193 273.7019 431.0251
194 252.5730 715.3243
195 299.2147 489.5996
196 281.2266 474.9316
197 298.4629 469.3132
198 257.9443 519.0371
199 315.8300 746.1763
200 314.3188 721.7476
201 282.4847 723.1728
202 207.3372 683.8288
203 224.4685 575.4362
204 228.2861 702.5365
205 181.5270 575.4522
206 208.4238 596.6989
207 167.7796 609.1222
208 277.0620 746.8207
209 247.7466 531.4111
210 192.3570 698.9418
211 218.1364 718.4366
212 190.6700 660.6997
213 123.7831 621.3186
214 167.7611 664.3177
215 114.7280 637.7052
216 195.1675 624.5946
217 258.4353 501.0280
218 261.0878 557.4119
219 249.5792 563.7517
220 267.7504 543.4687
221 243.1760 420.5546
222 212.3212 413.9046
223 185.7668 413.9484
224 163.7729 417.6873
225 148.4165 425.8972
226 138.4276 457.2409
227 88.0401 512.6658
228 153.7008 482.4567
229 173.1710 486.5723
230 198.1184 484.6285
231 221.7853 478.3263
232 239.9273 470.3278
233 252.3345 462.7837
234 89.7400 515.5756
235 250.7626 569.0423
236 269.5775 504.3375
237 273.8113 557.2692
238 285.1320 566.3151
239 274.5673 560.4632
240 256.9425 574.7799
241 288.3139 568.0904
242 290.7294 572.2750
243 250.8236 447.5310
244 261.7932 451.5483
245 267.3125 454.1577
246 162.0427 443.6859
247 152.6702 440.4576
248 315.7480 492.2312
249 434.2298 436.3727
250 321.1686 567.5055
251 502.2727 363.8310
252 381.0304 456.5457
253 400.2609 457.1030
254 418.4550 455.4821
255 441.7498 444.5532
256 364.3485 452.3987
257 402.3300 411.7549
258 382.5450 413.1269
259 420.8176 413.7557
260 433.6995 418.7779
261 459.0574 457.6037
262 387.4203 728.3347
263 440.4764 431.9202
264 516.4987 448.2023
265 480.4396 444.9286
266 398.8774 539.6004
267 330.1539 624.1382
268 328.2909 644.4294
269 354.5036 629.0959
270 370.8742 636.5718
271 345.7399 644.7330
272 360.0179 645.8565
273 397.9756 665.6556
274 318.7054 557.7059
275 319.8341 537.7588
276 464.3528 399.4804
277 357.7310 490.5629
278 363.3400 551.2089
279 364.0717 540.4673
280 456.4250 535.5517
281 317.6967 512.9295
282 416.2414 382.0942
283 444.1846 387.1325
284 481.1146 328.9124
285 333.5434 400.7850
286 365.3915 418.9082
287 411.1645 646.4553
288 508.7819 635.3963
289 350.1911 562.8797
290 334.4430 569.8313
291 389.9058 648.0087
292 381.7699 646.8177
293 454.7128 373.8283
294 364.6631 560.3893
295 379.5785 385.3858
296 382.6518 368.5387
297 400.1179 285.4768
298 467.3524 349.7683
299 389.3875 324.5479
300 476.1763 390.4590
301 489.3870 377.5322
302 329.6698 636.3229
303 349.4504 638.7509
304 365.3497 641.6535
305 345.4091 566.7695
306 385.5319 647.6683
307 377.8452 651.0963
308 379.7837 645.7867
309 339.3024 556.0739
310 356.5906 644.6939
311 342.3423 645.5666
312 326.2764 646.7997
313 338.4352 699.0727
314 335.1264 679.2190
315 333.1406 667.5909
316 331.0115 657.8711
317 328.9717 651.3482
318 360.7024 648.4297
319 363.4695 650.5350
320 367.6854 655.4673
321 371.7390 662.0480
322 386.2438 612.5864
323 523.1973 537.0839
324 369.9336 647.9057
325 373.4794 648.7602
326 328.4901 579.3692
327 358.3850 573.1508
328 331.2383 574.7525
329 378.6507 501.6295
330 410.5982 513.8876
331 367.8829 549.5170
332 448.5354 302.0631
333 435.4080 331.3399
334 422.4678 365.4266
335 382.8113 678.1326
336 338.6317 374.5507
337 343.3815 324.8781
338 348.9989 279.3316
339 433.5506 451.6056
340 481.0594 471.6083
341 353.6812 447.7698
342 456.7628 422.6325
343 343.4020 477.7959
344 350.9696 543.8488
345 502.5050 484.9252
346 468.1603 485.9108
347 443.3223 494.1372
348 406.3238 492.1108
349 378.8812 484.6080
350 358.0507 475.8914
351 316.2508 452.2545
352 501.4118 527.0200
353 473.5294 420.0326
354 313.0229 568.2741
355 356.8530 510.2539
356 522.0791 448.2948
357 342.3777 465.6132
358 369.7721 551.0387
359 446.5863 434.3521
360 351.1118 531.0820
361 519.8959 585.2926
362 353.4129 440.0179
363 334.7056 519.7309
364 468.1691 682.0944
365 468.8319 704.5519
366 521.1052 532.3840
367 490.9043 654.7898
368 503.3234 409.5334
369 392.6052 747.3884
370 311.4574 572.6828
371 374.8887 524.5943
372 497.6986 448.4104
373 416.0360 442.7610
374 399.7725 445.3593
375 382.7241 654.9282
376 499.5838 567.4088
377 358.3756 774.5768
378 415.8611 748.1597
379 440.6235 730.5034
380 383.5691 445.1542
381 368.2408 442.8850
382 358.3969 441.6833
383 487.9071 415.7839
384 369.0382 425.3775
385 385.0846 419.4784
386 401.4269 417.6298
387 418.2301 420.1085
388 428.9518 424.9384
389 514.9958 401.2588
390 426.9064 439.5262
391 368.2142 601.3369
392 350.3504 559.4858
393 331.5356 596.2161
394 443.5218 708.3364
395 419.2632 728.2238
396 358.7878 761.7586
397 490.6967 675.3112
398 358.0376 433.9118
399 330.5082 483.2395
400 389.3499 763.3426
401 517.2896 576.5320
402 346.2506 649.5631
403 349.1848 654.0269
404 352.5068 661.4611
405 355.6120 671.7539
406 363.3425 689.8085
407 372.9555 646.4508
408 378.2063 644.9963
409 383.4723 642.0979
410 401.9571 628.1277
411 473.8125 578.4540
412 329.4265 463.7431
413 337.1130 428.7300
414 349.3747 431.0288
415 368.9444 644.1808
416 479.3341 626.5874
417 320.7678 428.3872
418 376.1639 709.0188
419 316.4264 473.0460
420 345.0806 514.2942
421 346.7280 719.9784
422 417.6731 672.9738
423 386.4250 566.8147
424 398.9993 693.9206
425 430.4270 561.9733
426 405.2243 586.1434
427 448.6761 593.9842
428 354.9034 743.0368
429 357.2830 525.4999
430 435.4506 686.6739
431 411.8482 708.9292
432 431.4097 647.9078
433 496.4104 601.7976
434 456.0159 649.3640
435 509.3199 617.3426
436 422.0378 612.3201
437 343.2473 496.3827
438 345.2033 552.7285
439 358.0773 557.8072
440 336.3473 539.7267
441 350.6588 414.4850
442 380.7347 404.3421
443 407.4183 401.4788
444 430.2447 402.9984
445 446.9098 409.5486
446 461.6554 439.5940
447 521.7731 489.5788
448 448.7419 466.1801
449 429.4854 472.4344
450 404.0520 473.2204
451 379.4466 469.5297
452 360.2008 463.7394
453 346.7112 457.5584
454 522.8711 492.5366
455 357.7644 563.3543
456 331.0844 501.0363
457 331.9104 553.9892
458 321.9661 564.3044
459 331.9805 557.2828
460 352.5250 569.8943
461 318.7976 566.3947
462 317.3512 570.9151
463 346.6788 442.2496
464 335.8091 447.4453
465 330.1988 450.7829
466 435.3678 428.7240
467 444.4686 424.4739
