# Image: /home/yaroslav/Projects/Diia.AIContest-AdAstrum/fixtures/FLUXSynID-processed/011dc05a4a81/011dc05a4a81_f_live_0_a_d1.jpg
# Mode: stream
# Status: fail
# Errors: image_blurry_or_out_of_focus: Image is blurry (sharpness score: 55.55); strong_shadows_on_face: Strong shadows or uneven lighting detected (difference: 47.8); face_not_looking_straight_at_camera: Head is turned 179.3째 (max: 15.0째); head_is_tilted: Head is tilted 15.1째 (max: 10.0째)

# 2D Landmarks (index x y)
0 302.2587 634.0681
1 298.8299 556.5416
2 301.0379 581.1589
3 279.9544 485.1192
4 298.1456 533.6020
5 297.9334 504.7260
6 298.3175 436.7810
7 147.7015 433.8578
8 297.0612 390.3034
9 296.3398 363.0496
10 294.1798 261.1213
11 302.7311 645.9155
12 303.3223 655.2195
13 303.8514 659.3334
14 305.0231 667.5072
15 305.2416 677.3821
16 305.6414 689.8146
17 306.2164 702.9157
18 307.4719 723.0767
19 299.4229 568.4909
20 280.6948 568.2803
21 77.3008 364.6020
22 209.3845 453.3307
23 188.3390 455.3622
24 168.0572 455.1467
25 140.9528 443.1721
26 227.2583 447.6081
27 179.5781 400.4875
28 202.6474 401.6891
29 158.5298 403.7425
30 144.5639 411.0061
31 124.8849 460.1179
32 227.7160 755.1076
33 140.2261 428.3358
34 67.5013 455.7157
35 101.3927 447.5550
36 196.1530 545.4736
37 276.1052 630.9038
38 281.6354 655.4925
39 250.2078 639.9767
40 234.4715 651.3763
41 263.1346 658.0048
42 248.8269 661.8949
43 209.0787 688.3806
44 281.0554 556.3453
45 277.3168 534.6835
46 111.5613 392.4303
47 237.0141 488.4317
48 232.7393 554.7325
49 231.1856 543.1692
50 135.2722 546.2291
51 278.4032 507.5604
52 160.2546 369.6123
53 130.8780 376.7395
54 94.5474 325.5867
55 253.5187 386.8557
56 222.9123 408.1235
57 193.0962 667.5506
58 94.4017 658.7233
59 249.0686 566.7357
60 266.8481 572.7042
61 216.9231 668.9935
62 226.8930 666.9461
63 119.2175 363.6608
64 232.7833 565.3674
65 200.4399 371.8854
66 195.8151 354.7900
67 174.6695 274.1139
68 107.2539 343.7305
69 187.2282 312.2954
70 99.7170 384.4809
71 88.6166 375.3694
72 278.4351 645.1128
73 257.5305 651.0013
74 241.6461 657.1352
75 254.8456 570.7813
76 222.2358 668.5325
77 230.5767 672.1425
78 229.2166 665.2080
79 259.5897 557.3982
80 253.3607 660.8815
81 267.9588 659.5965
82 285.0166 659.2514
83 278.5193 722.9655
84 279.0529 701.4995
85 280.1701 687.8616
86 281.8746 675.4030
87 283.8218 667.2418
88 249.9633 667.1463
89 246.6156 670.3387
90 241.7538 676.6616
91 237.3393 684.5630
92 215.5387 625.7847
93 71.4542 552.5126
94 300.2046 573.6401
95 240.2709 667.1713
96 235.7643 668.8862
97 274.2610 582.3643
98 241.3308 579.3328
99 270.7326 577.7829
100 215.5672 502.3830
101 182.1841 518.5672
102 228.3928 553.8507
103 125.1243 294.6899
104 138.4634 321.5672
105 152.3621 353.1392
106 227.2647 701.9632
107 245.4730 359.5562
108 237.8790 310.4793
109 229.2690 264.2512
110 150.7772 451.3022
111 103.1972 477.8205
112 238.5863 441.5755
113 122.2533 418.6778
114 251.2993 473.2307
115 245.1601 544.8724
116 82.1136 494.2833
117 117.7310 492.7614
118 145.0342 500.0076
119 185.1426 494.5092
120 214.2855 483.8604
121 236.0043 472.5459
122 278.1462 442.9836
123 86.9804 540.1495
124 105.5056 417.7259
125 288.8780 567.6944
126 238.7026 509.6566
127 65.3165 457.0792
128 251.8731 460.0994
129 227.1745 556.1395
130 134.0735 431.1729
131 244.0615 531.1797
132 78.3091 604.6471
133 238.4218 433.1629
134 260.5490 516.8977
135 137.8786 707.9058
136 140.7259 732.3170
137 68.8462 546.9288
138 112.5496 678.8358
139 77.9782 412.3823
140 223.8152 776.6942
141 291.9203 572.8811
142 220.5465 527.0931
143 84.6256 453.1697
144 168.7803 440.8537
145 187.4421 442.5665
146 225.2469 676.6654
147 93.3807 583.6361
148 264.5852 806.8651
149 199.1955 778.2886
150 171.9617 759.7054
151 295.2134 310.2283
152 311.4880 811.0440
153 205.3701 441.3023
154 222.3150 437.8206
155 233.1361 435.5618
156 91.5336 415.2450
157 219.7582 417.2187
158 201.2875 410.8814
159 182.3586 409.3330
160 163.3869 413.0407
161 151.8053 419.3435
162 68.2364 405.8312
163 156.2234 437.5587
164 301.6759 597.6131
165 232.9807 611.3197
166 248.4160 562.6735
167 272.3922 601.1311
168 298.0593 413.0907
169 165.4968 735.3436
170 193.3885 755.9757
171 262.3686 791.7710
172 116.4900 701.2998
173 232.6657 426.5293
174 264.4435 477.3135
175 310.4347 795.2889
176 229.0753 794.7549
177 77.0078 594.6258
178 265.4757 666.8108
179 262.0898 672.8094
180 258.5286 682.2804
181 255.7313 694.4155
182 249.7872 714.0169
183 235.9098 664.7712
184 229.0756 663.3765
185 222.5626 660.2732
186 200.9728 645.3471
187 121.6637 594.1883
188 265.0265 456.5592
189 254.6827 419.2883
190 241.6657 422.1031
191 240.8644 661.8677
192 120.7095 647.3818
193 271.7059 417.4926
194 238.1823 734.0989
195 298.1741 481.0848
196 278.4897 464.8886
197 298.2060 459.3585
198 250.4522 512.5253
199 309.4872 772.6861
200 308.4977 745.8988
201 271.9062 745.0429
202 188.3094 696.1123
203 210.9960 574.8452
204 210.8189 718.2936
205 165.2917 572.7879
206 193.4731 597.6959
207 149.4277 609.6540
208 264.8739 770.3316
209 238.6145 526.2478
210 171.0063 711.7094
211 199.0363 734.6401
212 171.4622 669.3016
213 100.3073 621.0151
214 146.1576 671.7180
215 89.7034 638.7237
216 178.8246 628.6095
217 251.9636 493.1455
218 252.5403 554.1007
219 239.4262 561.5204
220 260.0837 538.4604
221 237.6317 402.7962
222 202.6426 391.8217
223 172.0917 389.7637
224 147.1337 392.9501
225 130.2666 402.1410
226 120.0140 439.2845
227 64.8369 500.6427
228 136.4327 468.9951
229 158.0771 474.8511
230 185.8407 473.5790
231 212.4697 467.5218
232 232.9238 459.6056
233 247.0656 451.9094
234 68.3875 504.6734
235 240.6253 568.0026
236 264.0512 496.4421
237 266.5044 553.7130
238 279.1230 564.6051
239 267.4907 557.6923
240 247.3785 574.8658
241 282.5337 566.3066
242 285.2370 571.4989
243 245.9369 434.9041
244 257.9715 439.9548
245 264.0062 442.8592
246 145.2876 424.1137
247 134.4310 419.0601
248 316.8865 484.6778
249 453.7813 429.3935
250 319.8245 567.9415
251 525.2894 357.6556
252 393.0791 450.5916
253 414.4009 451.8250
254 434.7717 450.8487
255 461.3202 438.4453
256 374.8143 445.5930
257 418.0947 397.5442
258 395.5869 399.3742
259 439.3767 399.9988
260 453.9380 406.6292
261 478.7586 455.0170
262 392.4770 754.5470
263 461.0795 423.7268
264 541.1444 449.0182
265 501.9213 441.7834
266 409.2934 542.6024
267 328.6910 630.3052
268 325.6284 655.0283
269 356.6767 639.1255
270 374.4856 650.2817
271 345.4103 657.4117
272 361.1002 661.0842
273 405.8302 687.3240
274 316.9550 555.8589
275 319.2856 534.0486
276 484.8354 387.3721
277 365.0505 486.5774
278 368.7757 553.3009
279 370.4926 541.6981
280 472.3883 541.2711
281 318.0949 507.1606
282 432.9262 366.3010
283 463.2521 372.5124
284 502.6423 319.1425
285 340.9360 385.7794
286 376.2272 406.4811
287 420.5284 665.8981
288 531.2891 655.2588
289 352.9834 565.7116
290 335.2895 572.0946
291 395.9094 668.2134
292 385.9261 666.3029
293 474.1587 359.3135
294 370.2403 564.2442
295 392.8576 369.5625
296 396.1780 352.2953
297 415.5025 270.1671
298 487.9592 337.9535
299 403.6822 309.1463
300 497.2015 379.1223
301 511.2378 369.1409
302 327.4495 644.5447
303 350.2995 650.1863
304 367.7385 656.0185
305 347.6599 569.8716
306 390.5706 667.7417
307 382.3298 671.3022
308 383.5373 664.5495
309 340.4748 556.3129
310 357.0699 660.1285
311 341.2798 659.1218
312 323.3609 658.6951
313 337.0319 722.6390
314 333.8157 700.9932
315 331.7523 687.3489
316 329.1088 674.9899
317 326.7008 666.9505
318 362.2182 666.3045
319 365.7015 669.4671
320 371.1213 675.8173
321 376.2488 683.5797
322 392.6868 623.6878
323 548.1420 547.0591
324 372.5589 666.5839
325 376.8437 668.2218
326 328.4441 581.9133
327 362.8755 578.3375
328 331.7434 577.1811
329 387.9474 499.8302
330 422.7924 514.8411
331 374.5750 552.2827
332 467.9280 289.2725
333 453.7452 317.0156
334 439.7753 349.4798
335 388.6898 700.8230
336 346.9797 358.3436
337 352.8105 308.5373
338 359.6672 262.0843
339 451.9002 446.7602
340 501.8770 472.1317
341 363.0821 440.0906
342 477.3856 413.6031
343 349.4360 471.8586
344 354.6262 543.5631
345 525.4235 488.0466
346 487.4380 487.1331
347 459.8572 495.0561
348 419.0278 490.8139
349 388.9823 481.2461
350 366.2104 470.7503
351 319.3359 442.5376
352 523.1526 534.1672
353 494.6906 412.2829
354 310.2401 567.5379
355 363.4101 507.9770
356 547.2516 450.5502
357 348.9783 458.8563
358 376.8341 554.5123
359 467.3768 426.4520
360 355.8679 529.8268
361 544.3101 599.9205
362 363.1389 431.6997
363 337.3666 515.8755
364 484.8212 706.0214
365 486.1631 731.3320
366 545.8966 541.1570
367 509.8572 676.0739
368 526.5104 405.7160
369 398.5336 776.5470
370 308.5703 572.6561
371 383.2397 524.9798
372 520.4983 447.0428
373 432.9424 436.8202
374 414.5456 439.1011
375 388.2466 675.8406
376 520.0647 578.5365
377 358.7417 806.9661
378 426.2006 778.3471
379 454.5158 759.2817
380 396.4899 438.4600
381 379.5546 435.5780
382 368.6411 433.8042
383 509.9914 409.2165
384 381.1933 415.3062
385 399.1994 408.4915
386 417.6955 406.3491
387 436.7171 409.1847
388 448.8158 415.0275
389 539.4069 398.9982
390 445.3593 433.2713
391 373.3747 609.8190
392 353.0827 561.5798
393 331.3735 600.3865
394 457.4030 734.2911
395 429.6853 755.7990
396 358.9393 791.6791
397 510.4150 699.2997
398 368.5744 425.0244
399 334.2177 476.4248
400 395.2462 794.9762
401 541.0875 589.5659
402 346.0286 666.2498
403 349.6055 672.0299
404 353.8314 681.5458
405 357.7262 693.7489
406 366.1545 713.5006
407 375.4551 664.0164
408 381.9883 662.5463
409 388.3427 659.2378
410 409.5990 643.3018
411 490.2969 589.4956
412 333.9677 455.7079
413 344.5182 418.3134
414 358.4997 420.8193
415 370.7072 661.1275
416 496.3805 643.7552
417 325.5829 416.9702
418 380.2308 733.5541
419 318.6439 464.3604
420 349.7318 511.2213
421 345.6986 744.8060
422 428.3483 694.5371
423 394.8514 572.7584
424 407.1603 717.3174
425 442.6667 569.1150
426 414.4594 594.9956
427 461.8194 605.8419
428 354.3803 769.9822
429 363.3963 524.6987
430 448.4412 710.0234
431 421.4236 733.9309
432 443.3750 666.8438
433 516.0308 616.6200
434 471.0040 669.0107
435 531.2271 634.7996
436 431.8746 625.6744
437 348.3869 491.7436
438 347.2712 552.9860
439 362.1909 560.2186
440 338.0554 537.4730
441 360.0196 401.5466
442 393.7916 389.5930
443 423.6886 386.4507
444 449.0169 388.8499
445 467.2497 397.3626
446 482.3288 434.0516
447 546.7588 494.5012
448 467.4863 463.8364
449 445.7537 470.2523
450 417.6289 469.8666
451 390.5383 464.7902
452 369.4017 457.7430
453 354.5270 450.4842
454 547.9459 498.6413
455 361.8979 566.8760
456 334.1082 495.4188
457 332.0106 552.8712
458 320.6239 564.0520
459 331.9657 556.8445
460 356.0455 574.1169
461 316.9222 565.9451
462 315.3812 571.2661
463 355.2487 433.6358
464 342.6064 439.0680
465 335.7309 442.1604
466 455.6574 419.6683
467 465.2689 414.3862
