# Image: /home/yaroslav/Projects/Diia.AIContest-AdAstrum/fixtures/FLUXSynID-processed/009e15bb92a0/009e15bb92a0_f_live_0_e_d1.jpg
# Mode: stream
# Status: fail
# Errors: image_blurry_or_out_of_focus: Image is blurry (sharpness score: 57.03); strong_shadows_on_face: Strong shadows or uneven lighting detected (difference: 48.5); face_not_looking_straight_at_camera: Head is turned 167.0째 (max: 15.0째); head_is_tilted: Head is tilted 19.6째 (max: 10.0째); face_too_small_in_frame: Face occupies only 46.1% of frame (min: 50.0%)

# 2D Landmarks (index x y)
0 268.0506 642.3993
1 275.5898 574.9839
2 275.2731 594.4045
3 276.1599 504.6254
4 279.0313 554.4638
5 285.1339 527.0461
6 301.4725 460.4731
7 187.7680 426.3950
8 309.9792 418.2697
9 314.1852 393.1544
10 335.6050 288.4471
11 266.6024 652.0982
12 266.2217 658.1528
13 266.8171 659.5414
14 266.0482 663.5244
15 264.5539 670.8856
16 262.9072 680.1118
17 261.3271 690.2841
18 259.2107 707.3220
19 274.6235 584.7255
20 261.7533 579.6459
21 146.2848 344.6958
22 233.5328 455.5007
23 216.0718 453.4553
24 199.8523 449.5327
25 181.2278 433.7786
26 248.6172 453.7800
27 217.8258 406.3690
28 236.1486 410.9105
29 200.9180 405.7887
30 189.2280 409.1568
31 164.8503 445.7294
32 190.2047 725.1670
33 183.0188 420.1404
34 122.0483 427.3799
35 148.7982 430.3560
36 202.9031 538.5982
37 248.3051 635.2344
38 249.0693 654.2554
39 227.5877 635.9543
40 213.6596 640.1285
41 234.6062 651.7531
42 222.6364 650.3059
43 188.7182 662.4793
44 261.8971 571.5627
45 262.9878 551.6150
46 165.5867 389.2648
47 246.6851 494.1837
48 228.5554 557.2584
49 230.5869 545.9612
50 153.8341 526.0036
51 269.6821 526.3010
52 207.2322 380.1779
53 183.1399 380.3934
54 166.7656 313.8014
55 277.3116 409.4428
56 251.4743 419.3132
57 178.8526 642.0985
58 108.4007 612.6148
59 238.8766 570.5582
60 251.6469 579.5829
61 196.9865 646.7370
62 204.3486 647.1303
63 176.7509 365.9680
64 227.4733 565.5102
65 238.2944 388.7448
66 237.5223 371.7060
67 237.6488 281.3010
68 172.3321 338.6402
69 239.5233 324.4591
70 157.7310 378.5956
71 151.8151 362.1307
72 247.8858 646.8685
73 231.3316 645.9959
74 218.1515 645.7501
75 242.9118 574.8747
76 200.7505 647.2447
77 207.2285 651.9571
78 206.4112 646.4183
79 246.8756 566.5019
80 226.4459 649.2370
81 238.3519 652.2438
82 251.7520 656.0146
83 236.6757 703.2284
84 241.0295 685.2040
85 243.7976 674.4374
86 246.4207 665.7448
87 249.1567 659.7580
88 222.2859 652.3222
89 219.6297 653.9261
90 215.5869 657.8817
91 211.5655 663.4799
92 203.0768 614.0569
93 109.9815 512.4579
94 275.1757 588.2915
95 214.7495 650.1960
96 211.2059 650.4324
97 255.3786 590.1081
98 231.9324 578.7188
99 253.5320 585.1477
100 227.5486 502.3112
101 197.1662 510.5961
102 227.0080 553.8851
103 195.7803 291.9239
104 200.6124 325.0953
105 204.2372 362.9267
106 200.4551 676.8820
107 275.2590 383.0270
108 279.4382 329.6129
109 282.5486 280.7741
110 187.1505 442.8717
111 143.9875 457.4396
112 258.5663 450.7783
113 170.3799 411.1740
114 260.2196 483.6385
115 238.3802 552.5115
116 124.6144 467.3216
117 152.0393 474.0517
118 172.1771 486.0404
119 205.3681 488.6146
120 230.7540 484.5388
121 249.6955 478.6130
122 285.1243 462.6163
123 118.8165 509.6336
124 156.7156 407.1377
125 266.6742 582.2051
126 243.7176 514.9249
127 121.8435 424.6320
128 264.2011 470.9041
129 226.6064 554.4908
130 178.2200 422.4890
131 241.4055 539.0257
132 106.0966 560.9666
133 260.2080 442.7979
134 255.2867 530.5120
135 129.7084 667.1670
136 130.1118 688.0721
137 105.9031 510.2350
138 114.6726 636.6429
139 137.0619 391.2127
140 184.4648 742.6644
141 268.9660 586.2227
142 226.6487 526.5774
143 134.7187 431.3488
144 203.0049 436.7527
145 217.5463 441.8148
146 202.9265 654.8368
147 115.3265 549.8314
148 212.4605 773.2598
149 167.6469 739.0111
150 149.7928 718.0452
151 325.2615 338.5206
152 247.4067 783.8319
153 232.4293 443.7371
154 246.8043 443.6833
155 255.8423 443.8374
156 146.2357 400.9396
157 248.4971 422.8697
158 234.9338 412.5389
159 219.3661 407.5789
160 203.1674 408.2959
161 192.9522 412.8182
162 132.2741 379.3800
163 193.6548 431.4351
164 273.3686 609.4610
165 219.7437 605.7509
166 238.4917 567.6611
167 250.8308 606.8430
168 306.8277 437.9146
169 147.1580 696.5284
170 164.8076 719.6393
171 211.4636 761.7427
172 117.0048 655.2927
173 256.8570 435.0895
174 267.7511 492.3670
175 248.1419 771.4620
176 187.5094 757.8422
177 103.4762 554.6258
178 234.4078 655.6898
179 231.2465 659.5569
180 227.8051 666.0564
181 224.2261 675.2153
182 216.0883 691.0099
183 211.7375 648.3717
184 207.1398 646.2224
185 202.9100 642.6244
186 187.9147 626.3285
187 133.7743 565.6364
188 273.2403 471.9342
189 274.4565 434.7229
190 263.9567 434.2504
191 216.0694 646.5353
192 124.8455 611.5844
193 286.4828 437.3084
194 202.3039 707.9482
195 290.7579 504.1566
196 279.9310 484.4425
197 296.0480 482.9360
198 250.7326 522.0582
199 251.0178 752.5746
200 255.2821 728.4481
201 226.6148 722.6686
202 170.8060 666.5746
203 210.1262 567.8400
204 184.6484 689.6725
205 171.8681 556.7355
206 190.7088 584.5506
207 152.3495 585.3906
208 216.2736 744.4647
209 240.2106 530.9945
210 154.6523 677.1880
211 172.1793 702.2783
212 161.3065 640.4758
213 114.4720 584.1853
214 140.9041 637.7925
215 105.0328 596.4025
216 172.8024 607.6356
217 256.1930 503.4136
218 241.9117 562.2968
219 232.0115 564.7831
220 249.6749 550.9201
221 263.4242 419.0461
222 237.0869 405.1659
223 213.4001 398.5253
224 193.3367 396.3485
225 179.0391 400.1452
226 165.4425 426.9465
227 111.5276 467.6879
228 172.3111 456.0749
229 188.1964 465.5226
230 210.7868 469.5160
231 232.9682 468.9525
232 250.4771 465.8034
233 262.7795 461.7957
234 116.1574 468.1531
235 232.4847 569.7580
236 262.7456 511.1834
237 251.7593 565.9930
238 260.5101 576.8131
239 252.4217 568.7917
240 236.7600 576.6055
241 262.2945 579.5954
242 264.4917 583.6105
243 265.2404 446.3816
244 273.3471 453.4809
245 276.3904 458.0453
246 187.3843 416.7104
247 180.3074 413.4327
248 305.0305 510.0679
249 435.0577 473.5782
250 291.9432 585.4398
251 521.9904 414.0077
252 378.9977 482.9155
253 396.8342 487.5044
254 414.3227 490.0431
255 439.9777 483.0832
256 364.6447 475.7598
257 410.4657 441.6059
258 391.0942 439.0051
259 427.4917 447.6031
260 438.7448 455.5476
261 452.6339 500.1160
262 320.6613 751.7772
263 442.7762 469.5728
264 514.2533 501.6183
265 476.6299 492.1502
266 373.7600 570.6801
267 289.9683 642.6310
268 285.0995 660.6431
269 311.9306 651.0533
270 326.5983 660.0731
271 301.6481 663.6668
272 315.7355 666.5355
273 346.2756 691.6637
274 290.2574 576.9591
275 295.8473 557.6331
276 470.2430 445.2509
277 347.8472 513.0141
278 334.5336 577.0180
279 338.1520 566.0319
280 430.0925 578.2915
281 300.6505 531.9670
282 426.5532 418.8135
283 452.7248 429.1376
284 507.3388 375.4799
285 345.2305 420.9607
286 373.7730 441.6225
287 363.0436 676.0263
288 465.6936 683.7400
289 320.1844 585.7723
290 304.4980 589.3988
291 344.1481 672.7075
292 337.4849 670.3862
293 465.9405 418.1120
294 334.3842 585.4991
295 390.8639 414.9498
296 397.3826 399.0614
297 436.9311 316.2770
298 486.1794 395.3605
299 415.5610 354.9457
300 484.2277 438.6099
301 502.9372 427.0626
302 287.2971 653.9484
303 305.5907 659.2171
304 320.6331 663.8133
305 315.2984 588.3628
306 340.4311 671.6857
307 331.4909 673.9078
308 336.0854 669.3459
309 310.5625 578.3545
310 313.5520 664.2662
311 299.2834 662.9935
312 283.6461 661.5709
313 282.4803 711.9783
314 283.0819 692.9182
315 283.7837 681.8341
316 284.1251 672.7370
317 284.1655 666.3241
318 315.8608 669.0158
319 317.6252 671.3532
320 319.8158 676.6548
321 321.7253 683.4366
322 345.3252 640.0886
323 504.4298 588.8465
324 325.5001 669.9134
325 328.2611 671.1987
326 296.8348 597.7047
327 326.5824 596.2050
328 300.4373 593.6826
329 364.2699 527.8229
330 391.1649 546.9873
331 340.1748 574.9745
332 480.3996 342.3701
333 458.4005 370.6953
334 436.1575 403.4707
335 328.6328 701.2739
336 355.3922 396.4069
337 372.8835 345.9269
338 390.3578 299.6890
339 430.0667 489.0154
340 470.0787 519.1188
341 355.7959 469.4433
342 458.9977 465.1138
343 337.5359 498.1461
344 323.9525 568.5315
345 488.5447 536.4782
346 453.3638 530.8847
347 426.9898 533.9079
348 392.7073 523.7629
349 369.1909 510.3840
350 352.5471 497.9179
351 317.6068 468.5421
352 477.2530 578.0722
353 475.5228 466.6168
354 283.4219 585.3875
355 341.1939 532.9710
356 524.1162 500.7881
357 340.3895 485.0542
358 342.5180 575.9482
359 447.3448 473.5337
360 327.9490 555.1345
361 489.1749 636.2523
362 357.9088 461.4790
363 314.9604 541.6277
364 409.8917 723.4475
365 407.2961 744.5504
366 498.7166 586.0183
367 439.2349 701.1218
368 510.2811 460.9496
369 321.1537 770.9626
370 281.8617 588.6468
371 354.6623 550.4172
372 493.0794 499.0168
373 415.1848 476.9898
374 399.2453 476.0824
375 334.8128 678.3940
376 466.6331 617.4766
377 284.2374 788.4227
378 344.3643 776.0270
379 372.6999 764.2685
380 384.2435 472.2203
381 370.5006 466.9093
382 361.6677 464.0443
383 490.9337 465.2125
384 377.1486 447.0933
385 394.3386 442.4481
386 410.6403 443.7620
387 425.9542 450.4668
388 434.4232 458.6649
389 527.2251 453.1957
390 426.7321 475.8387
391 329.8361 625.9036
392 320.7237 583.0508
393 296.7178 615.1243
394 379.2446 743.9457
395 351.0473 758.0773
396 286.4852 777.4317
397 437.0564 719.7019
398 363.9373 455.5616
399 322.3881 502.6193
400 315.3799 784.7185
401 484.6303 628.9298
402 301.1353 667.8122
403 302.6139 672.4925
404 303.5183 679.8800
405 303.7153 689.8642
406 307.5673 708.4849
407 328.8840 668.8026
408 333.3394 668.3613
409 338.5513 666.4510
410 357.8057 657.5002
411 437.9775 623.8174
412 327.4818 482.0048
413 344.4440 447.5780
414 356.2324 451.5022
415 326.1504 665.7815
416 433.4137 671.6527
417 328.4242 444.8334
418 314.9166 730.2526
419 311.4020 490.3107
420 327.8585 536.2608
421 285.0821 734.4847
422 362.4880 703.7326
423 354.9784 594.8474
424 339.9078 720.2349
425 398.8035 599.6306
426 369.1510 618.1422
427 409.7426 634.5427
428 286.8809 758.9393
429 336.8076 548.8381
430 376.1660 721.3277
431 348.3162 737.9266
432 381.2951 682.4245
433 455.9645 650.4899
434 404.7774 689.2547
435 466.8114 667.6557
436 380.0370 646.5484
437 331.5566 517.3716
438 316.5631 576.3946
439 328.0476 582.8030
440 310.9249 562.4543
441 359.5605 436.4013
442 389.4779 432.3920
443 415.2933 434.8443
444 436.8851 440.8870
445 451.8335 450.5582
446 459.9061 482.4883
447 509.3797 543.7776
448 440.1659 506.6773
449 419.8272 509.1547
450 395.6582 504.2526
451 373.9497 495.3896
452 357.9218 486.0802
453 346.9298 477.6279
454 515.0082 544.4320
455 327.0922 587.5119
456 317.4885 521.3946
457 303.3838 575.7355
458 292.8177 582.9997
459 303.2010 578.3606
460 321.3884 592.4281
461 289.0705 584.6383
462 287.6265 588.0116
463 350.8397 462.7460
464 339.1403 465.7755
465 332.4461 468.3166
466 438.9656 464.5963
467 447.4670 463.5009
