# Image: /home/yaroslav/Projects/Diia.AIContest-AdAstrum/fixtures/FLUXSynID-processed/008860a08ba5/008860a08ba5_m_live_0_e_d1.jpg
# Mode: stream
# Status: fail
# Errors: image_blurry_or_out_of_focus: Image is blurry (sharpness score: 27.05); strong_shadows_on_face: Strong shadows or uneven lighting detected (difference: 99.0); face_not_looking_straight_at_camera: Head is turned 179.3째 (max: 15.0째); head_is_tilted: Head is tilted 23.6째 (max: 10.0째); face_too_small_in_frame: Face occupies only 39.5% of frame (min: 50.0%)

# 2D Landmarks (index x y)
0 309.4347 618.7465
1 313.3126 561.1522
2 309.7742 579.8608
3 295.1637 491.0001
4 314.0420 539.5374
5 313.6316 511.2030
6 311.1258 444.6039
7 164.4623 439.8408
8 311.4928 388.1935
9 312.3145 359.7268
10 311.8425 279.4059
11 309.0592 628.5254
12 308.2286 636.1938
13 307.2603 639.2158
14 307.3145 648.8354
15 307.4562 657.8445
16 307.1653 669.1462
17 306.4732 680.9541
18 304.3771 698.6762
19 312.0438 572.0075
20 290.9825 569.3950
21 96.9544 365.2248
22 221.4782 456.6545
23 202.1573 457.8833
24 183.3412 456.6783
25 156.6301 446.0264
26 237.9365 451.9174
27 196.4597 404.8138
28 216.7305 406.8653
29 176.6388 407.2212
30 162.9034 414.3224
31 141.7490 457.6026
32 226.9590 724.0251
33 157.1101 435.2860
34 86.1593 448.0313
35 120.7639 442.7309
36 205.1177 536.1209
37 281.7373 614.6477
38 283.5816 635.0856
39 252.4126 619.8132
40 234.0107 626.5639
41 262.5388 635.2224
42 246.6179 636.6425
43 208.5736 656.8952
44 295.7555 560.1437
45 293.9345 539.0115
46 133.0920 386.4160
47 247.0497 489.0618
48 243.3367 550.9362
49 241.5991 539.6382
50 146.2991 530.5155
51 294.6862 512.8647
52 178.6357 361.4411
53 152.0143 369.9056
54 116.2690 329.7010
55 266.3214 380.1212
56 234.5179 414.0947
57 193.4169 636.2684
58 101.1697 628.7403
59 257.7820 562.9164
60 275.1023 569.6716
61 213.1899 637.9165
62 223.2157 637.7144
63 141.0634 356.1227
64 241.2735 559.0115
65 215.3971 362.6101
66 212.3797 346.0550
67 196.8842 284.6511
68 128.6922 343.1168
69 206.8017 315.5458
70 121.7757 377.5915
71 109.4576 372.9590
72 282.3878 626.2920
73 258.0774 629.1828
74 240.4564 631.9073
75 262.5262 566.3146
76 218.3082 638.0112
77 227.6968 644.2562
78 225.7445 637.0043
79 271.0213 558.5353
80 250.4747 635.3646
81 266.1750 636.3311
82 285.2815 637.7855
83 275.7332 697.1817
84 278.6348 678.4749
85 280.5962 665.9769
86 282.5480 654.8037
87 284.4278 647.4019
88 247.7761 642.8446
89 244.4033 645.4505
90 239.5208 651.0329
91 235.1963 657.9309
92 217.9215 605.4464
93 82.9175 534.0103
94 310.9487 575.6011
95 237.4504 641.1342
96 232.9373 641.8908
97 282.2516 578.5762
98 247.2392 570.6085
99 278.7972 574.3870
100 225.1466 499.4774
101 192.6874 510.4183
102 237.2190 547.9017
103 147.3560 301.7213
104 158.8072 322.6752
105 171.4678 345.3498
106 225.4993 672.1852
107 261.1305 352.5301
108 256.5468 317.8308
109 250.2020 278.6939
110 166.4817 452.9351
111 121.4184 470.3882
112 248.2874 446.5982
113 141.5034 418.5625
114 262.0154 476.4141
115 257.8853 544.9215
116 100.8765 483.3214
117 134.5250 483.6021
118 159.4466 490.9285
119 196.6702 489.6529
120 224.5040 483.0928
121 245.9994 474.5397
122 291.4172 449.4363
123 102.3364 523.1602
124 125.9880 413.2557
125 301.5278 570.7419
126 248.3344 508.5382
127 80.2736 447.8935
128 261.9863 463.8570
129 234.2813 548.5460
130 150.5679 434.8423
131 256.4377 531.0090
132 88.3091 580.3335
133 247.6580 439.5508
134 275.5063 519.7969
135 143.1188 674.5749
136 143.9838 696.9276
137 83.9450 529.4599
138 118.8753 647.9791
139 97.7095 408.2555
140 222.8557 743.1704
141 302.5271 574.5219
142 229.0783 522.0781
143 104.6326 446.2323
144 184.8979 445.3887
145 202.1757 447.0557
146 222.2185 647.8586
147 104.4099 562.1963
148 258.3060 770.4318
149 198.8553 742.3085
150 173.4535 723.5589
151 312.1554 321.8296
152 299.3444 774.8559
153 218.4505 446.2825
154 233.4448 443.3833
155 242.8927 441.2909
156 112.4789 408.9609
157 231.0816 430.7241
158 214.3247 427.6577
159 198.2797 426.7127
160 181.5000 428.3186
161 169.9207 431.4880
162 85.7505 402.2402
163 172.9882 442.7131
164 309.3861 591.8897
165 237.0671 596.1197
166 258.1724 560.2685
167 279.3777 592.2564
168 310.5859 417.0480
169 169.4618 701.3148
170 194.9741 722.2693
171 258.3129 758.1889
172 120.8123 667.6454
173 242.6280 435.7389
174 277.4601 481.8756
175 301.1542 762.0260
176 226.1818 758.7103
177 89.0776 572.3004
178 264.3367 644.9374
179 261.0565 650.1694
180 257.5275 658.8841
181 254.4616 669.8531
182 247.3175 686.5494
183 232.5370 637.0220
184 226.1232 635.1292
185 220.1423 631.7483
186 201.6705 618.8044
187 129.6608 572.4058
188 277.0633 461.7100
189 264.6437 422.9124
190 251.8643 428.0032
191 237.2251 634.6399
192 126.7317 619.6549
193 283.6495 420.0916
194 236.5766 704.5595
195 312.7700 488.3045
196 292.8455 471.3860
197 312.0061 467.3794
198 261.9870 513.2398
199 302.4797 742.7229
200 303.4482 719.0849
201 268.8921 717.1492
202 191.6026 664.3545
203 217.8022 563.0800
204 211.6533 687.1234
205 173.2438 557.1149
206 199.1697 580.6130
207 155.6001 587.3672
208 261.7929 739.7159
209 248.0573 523.9487
210 175.3837 679.2202
211 200.6983 702.7308
212 175.7333 638.4523
213 108.8204 595.7171
214 151.5696 641.2622
215 99.0743 611.8932
216 182.3366 603.4434
217 263.1772 495.2174
218 264.7051 554.8641
219 249.6383 558.1687
220 275.0571 541.2740
221 248.4180 402.8020
222 216.8184 390.2466
223 189.6325 387.7001
224 166.5619 391.4818
225 150.1562 401.2496
226 137.8396 438.5886
227 82.4208 488.4909
228 152.4517 465.8456
229 172.9094 471.5816
230 198.6631 472.3951
231 223.4212 468.8799
232 243.0766 462.6591
233 256.4527 456.0212
234 81.1115 490.7333
235 249.2087 562.7699
236 278.1294 500.1325
237 280.5235 556.8527
238 290.7326 566.9122
239 279.7395 560.0289
240 254.2634 568.4283
241 294.9015 569.0236
242 295.6905 572.7446
243 255.3427 440.2645
244 267.2031 444.7309
245 274.3959 447.6735
246 162.6881 433.7182
247 152.3477 422.2657
248 329.3003 491.9451
249 443.4896 448.7839
250 330.0851 570.4843
251 499.9081 380.0148
252 389.0329 461.9805
253 407.6920 464.3457
254 425.5753 464.1852
255 449.6758 455.3781
256 373.4344 456.3166
257 416.3636 412.6978
258 396.7338 413.4469
259 435.0088 416.3400
260 446.9844 424.3168
261 462.6408 467.7855
262 372.7530 726.3969
263 449.9557 444.8021
264 505.7583 461.8491
265 481.1601 454.3490
266 405.4997 541.6430
267 335.9190 615.5054
268 331.2701 635.9858
269 361.8404 621.2700
270 376.4560 628.5511
271 350.0408 636.5722
272 363.0870 638.2358
273 394.0897 660.0605
274 330.0572 561.0098
275 333.1591 540.1073
276 476.4389 398.6566
277 366.7409 492.5383
278 374.2559 554.0210
279 375.1283 542.8130
280 458.6043 539.2619
281 331.5417 513.9300
282 438.6910 371.5777
283 461.7883 381.3763
284 487.8915 343.8391
285 355.5878 383.7073
286 379.0117 419.4497
287 409.3748 640.2149
288 473.5592 637.4645
289 359.6483 565.1469
290 343.0752 571.3185
291 391.2355 640.6105
292 381.6598 639.8724
293 472.0393 368.6363
294 374.3837 562.0906
295 405.0065 370.1709
296 409.0859 354.0637
297 420.8121 293.5759
298 480.5755 356.3676
299 413.4022 324.0442
300 486.0283 390.6812
301 493.3165 387.0229
302 334.1698 627.2036
303 355.5707 630.4074
304 370.0401 633.5930
305 354.5388 568.4426
306 386.4736 640.4221
307 378.5428 646.6574
308 378.8267 639.1988
309 349.9768 560.3554
310 358.3287 637.0296
311 344.9300 637.6089
312 327.8624 638.6070
313 331.4966 698.3700
314 332.5583 679.4322
315 332.3002 666.9282
316 330.8322 655.6560
317 328.7377 648.1811
318 360.6897 644.6854
319 364.0291 647.4908
320 368.4731 653.2826
321 372.0464 660.3755
322 391.8986 608.9485
323 494.3580 546.1349
324 368.7109 643.2386
325 373.6743 644.0748
326 336.0348 579.6491
327 367.1246 573.3039
328 339.4061 575.8770
329 386.7031 504.1802
330 417.1910 516.9368
331 377.6595 551.3074
332 463.5330 314.1490
333 456.1041 334.3024
334 446.1155 356.1382
335 378.1943 674.7838
336 362.5646 356.8727
337 366.5218 322.3444
338 371.6684 283.4854
339 440.9338 461.4387
340 480.2306 481.5265
341 363.9344 450.4279
342 465.4829 429.6061
343 353.6368 479.1567
344 362.9076 547.5046
345 496.4074 495.4681
346 469.3602 493.6836
347 447.4508 499.5637
348 412.9155 496.1299
349 386.5998 488.0153
350 366.7549 478.2716
351 329.4865 450.6965
352 493.8907 534.2565
353 479.5102 425.1627
354 322.2375 571.3482
355 366.3653 511.8440
356 503.7698 462.1437
357 352.5286 466.7239
358 378.5120 552.0912
359 455.6517 444.9651
360 363.1652 533.6707
361 486.9902 590.9226
362 364.2432 443.4872
363 347.7524 521.6498
364 444.4116 680.2250
365 437.3614 702.0206
366 502.6902 541.5099
367 465.7900 655.4205
368 499.5146 422.2613
369 374.2697 745.3149
370 319.0965 574.9321
371 383.2330 526.2963
372 493.9378 458.9864
373 424.9523 452.9312
374 408.2733 453.5921
375 383.2103 650.4015
376 488.8203 572.3425
377 338.7787 771.6060
378 391.0167 744.9024
379 412.3489 727.0876
380 392.4183 451.8073
381 377.8670 448.0069
382 368.8288 445.5187
383 490.4140 421.9330
384 380.0137 435.8360
385 395.8817 433.9521
386 411.6601 433.8827
387 427.9319 436.4576
388 438.6701 440.2236
389 504.8140 417.1573
390 435.8861 451.0354
391 375.7063 598.8393
392 360.3354 562.5765
393 338.0023 593.3674
394 420.7922 705.4910
395 398.1256 725.3080
396 342.1578 759.5015
397 456.3970 674.6785
398 369.1977 439.9370
399 342.5496 483.8978
400 367.8082 760.5802
401 495.0214 582.8991
402 346.7078 646.3927
403 349.9815 651.7373
404 352.9824 660.6039
405 354.9337 671.6511
406 358.0251 688.6609
407 374.4583 638.9977
408 381.0393 637.3222
409 387.0348 634.1597
410 404.8024 622.6957
411 469.0892 581.2070
412 341.2065 463.7387
413 350.9988 425.9713
414 361.4472 431.8087
415 369.3351 636.5761
416 465.3447 627.4386
417 335.6501 421.9738
418 365.3015 706.6631
419 329.7274 472.5038
420 356.2131 515.8091
421 335.8695 718.2050
422 407.7208 668.1936
423 393.0586 567.2378
424 388.1415 690.0104
425 433.9553 564.0216
426 409.3579 585.6944
427 446.9301 594.6028
428 341.1859 741.0716
429 367.3617 527.1778
430 419.6130 683.5350
431 396.1559 705.8511
432 424.3534 643.3149
433 481.4910 604.8696
434 443.7598 647.3274
435 483.8397 621.1500
436 422.3795 608.9611
437 353.9794 497.8239
438 356.4901 557.0646
439 368.4325 560.8581
440 349.2789 543.3309
441 368.4595 407.1690
442 399.6371 396.9021
443 425.6575 396.4349
444 446.5279 401.5198
445 460.1078 412.2126
446 466.5915 449.2952
447 506.6259 501.6941
448 453.4105 475.2084
449 434.8171 479.6136
450 410.7116 478.9481
451 387.1144 473.9655
452 368.7937 466.5978
453 356.5769 459.2321
454 498.6560 503.9410
455 367.2951 565.4142
456 343.6585 502.0033
457 343.5723 558.4127
458 331.6111 567.9631
459 342.7377 561.5140
460 361.5478 570.8310
461 328.4237 570.0145
462 325.5929 573.6124
463 357.6023 443.6930
464 347.1111 447.3470
465 341.9312 449.9865
466 445.1368 442.9451
467 455.6050 432.5419
