# Image: /home/yaroslav/Projects/Diia.AIContest-AdAstrum/fixtures/FLUXSynID-processed/00fa4b687ee6/00fa4b687ee6_f_live_0_e_d1.jpg
# Mode: stream
# Status: fail
# Errors: image_blurry_or_out_of_focus: Image is blurry (sharpness score: 43.85); strong_shadows_on_face: Strong shadows or uneven lighting detected (difference: 48.2)

# 2D Landmarks (index x y)
0 349.5945 596.0095
1 340.4006 518.7553
2 340.1336 546.5369
3 305.4432 462.2281
4 336.7809 497.7123
5 330.2800 473.5715
6 312.6257 419.1165
7 147.6758 457.7666
8 300.5920 369.3970
9 295.3528 342.5963
10 277.5949 268.2765
11 351.4007 607.2983
12 352.4360 617.5219
13 352.0697 623.4714
14 354.4983 635.2732
15 356.9845 645.4554
16 359.3886 658.6209
17 361.1115 672.4042
18 362.1221 691.9796
19 340.8924 531.0030
20 319.3109 536.9397
21 58.4970 411.0228
22 213.7076 461.5301
23 192.7483 467.9823
24 172.0542 471.3985
25 141.4598 466.7435
26 230.7683 451.8708
27 175.4576 411.5118
28 198.5854 408.9769
29 153.9435 418.9328
30 140.4053 429.9589
31 128.6873 483.6417
32 279.8680 736.7268
33 138.9494 453.9837
34 65.5609 494.1604
35 102.3670 474.4327
36 219.6098 541.3848
37 321.6892 598.4540
38 329.8036 622.6394
39 294.7260 614.4965
40 278.8965 630.6068
41 310.0365 630.2093
42 295.1226 638.5143
43 254.0551 675.4113
44 321.7416 522.0463
45 314.9667 503.0819
46 102.8545 411.3620
47 251.3324 482.5499
48 264.6079 536.4875
49 259.6946 527.8285
50 155.1937 555.7749
51 309.9098 480.4149
52 148.0244 374.1157
53 120.1646 389.1584
54 72.9660 368.5072
55 249.0029 372.8235
56 219.9665 412.5578
57 235.6803 658.2624
58 117.5407 677.3088
59 283.3281 544.1110
60 303.5118 546.6201
61 262.1486 655.6857
62 272.4096 651.9471
63 105.4667 379.4385
64 265.2877 548.2066
65 189.2377 367.3154
66 182.7580 352.0786
67 153.6369 301.1145
68 89.5954 373.7792
69 170.6328 325.7180
70 88.8251 407.5789
71 74.4563 410.5387
72 325.8197 611.7200
73 303.4349 623.7072
74 287.3750 634.5660
75 289.9582 547.5768
76 267.7860 654.3326
77 276.6258 655.8039
78 274.0516 649.8699
79 295.2622 530.0595
80 299.1015 637.5084
81 314.2107 632.1819
82 332.4343 627.2925
83 331.3190 696.5988
84 331.6427 675.8307
85 331.7330 661.4986
86 331.8429 647.6980
87 332.2013 638.9574
88 296.1108 646.2083
89 293.1290 650.3122
90 288.5557 657.8895
91 284.4502 666.6080
92 254.8855 610.4006
93 77.2176 586.3464
94 340.3561 537.5740
95 285.7432 648.9309
96 281.6112 651.5648
97 312.5834 554.2673
98 275.4793 560.9029
99 308.3632 550.4666
100 230.4237 499.9940
101 199.0983 521.1053
102 257.5956 539.6708
103 102.2167 331.1653
104 118.8361 344.7130
105 137.1700 360.7367
106 274.0462 685.0085
107 237.6350 347.7023
108 225.5523 315.9413
109 210.7805 282.0414
110 153.2542 471.8462
111 110.1454 502.9706
112 241.4406 443.3059
113 118.6807 441.5389
114 264.6922 465.0487
115 277.8399 522.2847
116 90.4099 522.7663
117 127.6689 512.8194
118 156.7049 512.9741
119 196.6391 500.3834
120 224.8178 485.3327
121 246.1956 470.1982
122 291.7997 429.1574
123 102.4984 562.9557
124 101.1065 441.7707
125 329.9818 532.3773
126 258.1775 499.4686
127 57.2365 500.9818
128 261.5128 454.7281
129 254.9840 543.5683
130 131.8414 456.0512
131 272.9294 511.9081
132 92.4238 631.3758
133 239.7070 436.4234
134 290.7083 493.7396
135 175.5682 710.7032
136 177.5256 735.9691
137 80.6485 576.5828
138 145.4810 688.5336
139 69.4484 450.4533
140 277.3344 760.0861
141 331.7389 538.4733
142 241.4311 519.9552
143 85.7740 483.7120
144 170.7382 459.6785
145 189.9259 457.3044
146 270.9897 661.2451
147 114.7700 601.4739
148 323.5697 782.9660
149 246.7116 768.4570
150 214.2910 755.7225
151 286.9761 306.4663
152 373.6357 777.5726
153 207.7528 452.2102
154 223.7720 445.0081
155 234.2188 440.1167
156 85.6694 443.2758
157 219.1455 428.9549
158 199.8452 428.5989
159 181.7316 431.1404
160 163.3363 437.4273
161 151.6749 444.4510
162 53.7096 452.7787
163 157.2423 459.2398
164 342.6297 562.7674
165 271.5429 592.2991
166 282.7320 539.3563
167 312.8696 572.3911
168 305.8481 396.1041
169 207.9774 731.6560
170 240.5523 746.2757
171 321.8776 766.2430
172 147.3352 711.7832
173 233.2453 432.5225
174 283.4405 462.0461
175 373.0081 760.9963
176 282.5605 778.4084
177 95.8007 618.3732
178 312.4431 642.4431
179 309.8727 649.2432
180 307.3463 659.9751
181 305.4274 673.1633
182 299.4014 692.9404
183 282.1649 645.8752
184 274.8152 645.4708
185 267.3282 643.5609
186 242.2248 633.1784
187 147.9369 603.2012
188 278.3335 445.6514
189 255.7613 415.4136
190 242.1480 423.1754
191 286.1467 642.4122
192 152.6497 654.8701
193 276.7205 406.7043
194 288.4734 714.0517
195 324.1168 454.6986
196 298.3938 446.5999
197 318.6023 437.4289
198 274.1995 496.3180
199 369.9716 738.2607
200 365.5584 713.0565
201 326.7663 718.1928
202 231.4443 686.9449
203 240.7991 564.7487
204 257.0746 704.1527
205 192.1181 572.4830
206 225.9779 589.4269
207 180.4401 610.7556
208 322.6613 743.4167
209 262.0620 512.8495
210 212.8822 706.5710
211 245.3980 723.3647
212 211.5317 663.7676
213 126.7234 634.9412
214 183.1533 672.3700
215 115.3299 656.1674
216 215.1669 622.0366
217 270.8652 480.4787
218 287.5441 528.2499
219 273.0895 540.5941
220 295.4446 511.1958
221 233.5345 399.2184
222 195.7887 393.2559
223 165.0041 396.7168
224 140.3172 405.9573
225 124.3744 420.6280
226 119.5722 464.5749
227 69.9362 535.5421
228 141.7397 489.0330
229 165.0866 489.4383
230 193.2311 483.0550
231 219.2937 472.4118
232 239.4181 460.4883
233 253.1173 449.9664
234 66.8193 544.0958
235 274.6052 547.9527
236 288.7195 476.9395
237 304.8156 523.3261
238 318.3205 532.5126
239 304.9844 527.9177
240 282.2211 554.2125
241 322.9407 532.7664
242 324.7511 538.9207
243 248.3913 434.8815
244 263.0561 435.7216
245 271.9355 435.4420
246 144.7385 449.5857
247 130.7950 441.6745
248 342.8581 455.2584
249 454.4038 401.0797
250 357.3027 529.7322
251 496.3543 333.8682
252 399.8852 427.2739
253 420.5608 425.9104
254 439.1974 421.9127
255 461.2007 407.7721
256 381.7520 424.3652
257 416.8342 368.5339
258 395.3663 374.2547
259 437.6412 368.0088
260 452.3124 373.8854
261 477.0305 419.6534
262 443.6966 703.5191
263 459.6416 395.0368
264 519.3389 411.7169
265 492.8510 403.2432
266 430.8918 501.6481
267 374.4424 588.0348
268 372.9739 614.2312
269 400.4242 593.1661
270 416.1877 603.3457
271 390.5448 614.1076
272 403.3780 617.1435
273 445.7758 638.0492
274 357.5074 515.3645
275 357.1684 495.2962
276 477.0607 344.9193
277 381.2804 458.5165
278 401.0310 510.7071
279 400.0925 501.2899
280 485.5157 493.7031
281 350.2150 472.9385
282 432.1115 324.9841
283 458.4889 329.7995
284 475.9230 298.2609
285 346.4363 356.1002
286 377.5679 384.8203
287 455.5851 615.4080
288 526.7758 598.5298
289 386.4912 524.5849
290 370.5717 533.7426
291 433.1776 622.5622
292 422.3305 622.5899
293 465.9625 316.4072
294 401.7679 522.3038
295 396.0973 331.8346
296 396.8385 315.4719
297 395.3289 259.7013
298 471.6366 306.8552
299 394.7506 287.4399
300 484.8461 337.4030
301 491.1267 336.8444
302 374.6632 602.0443
303 395.5346 605.0508
304 410.2593 610.1950
305 381.4007 530.0595
306 427.8046 623.1626
307 422.7530 627.5128
308 419.2443 621.4049
309 376.3784 514.8625
310 397.6563 618.0761
311 384.8709 618.1014
312 369.4808 619.8853
313 390.1202 684.9710
314 387.5829 664.8953
315 384.0258 651.1670
316 379.1036 638.4596
317 374.5663 630.6500
318 403.7430 625.2449
319 408.3570 627.8485
320 415.3655 633.4037
321 421.6243 640.1606
322 428.6028 576.5252
323 527.1282 503.0352
324 411.1196 624.4739
325 416.5600 625.3130
326 365.8285 543.7578
327 395.4795 537.6821
328 368.0764 539.1374
329 404.5663 467.7578
330 438.5903 476.4033
331 403.7388 511.8266
332 444.4633 272.1411
333 441.5427 288.9172
334 436.4236 308.9434
335 432.9879 653.6579
336 348.4877 329.0051
337 345.0347 295.6770
338 341.7639 259.5480
339 454.1760 416.0151
340 498.1293 431.5766
341 369.7064 419.9873
342 472.2028 377.8407
343 364.6940 446.7543
344 388.4263 501.6879
345 517.7850 443.9846
346 490.2313 445.7198
347 468.4630 455.2858
348 431.0931 457.0708
349 401.6567 452.6716
350 378.2948 446.0077
351 333.5451 421.6758
352 522.9466 484.2876
353 485.4623 372.4838
354 350.8301 528.5484
355 384.6949 475.8474
356 517.3870 417.8167
357 360.5317 436.6425
358 404.1662 515.2404
359 465.3061 394.9266
360 386.2387 490.6298
361 530.3081 548.9675
362 367.7358 412.8986
363 368.2817 479.2333
364 508.3086 644.6314
365 507.6918 669.6912
366 534.3012 492.0486
367 521.8939 614.9720
368 504.6573 372.5193
369 451.7312 724.2411
370 348.0160 535.3822
371 404.7060 489.3049
372 507.0009 407.0643
373 436.9737 410.3800
374 419.4826 414.9824
375 429.0890 630.6566
376 524.3844 524.0098
377 419.1411 763.4766
378 471.5891 722.1138
379 489.5812 699.5736
380 401.7127 416.5481
381 385.0038 415.5487
382 373.9365 414.6412
383 495.5983 369.5938
384 382.4814 399.2797
385 399.0144 392.5498
386 416.2446 388.2678
387 434.5576 387.5943
388 446.8992 390.2404
389 509.0792 371.7175
390 447.6835 405.4973
391 410.2540 565.2445
392 387.1618 519.7041
393 371.7164 560.7644
394 492.0419 674.2979
395 473.2332 698.8581
396 419.2534 746.4887
397 518.6771 638.9152
398 372.0531 407.2989
399 354.3381 449.0869
400 449.6320 743.8800
401 535.2181 535.2263
402 390.9708 627.0782
403 396.2000 632.3197
404 402.6518 641.5161
405 408.1186 653.1649
406 415.5315 670.1619
407 414.0671 619.9309
408 421.2636 616.6320
409 427.2905 612.2120
410 444.7253 593.8302
411 503.8035 535.5154
412 348.4275 432.8897
413 349.8347 398.6121
414 362.0046 401.6099
415 408.1793 618.4851
416 511.9237 585.2106
417 333.2106 396.6053
418 429.3049 685.6842
419 338.8947 439.1624
420 375.3386 477.4165
421 400.4832 703.3327
422 465.7889 640.5637
423 422.6332 530.0121
424 450.5808 665.4701
425 463.8634 521.1649
426 443.3219 547.7312
427 483.5585 552.7019
428 412.5733 725.3713
429 388.9390 489.0480
430 484.2331 652.3713
431 464.8107 678.9411
432 475.2833 612.3043
433 523.8214 558.8004
434 496.7993 611.0523
435 532.3170 576.2159
436 461.2981 574.6799
437 369.0179 462.3208
438 383.0044 510.4199
439 395.8458 517.4858
440 373.9081 496.5629
441 364.1071 376.0441
442 395.2525 357.9746
443 423.2880 351.0543
444 446.7083 351.5757
445 463.0917 360.0979
446 477.1203 399.0775
447 529.4611 451.1411
448 469.7387 428.6338
449 451.6153 436.4921
450 426.1410 440.0050
451 399.8784 439.2365
452 378.4956 434.9659
453 363.3704 429.8524
454 521.4709 460.8477
455 394.9235 525.0375
456 359.7564 463.7590
457 370.1692 511.1343
458 358.7990 524.9059
459 369.1386 515.8869
460 389.2342 533.7043
461 356.4713 526.6559
462 353.9230 533.3792
463 360.6585 414.3518
464 350.2993 419.8548
465 345.5747 422.1675
466 454.1305 392.7286
467 462.8541 381.4319
