# Image: /home/yaroslav/Projects/Diia.AIContest-AdAstrum/fixtures/FLUXSynID-processed/0036d398ec92/0036d398ec92_f_live_0_a_d1.jpg
# Mode: stream
# Status: fail
# Errors: image_blurry_or_out_of_focus: Image is blurry (sharpness score: 31.54); strong_shadows_on_face: Strong shadows or uneven lighting detected (difference: 53.5); face_not_looking_straight_at_camera: Head is tilted up/down 11.1째 (max: 10.0째); head_is_tilted: Head is tilted 22.0째 (max: 10.0째)

# 2D Landmarks (index x y)
0 278.1492 614.4328
1 265.9689 528.3284
2 278.1739 564.1302
3 257.5019 472.0691
4 265.1394 505.9862
5 269.1763 483.2133
6 283.8211 434.1698
7 157.8399 458.1717
8 288.1435 389.2867
9 287.8526 362.1433
10 295.5749 279.6167
11 278.9173 626.5904
12 281.1398 639.4298
13 283.5985 648.4745
14 286.2163 666.9493
15 285.3152 677.3487
16 285.1660 691.2742
17 286.0824 706.7803
18 290.2426 733.4858
19 269.8159 543.1544
20 259.3081 550.1181
21 114.2733 413.4131
22 210.3620 471.3568
23 190.8002 474.7910
24 173.1019 475.4542
25 152.3632 468.3250
26 227.2393 463.9121
27 184.6008 414.3376
28 205.7536 414.9191
29 165.8568 419.1227
30 154.1267 428.9536
31 137.0596 486.4117
32 213.1508 773.3870
33 152.8398 454.4846
34 99.7128 499.4750
35 120.0023 476.5640
36 189.8762 552.2785
37 254.4620 615.2569
38 262.8034 643.7385
39 233.1641 632.4497
40 222.8868 652.6161
41 248.8788 652.0210
42 239.7294 662.6770
43 204.8418 703.5976
44 250.1116 530.1191
45 246.4706 509.8707
46 126.3764 411.5050
47 229.5608 495.1871
48 217.2137 546.0077
49 217.2075 537.4165
50 136.6996 564.0702
51 251.3404 488.3230
52 163.5250 376.8720
53 140.0118 389.7227
54 125.2639 368.3499
55 245.9950 387.8066
56 225.0440 421.2594
57 191.6889 684.2645
58 122.4926 710.9625
59 235.0027 557.2055
60 251.4886 561.3711
61 216.8313 685.1992
62 228.6865 681.4800
63 131.6765 379.7836
64 220.9440 560.0185
65 197.7216 375.3598
66 193.4733 359.5955
67 188.4530 303.2083
68 127.8936 373.2711
69 191.7892 329.1372
70 118.9041 408.7086
71 116.2072 411.7808
72 257.3770 630.2587
73 241.0313 643.1630
74 230.5769 657.5625
75 241.6103 561.6916
76 222.6962 684.0084
77 226.9994 684.6982
78 231.9476 679.1263
79 238.1046 540.3818
80 246.6835 663.1149
81 255.9404 655.7291
82 268.2841 651.0755
83 262.8601 733.1847
84 260.6563 706.2858
85 261.8907 690.9067
86 264.4142 676.5188
87 267.6592 668.2387
88 243.6952 674.8709
89 239.4047 678.6523
90 233.3384 685.5713
91 227.9043 694.6978
92 206.2754 628.8565
93 110.3561 607.3378
94 274.2995 552.4804
95 238.5729 678.1367
96 233.0476 680.0939
97 256.8452 569.8269
98 231.2271 575.4631
99 254.4490 565.6949
100 209.5409 511.6709
101 178.4526 530.5370
102 217.1867 550.9630
103 148.0991 330.8536
104 151.4634 344.3662
105 157.1328 363.0776
106 218.1231 714.6340
107 238.5732 361.2063
108 236.5758 323.6881
109 235.8081 288.0098
110 159.3010 474.0539
111 117.1166 506.0303
112 238.2915 456.1437
113 136.5081 441.6825
114 242.6726 477.5675
115 224.1900 530.3516
116 100.1050 527.2394
117 125.5789 516.9039
118 146.7263 518.8834
119 183.2711 509.5774
120 210.6917 496.9153
121 231.7596 483.1955
122 265.5030 442.4777
123 100.2823 571.1661
124 123.4183 442.5598
125 260.6341 543.6280
126 228.3606 511.7474
127 108.7226 512.4754
128 246.5787 468.2995
129 219.2384 556.7153
130 146.7434 456.4996
131 225.6255 520.5346
132 112.6424 658.2587
133 240.3932 448.8155
134 237.3914 501.4633
135 140.0390 741.4789
136 146.9009 775.5189
137 94.7346 589.3882
138 123.5677 716.8898
139 109.4197 453.5713
140 207.7160 802.3024
141 267.4629 552.4238
142 213.0439 532.2022
143 107.8641 486.3735
144 174.0011 462.2535
145 190.2819 462.8317
146 221.0916 690.1095
147 105.7256 614.7508
148 247.1120 841.1635
149 188.5660 814.0388
150 167.5424 798.0157
151 291.0028 319.6296
152 297.2042 846.3091
153 206.7768 460.6156
154 223.0119 455.8507
155 233.9900 452.1754
156 114.4886 445.3632
157 223.3339 439.7718
158 206.2292 437.5861
159 189.4445 437.5594
160 173.2510 441.2044
161 163.2598 446.2718
162 109.1394 458.3916
163 164.0806 460.2332
164 279.0170 580.9388
165 220.8406 608.5550
166 232.1675 551.1033
167 252.8577 588.3299
168 288.7258 414.0813
169 160.0860 765.6267
170 182.4926 783.5780
171 242.6289 815.5716
172 134.2752 749.8906
173 234.9976 444.2857
174 249.0807 473.1516
175 291.5058 820.7884
176 213.6530 828.8460
177 100.1253 637.0192
178 253.7079 670.5751
179 249.2063 677.0567
180 244.2906 687.6787
181 240.8749 701.5830
182 236.8954 725.3776
183 233.1906 673.2032
184 224.7103 672.1864
185 217.1615 669.7720
186 196.1326 655.2200
187 126.7841 616.3647
188 254.6173 458.2721
189 253.1234 428.7567
190 243.1367 434.7726
191 239.8469 669.6255
192 128.0012 675.9770
193 264.9975 421.7371
194 224.9332 748.2693
195 274.3005 466.3646
196 260.6458 457.8324
197 278.8303 450.9071
198 234.4701 506.7827
199 289.3519 790.1979
200 289.5842 758.9363
201 254.8833 757.4973
202 182.4551 713.9248
203 204.8226 578.1212
204 200.9338 734.5936
205 162.5772 583.0821
206 187.6964 603.5392
207 150.0227 624.7116
208 245.7235 786.3052
209 226.3473 524.2709
210 165.1282 734.8802
211 188.3718 755.7474
212 169.0640 687.5766
213 112.0136 653.5211
214 146.7612 695.7014
215 108.5499 680.6588
216 176.0399 640.0574
217 239.4705 491.9988
218 230.6569 537.2976
219 223.4081 551.0492
220 233.8681 517.9340
221 236.2631 410.1642
222 203.3727 399.4242
223 176.0673 399.2473
224 154.4348 406.2507
225 141.5679 419.9729
226 135.0687 465.8915
227 93.8949 543.7644
228 144.4158 492.4879
229 161.5334 494.6489
230 186.4159 491.1998
231 211.4500 483.5986
232 231.2683 473.4732
233 244.6591 463.8053
234 110.8669 560.7995
235 227.4869 560.2086
236 244.3814 486.5382
237 239.7415 531.0134
238 254.9750 543.8377
239 243.5125 537.5570
240 235.6443 568.1205
241 256.2718 543.7223
242 262.3151 552.5545
243 246.5733 447.4958
244 255.3255 449.8482
245 258.0173 449.4250
246 157.1823 450.5582
247 146.3370 440.9190
248 293.6435 469.8014
249 456.4615 438.5125
250 293.4826 547.4143
251 563.1659 381.8613
252 394.9982 458.0725
253 416.6223 458.7120
254 437.9365 457.5913
255 468.1225 447.7848
256 376.7980 453.1481
257 416.1585 398.3033
258 393.9980 401.5631
259 438.6898 400.6350
260 455.6744 408.7940
261 489.6661 463.8912
262 384.4762 771.1934
263 464.2746 434.2384
264 577.7278 471.1050
265 518.7630 451.8382
266 401.1511 539.0906
267 304.2684 611.0094
268 302.3963 640.5222
269 334.7193 624.6283
270 354.7123 642.3324
271 323.6049 646.2777
272 340.6562 655.2037
273 394.0453 694.2470
274 284.4259 527.5943
275 286.5995 506.8990
276 492.7242 389.4588
277 358.9192 486.7987
278 347.9521 537.0565
279 351.9670 528.8527
280 475.0139 543.3688
281 290.0572 485.8368
282 432.0180 361.0991
283 465.9061 370.2324
284 529.2225 337.7990
285 335.0133 382.2596
286 375.4750 410.1590
287 407.9889 671.3378
288 578.9668 695.7143
289 331.6712 549.8938
290 312.4913 557.1494
291 378.7938 674.0587
292 368.0800 671.9379
293 480.6259 358.9890
294 350.9398 551.6040
295 389.1082 363.5467
296 392.1467 346.8126
297 422.2887 282.5635
298 503.7124 347.2636
299 404.4786 312.3834
300 509.9858 384.4849
301 535.8830 384.0003
302 303.1826 626.2469
303 328.1289 636.4666
304 346.9756 648.5591
305 326.4723 555.4835
306 373.0214 673.6426
307 365.0086 675.6115
308 366.4019 670.1104
309 315.2669 533.8610
310 337.5637 656.5395
311 320.7701 650.9316
312 301.8125 648.1975
313 320.3634 731.2067
314 314.1902 703.7644
315 311.2798 688.0371
316 308.6421 674.0832
317 307.0330 665.7446
318 343.7348 668.4183
319 347.4086 671.6520
320 353.3204 678.7477
321 359.5399 687.4396
322 375.6741 617.7548
323 603.2028 584.0205
324 355.0946 670.6290
325 358.8391 672.1552
326 305.4788 566.7798
327 345.1538 568.7366
328 308.7674 562.1280
329 383.9682 500.5535
330 420.1067 514.9363
331 357.5163 541.9485
332 484.2398 303.3977
333 462.3948 322.0087
334 440.9199 345.6021
335 376.2035 708.0147
336 340.1499 354.5746
337 349.6371 314.0801
338 361.7657 276.2522
339 456.9966 454.1297
340 517.0449 481.0826
341 364.2207 447.3177
342 485.9431 419.5442
343 341.1323 471.2520
344 330.2286 522.7538
345 547.2907 500.6924
346 497.7704 493.3988
347 464.7418 498.4996
348 419.7052 494.0400
349 388.0763 485.0031
350 363.4975 474.5364
351 305.8630 439.7327
352 542.7698 546.0047
353 507.7681 418.6847
354 280.1260 541.9560
355 353.4538 503.8605
356 600.5420 484.1598
357 344.4597 461.6707
358 363.2903 547.9224
359 474.9149 435.2438
360 334.6520 513.1596
361 597.5553 638.1299
362 364.6065 440.2063
363 311.6651 496.5922
364 503.3669 731.8779
365 516.7389 768.9591
366 582.4502 564.4465
367 535.6317 703.1047
368 557.8265 425.1295
369 394.9869 801.4869
370 281.8991 551.4043
371 374.5830 522.1009
372 543.7749 460.0146
373 434.4752 444.0654
374 415.8594 446.4843
375 372.0192 680.6628
376 539.9189 592.4573
377 351.8258 841.7806
378 438.2983 813.6367
379 475.5295 795.3588
380 398.0849 446.4854
381 382.0638 444.4236
382 370.9834 442.7858
383 529.0481 419.5010
384 380.4534 428.5837
385 397.3539 424.2232
386 414.0985 422.0767
387 432.7677 423.6397
388 446.8652 427.5226
389 586.1849 427.9737
390 447.3180 441.0431
391 354.7783 600.3811
392 330.8907 543.4854
393 308.5981 584.3090
394 469.6599 759.5693
395 434.8872 781.3982
396 346.0315 815.5049
397 549.7552 739.4014
398 368.7537 435.3064
399 318.1281 468.6697
400 397.4096 829.5564
401 577.2462 615.2284
402 326.9181 666.0220
403 330.2218 672.0455
404 334.7558 682.9173
405 339.4624 696.9107
406 351.9046 721.2071
407 356.1450 664.2908
408 363.1042 662.1611
409 370.2771 658.4033
410 394.0611 642.4057
411 497.1205 596.1823
412 323.1588 453.7626
413 342.9194 422.8812
414 357.7887 426.3727
415 352.4295 662.1660
416 509.6785 659.0443
417 319.0822 418.3425
418 369.6458 744.9643
419 299.8324 455.4883
420 333.1479 500.5167
421 329.4481 756.2640
422 423.5388 704.0965
423 382.2584 567.7300
424 400.9782 728.7161
425 436.2576 566.8383
426 402.6734 590.7387
427 458.8087 607.9258
428 338.4871 785.3702
429 350.1465 516.7565
430 452.0438 726.4090
431 420.2415 751.0977
432 437.9703 674.2643
433 536.5526 633.7906
434 475.5236 682.2125
435 564.7120 662.3343
436 421.1217 625.9313
437 335.6371 485.9682
438 321.8699 530.0982
439 340.3589 542.8211
440 308.8108 512.4933
441 358.2412 401.9441
442 391.9605 386.7194
443 422.1146 382.4818
444 449.2829 386.8569
445 471.1757 398.8964
446 494.0980 443.0359
447 583.4096 516.6056
448 475.8551 470.9080
449 450.7789 475.7589
450 420.0956 475.3339
451 391.7215 470.8633
452 369.6590 463.8976
453 353.6550 456.3495
454 603.4275 534.8756
455 341.2053 552.4083
456 313.3146 482.3561
457 301.6739 526.2717
458 292.4765 540.7895
459 304.0095 532.6293
460 336.0730 562.0714
461 287.3969 541.2448
462 288.8275 550.5717
463 355.1468 439.9188
464 340.6638 444.2030
465 330.1839 444.6477
466 455.8815 430.8813
467 470.7217 420.0056
