# Image: /home/yaroslav/Projects/Diia.AIContest-AdAstrum/fixtures/FLUXSynID-processed/0036d398ec92/0036d398ec92_f_doc.jpg
# Mode: stream
# Status: fail
# Errors: face_too_small_in_frame: Face occupies only 40.0% of frame (min: 50.0%)

# 2D Landmarks (index x y)
0 311.0323 579.2433
1 309.4042 513.3185
2 309.8175 536.0264
3 292.5609 453.1331
4 308.9668 493.5511
5 308.3626 469.0396
6 307.1850 411.8483
7 172.7480 413.9931
8 306.2387 370.3749
9 306.0624 345.6524
10 305.1264 255.1320
11 311.2247 588.8559
12 311.3689 596.4410
13 311.3848 599.9593
14 312.3080 604.1370
15 312.5999 611.4161
16 312.7808 621.0550
17 312.8516 631.7042
18 312.5216 651.0520
19 309.4918 523.9520
20 295.0193 524.3942
21 104.4707 351.7541
22 225.9694 430.9672
23 207.1399 432.8136
24 189.6326 431.9839
25 166.6391 422.4073
26 242.2778 425.4812
27 202.9794 384.1822
28 222.4804 385.0968
29 184.7471 387.2026
30 172.3048 393.6873
31 151.1692 436.2818
32 242.8022 685.7125
33 166.8227 409.3111
34 95.8904 433.4987
35 129.7918 424.9954
36 218.8115 508.2578
37 290.5434 577.5398
38 294.5668 597.1783
39 270.0110 586.2850
40 256.5406 597.0155
41 279.9746 600.3767
42 268.0438 604.5309
43 232.8544 628.9718
44 294.7809 513.3957
45 291.8423 494.7576
46 141.1059 375.2098
47 253.5267 458.8549
48 255.6279 514.5041
49 253.9628 504.9246
50 161.4768 510.5358
51 292.1554 471.9150
52 185.4608 353.5853
53 159.1296 360.5550
54 122.3170 315.4703
55 267.7756 367.7294
56 239.8970 390.5534
57 219.2668 612.8436
58 117.2188 613.3510
59 269.5397 524.5602
60 284.2860 529.1297
61 242.2542 612.3503
62 250.2383 609.9591
63 148.1245 348.6842
64 256.0058 524.0070
65 221.1345 354.9486
66 217.1978 339.1974
67 197.4117 267.1712
68 135.5567 330.9652
69 209.0109 301.1421
70 129.3822 368.1420
71 117.0056 360.3821
72 292.2249 589.0163
73 275.7071 594.9167
74 262.4005 601.1843
75 274.6038 527.8470
76 246.7036 611.5900
77 253.2580 612.3837
78 251.6972 608.5748
79 277.4743 515.5286
80 271.4224 603.6632
81 283.5095 601.5303
82 296.9207 600.3625
83 289.6139 651.6593
84 291.9080 631.2674
85 293.1138 619.9500
86 294.3860 610.6184
87 295.7260 604.5822
88 268.2135 606.9910
89 265.8148 609.1651
90 262.1157 614.0388
91 258.4087 620.7523
92 239.3318 576.1924
93 95.8506 520.8081
94 309.5948 528.7946
95 260.2473 608.4361
96 257.1474 609.6290
97 289.9825 537.2689
98 263.1719 536.0345
99 287.3316 533.3071
100 234.3601 471.5276
101 204.0704 485.8334
102 251.5922 514.3683
103 151.5185 286.6680
104 164.5705 310.1897
105 178.2782 338.3852
106 247.2991 638.2739
107 261.0668 342.7634
108 254.4716 299.0526
109 247.0102 257.9160
110 174.8037 429.0261
111 131.0928 451.7667
112 252.8566 419.8070
113 150.5089 399.6899
114 265.9907 445.0100
115 265.3585 505.2531
116 111.4260 466.6187
117 144.5904 464.6388
118 169.5254 470.3974
119 205.4376 465.4718
120 231.7456 456.1666
121 251.4647 445.7872
122 289.6486 417.6137
123 116.3245 507.1264
124 134.4099 398.2749
125 301.0626 523.3375
126 257.1334 476.6626
127 90.6262 436.0521
128 265.8140 434.1445
129 250.2824 516.7939
130 161.1465 411.9255
131 264.3051 493.8451
132 102.4670 566.5096
133 253.2471 412.1222
134 277.3884 480.5996
135 160.3685 651.8882
136 160.1869 674.2980
137 97.4244 514.4152
138 136.7682 628.1865
139 106.1135 394.2015
140 237.9662 705.1875
141 303.2532 528.1925
142 241.1974 492.2476
143 113.6031 430.1154
144 190.3137 420.0400
145 206.2867 421.8113
146 248.8127 616.7519
147 122.0190 545.3519
148 272.5782 729.9175
149 214.4413 709.7570
150 189.2762 695.8165
151 305.5992 298.7900
152 312.6325 732.2965
153 222.4089 420.6348
154 237.6678 417.1879
155 247.9067 414.8074
156 120.6874 396.0728
157 236.6209 397.7472
158 220.5047 392.3892
159 204.1680 391.2337
160 187.7827 394.8083
161 177.6389 400.6759
162 94.5616 389.6277
163 179.6671 417.0156
164 310.3187 549.4346
165 255.4904 563.1772
166 268.6352 520.8790
167 287.4955 552.8472
168 306.6372 391.0049
169 185.7856 673.9303
170 210.6680 689.8830
171 271.6346 715.8813
172 137.4310 649.1585
173 248.2240 405.9882
174 278.5270 447.3097
175 312.6422 717.5158
176 241.5150 721.4608
177 104.8787 556.3019
178 280.8557 605.1638
179 278.3487 609.5555
180 275.6912 616.7685
181 273.2997 626.8335
182 266.1928 645.9737
183 257.6116 607.9809
184 252.2266 607.2914
185 246.6336 605.1498
186 226.1595 593.6399
187 148.7967 553.0069
188 278.0588 429.8430
189 267.8779 398.4256
190 256.3769 402.2489
191 261.1275 605.4630
192 146.9737 599.6855
193 283.4689 395.5234
194 253.5291 666.1748
195 307.9769 449.4070
196 290.7625 436.1421
197 307.5044 431.1307
198 268.0086 478.1117
199 312.5520 697.2477
200 312.5398 672.7624
201 282.1574 673.1741
202 211.4237 637.6984
203 235.1565 533.1380
204 230.4177 654.9505
205 190.1242 532.2303
206 217.6926 552.9441
207 175.3525 564.8832
208 274.9286 696.4638
209 258.6059 490.7325
210 193.3268 652.3613
211 217.7343 670.4608
212 196.8891 615.6660
213 127.9413 577.8596
214 171.5631 619.0957
215 115.9814 594.4350
216 203.9783 580.4155
217 268.1349 461.6354
218 271.6010 512.7870
219 261.2545 520.1416
220 277.6245 498.6948
221 253.0230 384.1518
222 222.6981 375.0942
223 196.4106 373.4752
224 174.4861 376.4131
225 158.8712 384.6874
226 147.3165 418.1567
227 93.5578 473.4092
228 161.5793 444.0332
229 180.6917 448.7030
230 205.3830 447.8484
231 229.2311 442.6433
232 247.8864 435.2120
233 260.7429 427.8502
234 92.8571 478.5756
235 262.5049 525.9576
236 279.1318 463.3930
237 283.0639 511.5914
238 293.3762 520.9260
239 283.8821 515.2503
240 268.2978 531.8057
241 295.9879 522.3177
242 298.2554 527.1132
243 259.9457 413.3959
244 270.8447 416.8432
245 276.5564 418.6050
246 171.6731 405.1394
247 162.2952 400.9165
248 323.4418 452.6624
249 440.7064 408.8192
250 324.0784 523.8516
251 508.4460 345.4718
252 388.3993 427.7079
253 407.3748 428.7644
254 424.8607 427.3075
255 447.0647 417.0817
256 371.8054 422.8112
257 409.9630 380.6950
258 390.3229 382.0789
259 428.1924 383.1618
260 440.6766 389.1308
261 462.9667 430.5901
262 381.1942 683.2902
263 446.4022 404.1144
264 518.0972 426.1713
265 483.8996 418.7008
266 399.0094 504.6611
267 331.3612 576.3651
268 328.1989 596.2580
269 352.3099 583.9803
270 366.3014 594.0188
271 342.9741 598.7366
272 355.2699 602.2453
273 390.9018 625.5563
274 323.9780 512.8246
275 325.8670 494.0751
276 471.6090 369.9647
277 362.2325 456.7843
278 362.5703 512.2636
279 363.7380 502.6234
280 455.5555 504.7267
281 324.7687 471.3699
282 426.6371 349.9825
283 453.1624 356.0599
284 489.6334 309.7473
285 344.8099 366.5000
286 373.0087 388.1134
287 403.5449 608.5669
288 499.8080 606.2653
289 349.2989 522.7433
290 334.8701 528.1236
291 381.6009 608.9147
292 373.7661 606.8964
293 464.0584 343.9514
294 362.6631 521.8496
295 390.9718 352.3162
296 394.5880 336.4572
297 413.0386 263.7416
298 476.5886 325.5819
299 402.2397 298.0788
300 483.3643 362.6070
301 495.9997 354.4843
302 330.1653 587.9754
303 347.1025 592.8306
304 360.7568 598.4138
305 344.4623 526.3526
306 377.2825 608.2219
307 371.2263 609.5549
308 372.2091 605.5627
309 341.1486 514.0009
310 351.7828 601.4900
311 339.4206 600.1546
312 325.8251 599.5794
313 335.4214 650.7613
314 333.5566 630.3172
315 332.3322 619.0596
316 330.6342 609.8884
317 328.7955 603.8837
318 356.0585 604.8141
319 358.6900 606.9217
320 362.6152 611.8253
321 366.4009 618.4149
322 382.0132 572.7808
323 518.9303 513.5002
324 363.9451 605.9356
325 367.0833 606.9647
326 329.7804 536.4876
327 355.9914 534.1129
328 332.0506 532.4610
329 381.9487 468.6740
330 412.7224 481.6621
331 366.4718 511.9280
332 459.5012 281.8957
333 447.0474 305.8576
334 433.6342 334.4796
335 376.9190 635.4833
336 350.9460 341.4740
337 356.7623 297.3833
338 363.3263 256.0457
339 439.2682 423.8973
340 483.3376 445.3029
341 360.9556 417.6650
342 462.5203 394.4439
343 349.2975 443.4702
344 352.5884 503.4462
345 503.1895 459.5030
346 470.6375 458.4028
347 446.2673 465.0159
348 410.5028 461.4376
349 383.8843 453.1922
350 363.7216 443.6548
351 324.7207 416.9970
352 499.3039 499.8873
353 478.8138 392.4246
354 318.0320 523.0529
355 359.4842 474.7101
356 523.1303 428.8342
357 348.8250 432.6643
358 367.9595 514.3204
359 452.2085 406.6680
360 352.9618 492.0557
361 513.1170 559.2963
362 360.3447 410.0160
363 339.5141 479.3186
364 459.9533 646.1711
365 460.1837 668.8110
366 517.4711 506.9666
367 482.0407 621.6509
368 507.5300 387.6357
369 386.1106 702.7071
370 315.9604 527.9331
371 375.8855 489.5911
372 500.2596 423.4529
373 423.5970 415.3716
374 407.7246 417.7488
375 375.7027 613.7772
376 494.5352 538.2423
377 352.2282 728.7626
378 408.7065 706.4933
379 432.9255 691.4542
380 391.5064 417.1625
381 376.1029 414.3518
382 365.7948 412.4319
383 492.7668 389.9140
384 376.3977 395.1580
385 392.3853 389.3407
386 408.6526 387.6487
387 424.9446 390.5472
388 435.3280 395.9321
389 518.8371 382.9438
390 434.0028 412.0447
391 365.2603 560.5976
392 350.1023 519.0654
393 332.9407 551.7419
394 436.1471 669.3247
395 412.2923 686.3851
396 353.1250 714.6017
397 481.1716 642.7931
398 365.0375 403.8129
399 337.0191 446.3118
400 382.5943 719.2423
401 510.9276 548.7987
402 343.6868 603.8246
403 346.4061 607.9970
404 349.2574 615.1672
405 351.9343 625.2541
406 358.4033 644.3231
407 366.0264 605.1678
408 371.4090 604.1006
409 376.6513 601.7922
410 395.7971 589.5584
411 468.8863 546.5607
412 336.6771 428.8403
413 345.4165 396.9750
414 356.8252 400.2696
415 362.5944 602.8488
416 471.7173 593.2928
417 329.9247 394.7299
418 370.6377 663.9797
419 324.4601 435.5788
420 348.5570 476.5392
421 342.6396 672.0901
422 411.2387 633.5616
423 383.9270 530.0611
424 392.8975 651.8165
425 428.2401 527.4704
426 402.1341 549.0881
427 443.8273 559.4471
428 349.8343 695.2141
429 358.5444 488.7421
430 428.8665 647.7642
431 405.4467 667.0268
432 424.6653 610.7404
433 489.4102 570.8464
434 448.8311 613.5399
435 501.1474 587.2665
436 416.8118 575.7892
437 347.8619 460.1248
438 346.8279 511.0981
439 357.3434 518.0475
440 340.2987 497.4845
441 359.9131 382.2933
442 390.0465 372.2344
443 416.3795 369.8001
444 438.3049 372.2816
445 454.0172 379.9373
446 466.2488 412.4567
447 520.8138 466.0511
448 453.0317 438.4407
449 434.3545 443.7534
450 409.7697 443.8002
451 385.7221 439.4850
452 366.7799 432.8871
453 353.6459 426.0083
454 521.2826 471.3184
455 356.1937 523.9521
456 337.0405 462.3372
457 335.5679 510.3824
458 325.5505 520.2716
459 334.8928 514.0844
460 350.7315 530.1398
461 323.0616 521.7207
462 320.9233 526.7431
463 353.7439 411.5933
464 343.2124 415.4622
465 337.7455 417.5587
466 441.4685 400.1643
467 450.7424 395.8806
