# Image: /home/yaroslav/Projects/Diia.AIContest-AdAstrum/fixtures/FLUXSynID-processed/0083d9f5b13e/0083d9f5b13e_m_live_0_a_d1.jpg
# Mode: stream
# Status: fail
# Errors: image_blurry_or_out_of_focus: Image is blurry (sharpness score: 44.32); strong_shadows_on_face: Strong shadows or uneven lighting detected (difference: 30.2); face_not_looking_straight_at_camera: Head is turned 179.3째 (max: 15.0째); head_is_tilted: Head is tilted 22.1째 (max: 10.0째)

# 2D Landmarks (index x y)
0 316.7982 642.3038
1 325.0825 555.2936
2 318.5786 585.6417
3 302.2214 480.7795
4 325.6264 530.0049
5 323.8773 500.0897
6 316.9652 431.6177
7 151.3824 436.9243
8 315.0013 373.8819
9 315.2619 341.3463
10 312.4161 240.9249
11 316.2285 654.7327
12 314.9629 664.2587
13 313.4635 668.0143
14 312.8197 697.2373
15 313.1439 707.6717
16 313.0574 720.6227
17 312.2455 735.0157
18 310.1329 755.8938
19 322.9575 569.8055
20 299.2102 570.3981
21 65.3941 359.0418
22 214.7386 456.9954
23 192.7973 458.8427
24 171.3593 457.3739
25 141.4476 445.3851
26 233.4930 450.2983
27 189.4111 391.5769
28 212.4627 393.7216
29 166.5208 395.3916
30 150.2737 404.9803
31 123.3113 460.6468
32 223.0344 785.1653
33 143.4173 431.6982
34 52.3252 459.4385
35 98.2495 446.6068
36 198.0325 546.9731
37 285.1207 637.8774
38 285.9732 663.5096
39 250.6173 645.7383
40 227.2700 655.7093
41 260.9617 665.1918
42 240.8388 668.1365
43 196.0133 700.6360
44 306.0902 554.7051
45 303.7383 530.6500
46 116.3057 379.2939
47 245.4411 489.7274
48 245.3310 553.3222
49 242.4642 541.9753
50 128.7306 545.8989
51 303.1581 502.9073
52 172.6877 347.3241
53 140.5389 358.3300
54 91.6225 312.6496
55 268.8674 366.7926
56 232.1406 402.6237
57 179.0929 672.9184
58 67.5643 688.6195
59 261.1995 566.7629
60 280.1563 575.3624
61 198.6630 674.0962
62 209.3581 674.1663
63 127.3052 343.9293
64 241.9941 565.2555
65 214.5514 347.9428
66 211.2498 328.6185
67 187.5724 251.0209
68 110.0066 327.8193
69 201.9693 287.9782
70 101.8601 370.9628
71 83.7630 366.3460
72 285.2597 652.6448
73 256.6044 657.2597
74 234.2204 661.9866
75 265.9821 571.9391
76 203.9496 674.2031
77 215.9206 685.3731
78 212.5682 673.8062
79 277.6029 556.3393
80 244.2814 666.9799
81 264.3375 666.5486
82 287.3453 666.9209
83 275.6833 754.4255
84 278.5796 731.6036
85 281.0123 716.6957
86 283.3351 703.7513
87 285.3437 695.1517
88 240.8443 687.1961
89 236.9819 689.8818
90 231.1224 695.9670
91 226.0173 704.0314
92 211.1270 630.1335
93 43.8552 572.4333
94 320.8075 576.9086
95 227.6763 683.0429
96 221.9962 683.2300
97 287.7739 586.1935
98 247.7854 581.0455
99 284.1993 580.8939
100 220.3233 503.5967
101 183.0703 517.9850
102 236.7329 553.8267
103 130.6431 275.4974
104 147.3364 300.4515
105 164.6196 329.2243
106 216.3934 721.2453
107 262.9553 334.3162
108 255.5084 287.5008
109 246.2800 241.2465
110 152.5131 453.3553
111 98.7279 477.6138
112 245.6252 443.2460
113 124.5076 414.5422
114 262.6092 473.5520
115 262.6069 542.2753
116 73.1402 496.2879
117 114.7194 491.1190
118 144.3376 497.5886
119 187.2372 494.5868
120 218.9965 485.9092
121 243.4609 474.4788
122 295.6060 438.4359
123 74.2212 544.1614
124 105.9964 411.5344
125 311.7167 568.7434
126 247.4776 510.4903
127 41.3193 465.3150
128 261.6546 460.6192
129 232.2762 557.1114
130 134.8030 432.2792
131 259.8515 528.7344
132 50.4626 629.4285
133 245.3359 435.0779
134 281.7553 513.1804
135 123.7415 733.7277
136 123.0708 766.1608
137 48.5220 559.4046
138 93.4041 704.1359
139 67.3380 410.0995
140 219.3268 808.9582
141 311.8937 575.8030
142 225.4940 528.3436
143 77.5639 453.2274
144 173.9281 443.7439
145 193.2551 445.8239
146 209.7416 689.1880
147 75.9323 593.2281
148 259.7213 841.7434
149 190.0011 813.3285
150 159.4373 794.1806
151 314.1104 291.0324
152 305.6437 845.6899
153 211.5703 444.7137
154 228.5996 440.7978
155 239.5071 437.8149
156 88.4392 408.9401
157 227.7042 422.1778
158 209.5680 417.5143
159 191.8628 416.0033
160 172.6389 418.8180
161 159.1033 423.9483
162 49.6657 406.9169
163 160.7692 440.4669
164 317.4466 604.8378
165 234.6020 615.5990
166 262.1321 562.1528
167 283.4485 607.1710
168 314.8656 404.2266
169 155.7869 763.5293
170 186.3316 786.2832
171 260.3893 825.1354
172 93.4337 734.2464
173 239.9932 429.5514
174 281.2511 475.0506
175 308.2816 828.1631
176 222.5573 829.7549
177 54.1941 612.9147
178 261.3944 691.3568
179 257.5239 697.3497
180 253.2088 707.1552
181 249.4390 720.0886
182 241.8549 740.3016
183 221.7771 670.4360
184 214.9542 667.7446
185 208.6119 663.7148
186 190.5487 649.0893
187 107.5961 601.0306
188 279.6334 454.4825
189 264.6646 414.0674
190 250.4657 419.8723
191 226.9186 668.0403
192 103.7188 663.6886
193 286.0338 409.1980
194 231.7423 761.4857
195 321.4697 476.6421
196 298.4976 460.8488
197 319.2063 455.2137
198 264.5107 511.4576
199 309.7241 804.7162
200 310.0411 777.8824
201 269.6984 776.6524
202 179.4378 711.5785
203 213.0252 577.5409
204 202.8282 739.9137
205 160.8552 575.5272
206 190.8921 601.8778
207 139.7463 615.8512
208 263.4054 802.7667
209 248.3173 526.3194
210 162.4928 732.8601
211 192.2142 760.0880
212 161.2034 678.7282
213 81.0960 636.1653
214 133.7229 686.9973
215 67.3700 661.7683
216 170.3334 632.6398
217 264.8310 492.7823
218 270.6850 552.2501
219 252.6109 560.5769
220 282.6597 534.9521
221 248.2836 391.3219
222 213.7966 376.5342
223 182.9061 373.9657
224 156.0660 379.5614
225 135.9763 392.6759
226 119.1722 439.2580
227 47.4992 508.8532
228 135.9230 469.3137
229 159.4045 475.0167
230 188.9718 475.4268
231 217.2203 470.6054
232 239.5737 462.1317
233 254.8840 453.2180
234 41.7239 518.8578
235 251.4187 568.0483
236 283.1788 493.5321
237 289.0788 551.8275
238 299.6831 565.6210
239 287.7293 556.9521
240 256.1925 576.2812
241 304.5025 567.3141
242 304.4908 574.1796
243 253.9667 435.0635
244 267.1458 439.1124
245 275.5410 440.8927
246 150.5821 427.9976
247 137.4386 416.4779
248 338.7550 481.6871
249 454.3171 445.0494
250 339.9920 571.6387
251 514.1415 372.8513
252 397.3701 462.5799
253 417.9507 465.2508
254 437.3891 464.4130
255 461.5832 453.9191
256 379.8244 455.0865
257 423.7513 399.1544
258 402.0492 400.1360
259 444.4842 404.0533
260 457.7971 414.3136
261 477.4549 470.0563
262 387.2234 785.5882
263 460.5708 440.2531
264 525.3106 471.4939
265 496.5971 456.9229
266 419.5290 551.9498
267 346.4143 638.9434
268 341.1258 664.4936
269 375.0314 647.6258
270 392.1133 658.3338
271 362.0678 666.7652
272 377.4035 670.2640
273 412.4721 703.7231
274 342.3780 555.6090
275 345.6129 531.7227
276 487.3371 390.4181
277 375.1979 493.0175
278 387.0681 556.7292
279 387.6596 545.2145
280 478.0332 553.5609
281 342.7216 503.8445
282 443.7456 356.3413
283 469.7921 368.8295
284 498.4977 326.3364
285 357.4759 369.7327
286 383.0079 407.8311
287 428.6851 676.9391
288 495.9416 695.0926
289 370.9772 569.6154
290 353.3171 577.0226
291 410.7464 677.6621
292 399.9672 677.2635
293 480.0183 355.2759
294 387.0104 568.5749
295 407.3350 354.5319
296 411.5475 335.4356
297 425.5173 260.0721
298 489.6350 339.9795
299 417.1213 296.0082
300 497.5565 382.8665
301 506.5407 379.1026
302 344.4309 653.6750
303 368.1530 658.8777
304 385.1475 664.3154
305 365.3737 574.3142
306 405.5905 677.6229
307 396.1082 688.3544
308 396.0625 676.8532
309 361.4502 558.8475
310 372.0048 669.0162
311 356.3774 668.0466
312 337.1660 667.7673
313 342.3843 755.1957
314 343.6285 732.5819
315 342.9468 717.7394
316 340.8993 704.6613
317 338.0702 696.0173
318 374.8218 689.0633
319 378.9199 692.0017
320 384.4502 698.3060
321 388.8555 706.2839
322 407.5509 633.5823
323 516.7351 582.6851
324 384.2773 685.5072
325 390.5003 685.9956
326 346.5127 587.3773
327 378.9430 583.6297
328 349.6794 582.4922
329 397.5925 507.8850
330 431.4396 523.9341
331 390.4484 557.2052
332 470.6935 287.6962
333 461.6935 311.2813
334 450.8062 338.8104
335 394.9044 723.2054
336 364.7425 338.0210
337 369.5518 291.7913
338 374.7565 246.2957
339 453.0017 461.1285
340 498.2994 487.6994
341 368.6546 447.3155
342 477.7371 424.7842
343 360.7746 476.0867
344 375.3495 545.1515
345 517.2743 507.0347
346 487.1643 500.2806
347 463.4773 505.4463
348 425.4045 500.6162
349 396.3203 490.6429
350 374.0274 478.1369
351 335.9728 439.6646
352 517.4008 553.8114
353 492.7282 422.2751
354 333.1987 569.4028
355 376.3347 513.4390
356 522.8662 477.8766
357 358.3640 463.4173
358 390.9222 560.3870
359 467.3652 441.6156
360 375.1686 531.4267
361 510.4066 638.1788
362 367.9058 439.0118
363 359.2366 514.9916
364 463.7570 736.4416
365 455.4261 767.8460
366 527.8302 569.7423
367 487.5801 708.8515
368 516.0264 422.5268
369 388.2049 808.8241
370 329.1129 576.2088
371 394.9782 532.2426
372 511.5566 464.4118
373 435.6361 451.0025
374 418.0537 452.4379
375 401.4919 692.3635
376 513.4331 601.8312
377 349.1560 841.3262
378 405.6737 812.7821
379 428.4639 794.2485
380 400.4384 450.6064
381 384.0814 445.8033
382 373.5050 442.2324
383 504.9919 420.5316
384 384.8590 426.9963
385 401.9269 423.3075
386 419.0094 422.6444
387 436.6495 426.2372
388 448.2086 431.8698
389 521.7537 420.5090
390 446.7774 448.1918
391 389.2235 618.2603
392 371.8909 565.1231
393 348.5067 608.2526
394 437.9865 764.8854
395 413.6649 786.5110
396 353.3768 825.2001
397 476.7028 738.3741
398 373.1565 433.6239
399 350.7969 476.8204
400 380.7397 829.0946
401 521.0418 621.7345
402 358.6548 692.8459
403 362.8304 698.9170
404 366.8649 708.8647
405 369.5937 721.6247
406 372.8502 741.6301
407 391.2302 673.1723
408 398.5753 670.6849
409 404.9474 667.0780
410 422.4506 653.0393
411 491.4736 608.3583
412 347.7475 456.4125
413 354.1592 416.9824
414 364.9461 423.6633
415 384.8938 670.4967
416 487.2541 669.3375
417 339.6595 411.0118
418 379.8451 762.4318
419 337.7995 461.8170
420 366.5274 513.8210
421 347.1592 776.9722
422 425.4923 714.4664
423 406.4715 581.3274
424 404.5147 741.6099
425 451.3537 581.5091
426 424.7230 606.3024
427 466.1948 621.7695
428 352.7518 803.0313
429 378.3933 529.2760
430 437.1236 735.2184
431 412.0700 761.1750
432 443.2868 682.7375
433 505.3921 643.2573
434 463.6896 691.0734
435 508.3184 668.7851
436 439.8234 637.4025
437 362.8481 495.1869
438 368.6634 554.9512
439 380.7844 563.7762
440 361.6980 537.0833
441 370.7934 395.3887
442 403.7019 382.9100
443 432.2615 382.1658
444 455.6272 388.9858
445 471.0259 402.8644
446 479.9603 448.8912
447 529.2661 520.3387
448 467.9104 477.8868
449 448.4661 482.3296
450 422.1769 481.7423
451 396.0910 475.6741
452 375.5125 466.1784
453 361.7670 456.5544
454 519.2039 530.3628
455 379.3071 571.0735
456 353.5426 495.1247
457 355.6636 553.7536
458 342.1517 566.8413
459 353.9849 558.8544
460 373.1067 578.8151
461 339.2853 568.4224
462 335.5837 575.1347
463 361.1102 438.5334
464 351.2057 441.8509
465 346.7878 443.2256
466 455.2186 436.3916
467 467.0202 426.0317
