# Image: /home/yaroslav/Projects/Diia.AIContest-AdAstrum/fixtures/FLUXSynID-processed/0083d9f5b13e/0083d9f5b13e_m_doc.jpg
# Mode: stream
# Status: fail
# Errors: face_not_looking_straight_at_camera: Head is turned 178.1째 (max: 15.0째); head_is_tilted: Head is tilted 14.9째 (max: 10.0째); face_too_small_in_frame: Face occupies only 43.7% of frame (min: 50.0%)

# 2D Landmarks (index x y)
0 316.7732 597.1887
1 315.7312 519.5565
2 315.5233 543.9261
3 297.6852 453.4933
4 315.2207 498.3322
5 314.2468 471.4432
6 311.8196 407.6250
7 178.7857 412.3808
8 310.2329 360.8906
9 309.8418 333.8041
10 307.2356 242.4340
11 316.9540 607.6936
12 317.0618 614.8646
13 316.9608 617.3276
14 317.4465 618.4182
15 317.7606 625.9119
16 318.0877 635.7099
17 318.2175 646.7125
18 318.4498 666.6441
19 315.6051 530.9226
20 298.8488 530.6761
21 104.1924 345.0265
22 232.6871 428.4723
23 213.8780 430.9608
24 195.8680 430.4523
25 172.1145 420.9673
26 248.5623 421.9282
27 207.7274 381.0624
28 226.6523 381.0990
29 189.9643 384.7580
30 177.8128 391.7008
31 156.4073 435.0945
32 248.8635 702.8669
33 172.4132 408.0911
34 97.7314 431.4462
35 133.8647 422.9872
36 222.6386 512.0573
37 294.4746 594.3325
38 298.2463 614.7963
39 271.9373 601.5064
40 256.9530 610.4912
41 281.6775 616.5198
42 268.1082 618.8722
43 232.7695 640.9074
44 300.1486 519.5565
45 297.2305 499.6172
46 144.3541 369.9381
47 257.9488 458.3681
48 257.0379 518.8233
49 255.3686 508.4266
50 166.8384 513.4267
51 297.3855 474.4264
52 188.5701 344.7259
53 162.5967 353.6874
54 122.1802 306.8110
55 271.5718 357.4037
56 243.8921 385.8497
57 218.0010 623.2267
58 121.6228 622.3017
59 270.8342 529.4287
60 286.2524 535.3207
61 239.4709 622.8902
62 246.9821 621.0026
63 150.4467 340.8188
64 256.5432 528.8014
65 224.3583 344.2770
66 219.9394 327.4224
67 199.0746 255.4643
68 136.2996 322.8479
69 211.0886 289.7446
70 131.8716 362.0603
71 117.7487 354.3797
72 296.1122 606.7411
73 277.7522 611.0432
74 262.8077 615.2159
75 275.7135 533.3140
76 243.5747 622.2248
77 251.6246 623.9050
78 248.4453 619.8916
79 281.0480 520.2771
80 271.0638 617.4966
81 285.0072 617.1207
82 300.4768 617.1332
83 294.1288 667.5995
84 295.6497 646.1950
85 296.6264 634.3540
86 297.7710 624.8645
87 298.9821 618.4919
88 267.7440 619.4437
89 265.4263 621.5519
90 262.0059 626.6053
91 258.5835 633.4812
92 239.9332 586.4443
93 99.1122 524.2181
94 315.5092 535.8878
95 258.5159 620.3127
96 255.4545 621.2394
97 292.6608 544.9930
98 263.6342 541.9902
99 289.5736 540.2788
100 238.9623 471.9630
101 209.2987 487.3801
102 252.5504 518.4073
103 152.1937 276.1081
104 165.6956 300.2595
105 180.5063 328.4057
106 248.9820 651.6074
107 264.7308 330.4237
108 257.1578 287.5889
109 249.2204 245.6327
110 180.7903 427.5881
111 136.0977 451.0541
112 258.4756 415.7402
113 155.1496 397.0140
114 270.4729 443.6391
115 268.4837 509.1976
116 115.9687 466.7630
117 150.3562 464.4678
118 175.4737 470.5525
119 211.1434 465.4188
120 237.1526 455.3221
121 256.5058 444.0883
122 294.2424 413.8404
123 121.2999 509.5770
124 137.9369 394.5650
125 306.5184 530.1697
126 260.4031 477.7428
127 91.7975 433.6134
128 270.6867 431.6111
129 250.9776 520.6794
130 166.5568 410.2836
131 267.1136 496.8769
132 106.2798 572.8149
133 257.9776 408.1262
134 281.7692 483.2922
135 165.6007 663.9177
136 166.6097 687.4710
137 101.1777 517.8274
138 141.4589 638.6056
139 107.2802 389.9486
140 244.6328 723.1888
141 308.3587 535.1522
142 244.3128 494.5605
143 116.8990 428.2808
144 197.1865 417.9614
145 213.3895 419.3610
146 247.3081 628.3651
147 126.5944 550.4729
148 279.7281 748.9997
149 221.5952 726.7038
150 196.1872 711.0053
151 308.5861 287.5953
152 319.6961 750.9359
153 229.2511 417.5639
154 244.0081 413.3707
155 253.2920 410.5193
156 123.3911 391.8579
157 241.7067 395.8273
158 225.4528 392.2119
159 209.6742 392.0120
160 193.6985 395.7326
161 183.4650 400.9679
162 94.7500 384.7077
163 186.2334 415.1707
164 315.9122 560.8537
165 256.3472 573.0652
166 270.5454 525.5842
167 291.0739 564.0864
168 310.8204 384.4898
169 191.4380 688.1305
170 216.9431 705.9914
171 278.6302 734.9661
172 142.7784 660.4101
173 253.0350 402.6265
174 283.0893 446.5996
175 319.7746 735.8964
176 248.6957 739.9551
177 108.8837 562.4434
178 282.1728 618.4687
179 279.7609 623.0120
180 277.4084 630.4585
181 275.3088 640.8351
182 269.1940 660.8197
183 255.6433 620.4122
184 250.6273 619.4040
185 245.3049 616.8313
186 225.7359 604.0084
187 153.1006 558.8557
188 282.6325 427.3444
189 272.2565 392.4814
190 260.8599 397.4132
191 259.0418 617.9314
192 150.8259 608.5879
193 287.7347 389.2240
194 258.5806 681.9434
195 313.4806 449.4367
196 295.4943 434.4982
197 312.6501 429.0759
198 271.7481 479.8493
199 319.4944 714.7020
200 319.0760 689.0463
201 288.1612 690.0619
202 213.7944 650.1868
203 236.2339 538.8224
204 234.3528 669.1157
205 193.9492 537.6470
206 219.5857 560.4421
207 178.3546 572.3334
208 281.5397 714.8173
209 261.0013 492.9330
210 197.5567 665.4940
211 223.1140 685.4885
212 198.2116 626.3173
213 132.2221 585.1659
214 174.6495 629.5183
215 120.3054 602.9542
216 204.9936 589.2482
217 272.1382 461.9173
218 274.8890 517.3640
219 262.8263 524.9152
220 281.8394 503.0176
221 257.0312 376.7882
222 226.6641 368.0838
223 200.7234 367.5036
224 179.0440 371.6410
225 163.6298 381.0351
226 152.0806 416.2872
227 96.4988 474.1699
228 167.6340 443.1716
229 186.6738 447.9460
230 211.5259 446.7971
231 235.2079 440.8366
232 253.6301 432.5361
233 266.0501 424.5635
234 95.2621 478.7997
235 263.4123 531.0171
236 283.8561 464.3789
237 287.4268 516.9213
238 297.9392 527.1551
239 287.9927 520.5877
240 269.1010 537.5744
241 301.0520 528.9020
242 302.7117 533.8759
243 264.7641 409.0100
244 275.6471 412.6769
245 281.1672 414.7589
246 177.3141 404.7669
247 167.7159 399.0070
248 329.2800 452.7758
249 441.8630 405.4244
250 331.6607 529.8915
251 507.2347 335.8573
252 389.7197 424.5155
253 408.5521 426.0152
254 426.2326 424.6567
255 448.4093 413.6027
256 373.7806 418.9935
257 411.9365 375.8117
258 393.0892 376.9242
259 429.6292 378.5519
260 441.8079 384.7840
261 464.2042 427.5777
262 388.4445 699.1871
263 447.7573 400.6910
264 518.1559 421.2675
265 484.7307 414.2633
266 404.9283 507.8362
267 338.6986 593.1706
268 335.7570 613.8783
269 361.1696 599.4140
270 376.0283 607.7617
271 352.0489 614.9900
272 365.2414 616.7896
273 400.7701 637.0747
274 330.9912 518.7766
275 333.0535 498.7502
276 472.8661 361.6595
277 366.7822 455.9322
278 372.0948 516.4181
279 372.8779 505.7810
280 459.3046 506.2180
281 331.1540 473.6515
282 429.5688 338.9415
283 454.8593 346.4824
284 489.2864 298.5031
285 348.7655 355.5087
286 376.2851 382.7480
287 414.3856 618.7380
288 501.7719 612.7626
289 358.7674 527.5669
290 343.9825 534.1949
291 393.2418 619.6678
292 385.5826 618.0865
293 465.7627 333.1992
294 372.7464 526.4889
295 394.7358 340.3294
296 398.5655 323.1746
297 413.8277 250.8042
298 477.7325 314.7625
299 404.9406 285.4404
300 484.1799 353.3840
301 496.2033 345.3014
302 337.6179 605.7579
303 355.9362 609.1906
304 370.5498 612.7325
305 354.1497 531.7177
306 389.0409 619.0717
307 381.7326 621.0608
308 383.9244 616.9640
309 349.0292 518.7484
310 361.9658 615.4620
311 348.4086 615.7232
312 333.3226 616.2687
313 342.5604 666.3975
314 340.6714 645.0338
315 339.2807 633.2626
316 337.5833 623.8770
317 335.7623 617.7016
318 365.9062 617.0974
319 368.3719 619.1148
320 372.1260 623.9858
321 375.7943 630.8087
322 391.7554 582.9967
323 517.9680 513.8790
324 374.5244 617.6888
325 377.7273 618.6065
326 338.1081 543.9963
327 366.1563 539.8632
328 340.7728 539.2202
329 386.3383 468.6022
330 416.7051 482.4457
331 375.9255 515.7836
332 459.6341 269.3265
333 448.9245 293.8491
334 436.5899 322.3461
335 385.8285 648.2530
336 354.7401 328.2652
337 359.6665 285.3812
338 364.6807 243.1664
339 440.5664 420.8853
340 484.5678 442.5518
341 363.6955 413.1880
342 463.4834 389.3295
343 353.8676 441.7868
344 360.9089 507.2134
345 503.9932 457.2975
346 472.0122 456.5510
347 448.3768 463.9009
348 413.2999 460.5290
349 387.0246 451.8166
350 367.1139 441.5695
351 329.5207 413.0916
352 501.2752 500.2002
353 479.6625 386.0709
354 324.7148 529.8057
355 365.7719 475.4691
356 521.4043 423.2913
357 352.5378 429.9091
358 377.0919 517.9717
359 453.2799 402.7326
360 361.0905 494.7882
361 513.6220 562.6303
362 363.6153 405.5181
363 346.6545 481.8422
364 465.3521 656.3326
365 463.9578 679.9549
366 518.7359 507.4628
367 486.6072 629.9447
368 507.2485 380.3303
369 393.1105 719.2942
370 322.5240 534.7852
371 382.4350 491.4900
372 500.8415 418.8433
373 424.5286 412.0658
374 408.5722 414.3402
375 386.1396 625.2522
376 497.9320 541.2185
377 359.1137 746.9379
378 414.2245 721.6879
379 437.5768 704.8620
380 392.6633 413.4228
381 377.9453 409.9511
382 368.5291 407.7437
383 493.2101 382.6244
384 379.1487 392.4943
385 394.8670 387.9722
386 410.5493 386.8080
387 426.6048 389.4898
388 436.8664 394.0508
389 517.1418 374.8926
390 434.9494 408.6453
391 375.1029 570.4664
392 359.0896 523.6595
393 340.5272 562.9082
394 442.0736 681.8560
395 418.6631 700.9194
396 360.5487 732.8177
397 484.2644 651.7798
398 368.2982 399.8260
399 342.5452 445.3683
400 389.0885 736.2833
401 513.2706 552.2710
402 352.2022 616.8310
403 354.9006 621.1701
404 357.6745 628.4643
405 360.3503 638.6793
406 366.7115 658.4801
407 377.3196 617.8150
408 382.3214 616.4523
409 387.4738 613.7429
410 406.1538 599.8209
411 473.9642 550.8628
412 341.3415 426.0690
413 348.8450 390.7997
414 360.1699 395.0860
415 373.6339 615.4090
416 477.4580 600.4727
417 333.8180 388.2535
418 377.9406 678.9182
419 329.9694 433.7010
420 355.2392 478.0421
421 349.6764 688.4409
422 419.6996 645.1927
423 392.7044 535.2357
424 400.5899 665.1128
425 434.5089 531.8774
426 410.3487 555.9694
427 450.9182 565.7291
428 357.2443 712.8225
429 366.0554 490.7297
430 435.8355 659.5015
431 412.3247 680.6721
432 433.7431 620.5723
433 493.6404 576.1529
434 456.1356 622.5552
435 504.4556 593.3313
436 425.6876 583.9725
437 353.6699 460.0833
438 355.0040 515.5674
439 366.7355 522.6107
440 348.0370 501.4897
441 363.2476 374.4133
442 393.0267 364.0157
443 418.4923 362.1051
444 440.0017 365.1130
445 455.0764 373.6402
446 467.2598 408.3582
447 521.1710 463.9183
448 454.2278 436.0874
449 436.0043 441.7467
450 411.6064 441.8957
451 387.8229 437.0688
452 369.3073 429.8666
453 356.6456 422.5222
454 519.6409 468.5626
455 366.0291 528.8657
456 343.1111 463.0383
457 343.2203 515.6283
458 332.7899 526.3319
459 342.4095 519.2527
460 360.6840 535.7532
461 330.0463 528.2043
462 328.0150 533.3260
463 357.1321 406.9078
464 346.5246 411.1600
465 341.4927 413.5993
466 442.9440 397.6180
467 451.7045 391.5378
