# Image: /home/yaroslav/Projects/Diia.AIContest-AdAstrum/fixtures/FLUXSynID-processed/0083d9f5b13e/0083d9f5b13e_m_live_0_e_d1.jpg
# Mode: stream
# Status: fail
# Errors: strong_shadows_on_face: Strong shadows or uneven lighting detected (difference: 30.9); head_is_tilted: Head is tilted 11.7° (max: 10.0°); face_too_small_in_frame: Face occupies only 40.0% of frame (min: 50.0%)

# 2D Landmarks (index x y)
0 345.5718 511.3712
1 327.3326 437.7987
2 333.9357 464.6536
3 299.3493 389.2841
4 323.1835 419.1431
5 318.1977 398.1785
6 307.2830 351.3034
7 179.9626 392.1945
8 298.4166 311.9032
9 293.4637 289.3543
10 279.0526 226.1350
11 347.9839 521.1968
12 350.0016 529.7068
13 350.8618 534.4204
14 351.8839 538.8042
15 353.7313 546.4310
16 355.9443 556.6793
17 358.3450 568.2274
18 362.6941 589.0211
19 329.8404 449.0783
20 314.4033 455.5517
21 107.2288 362.1003
22 233.7838 392.5568
23 216.3626 399.2338
24 199.2445 403.4970
25 175.1880 401.4739
26 247.7682 383.0863
27 200.9221 353.1063
28 219.6723 349.4276
29 184.0419 360.6066
30 173.7543 370.7141
31 163.7192 418.6140
32 295.2673 638.9012
33 173.1694 389.8966
34 112.7854 434.8144
35 141.4913 413.3918
36 237.9987 465.7613
37 323.1257 514.3180
38 332.2822 534.6434
39 303.0166 529.2188
40 292.0874 544.2026
41 317.3723 541.9930
42 306.1423 549.9066
43 273.6826 584.1570
44 311.9797 441.6058
45 305.1872 425.0143
46 141.1408 359.0467
47 262.4355 410.7209
48 270.6749 457.8001
49 267.2704 450.3803
50 185.8730 482.5445
51 301.6223 405.1612
52 176.3304 323.5129
53 154.4578 338.4952
54 117.2505 323.7485
55 258.2489 316.4624
56 237.4517 350.7533
57 257.3169 571.1302
58 162.9171 600.5368
59 286.9969 464.0255
60 303.6607 465.7229
61 280.9328 566.2220
62 288.7926 562.3185
63 142.0653 331.6511
64 273.2139 468.6475
65 209.8454 314.8942
66 203.4067 302.4748
67 179.3080 260.8055
68 129.3971 327.3604
69 192.6817 280.3568
70 129.7498 357.3456
71 118.5662 360.8116
72 327.8291 525.8542
73 311.2274 536.8280
74 299.3542 547.2435
75 293.0332 467.0293
76 285.3871 564.5755
77 291.9676 563.2858
78 289.9817 560.5852
79 293.8934 449.7809
80 309.7878 549.0966
81 321.6093 543.3711
82 335.7254 538.2832
83 337.4298 594.6482
84 335.0656 572.6198
85 334.2026 560.4192
86 333.8159 549.8052
87 334.2212 543.0502
88 306.3606 553.2060
89 304.1554 556.2455
90 301.0436 562.4497
91 298.1568 570.2959
92 269.8414 527.1546
93 128.2002 519.4437
94 331.5227 455.5693
95 298.6726 557.4257
96 295.6513 559.5032
97 311.7147 472.6710
98 283.3292 480.3177
99 307.9095 469.2588
100 246.4976 427.7173
101 221.0281 448.6047
102 267.1988 461.4220
103 139.2817 289.4422
104 152.0219 299.9387
105 166.8804 312.9902
106 290.3157 590.1951
107 247.6687 295.6553
108 236.5729 269.0344
109 224.6953 241.5875
110 184.4579 404.9532
111 147.6608 437.8168
112 256.3379 374.9690
113 155.2990 382.6517
114 272.2448 394.2930
115 279.2243 443.8558
116 131.7460 457.4060
117 162.0525 445.2838
118 186.0292 443.7513
119 219.1093 429.9381
120 242.2461 414.5349
121 259.1958 399.8623
122 290.8460 360.9017
123 142.7457 493.1129
124 140.0506 385.1677
125 320.7443 450.7271
126 267.4622 425.5876
127 109.8765 442.9719
128 270.8290 385.1454
129 266.7602 465.5801
130 167.5960 392.8017
131 275.9375 435.1716
132 141.4218 560.1680
133 254.9232 368.9905
134 287.8058 418.0027
135 207.8174 624.2377
136 212.3321 648.9404
137 126.7812 508.3379
138 182.4107 606.3894
139 115.2658 395.8875
140 293.8980 661.7307
141 324.4048 456.6248
142 255.4085 445.2406
143 127.8379 423.4040
144 198.3378 392.1412
145 213.9293 389.2991
146 287.9318 568.5792
147 154.5635 527.7408
148 336.1179 682.0893
149 270.5799 673.0700
150 243.2225 664.0405
151 286.4016 258.0900
152 381.0691 675.2295
153 228.5744 384.0459
154 241.9709 377.1573
155 250.5252 372.4096
156 127.6149 388.2967
157 237.9295 364.2706
158 221.9125 365.8573
159 207.0181 369.1464
160 192.3268 375.3731
161 183.1879 381.6804
162 104.8887 399.5199
163 187.5642 392.6062
164 337.7963 479.9554
165 282.0379 509.7510
166 285.4434 459.3555
167 313.8407 489.7319
168 303.0956 333.2215
169 235.2951 640.9575
170 262.9151 651.8876
171 331.9445 664.9360
172 187.5054 629.7803
173 249.4725 366.1320
174 284.3288 390.4543
175 377.4378 658.0297
176 300.7616 679.7574
177 140.3221 545.9212
178 318.8587 547.6409
179 316.7964 553.0164
180 315.2643 561.5475
181 314.4468 572.7804
182 311.3352 593.9909
183 296.4875 557.1438
184 290.4593 557.2005
185 284.1652 556.0442
186 261.1022 548.7380
187 181.5647 526.5738
188 281.5053 376.2520
189 266.2983 350.8223
190 256.1910 358.0060
191 299.7803 554.3021
192 187.3883 573.9395
193 280.8058 343.1414
194 302.5505 616.2987
195 314.3825 381.8640
196 294.7094 375.7540
197 310.8859 366.7825
198 278.2402 421.4509
199 372.5184 635.4219
200 367.1369 610.2270
201 334.3021 616.9169
202 253.6296 597.2300
203 256.0133 485.9667
204 276.1671 610.3719
205 216.0841 495.3562
206 244.6403 509.3179
207 208.0558 531.2958
208 331.2337 642.3703
209 270.2540 437.2414
210 238.4894 616.6236
211 266.3121 629.4153
212 235.9740 578.1614
213 165.5286 557.7258
214 212.5302 587.5247
215 157.0483 579.2412
216 237.4221 540.3258
217 276.1147 407.6761
218 287.0412 448.5966
219 277.6102 460.9767
220 290.7941 433.1173
221 248.0509 338.5038
222 216.7218 336.0207
223 191.4811 341.0560
224 171.8234 350.7327
225 159.6542 364.2761
226 156.3466 402.3482
227 116.9073 471.6492
228 174.5993 422.3481
229 193.1227 421.3520
230 216.4363 413.8473
231 238.0901 402.7281
232 254.4313 391.0106
233 265.3158 380.9477
234 119.2004 481.4553
235 280.2633 467.9219
236 287.3567 403.3395
237 298.9843 443.2436
238 312.2577 451.2753
239 300.6988 447.3913
240 287.6019 473.5950
241 315.2977 451.2759
242 318.6532 457.2379
243 261.6379 367.3141
244 272.8375 367.9954
245 278.4550 367.6778
246 177.6714 386.1775
247 166.1531 380.9751
248 331.1784 381.6013
249 437.4961 330.2355
250 346.7190 447.6801
251 488.4686 270.6327
252 389.5615 355.0698
253 407.9659 353.0693
254 425.0233 349.0769
255 445.8485 336.3162
256 373.3396 353.2351
257 402.0184 305.7038
258 383.8603 310.8579
259 420.1186 304.6127
260 433.6768 308.8087
261 463.1962 346.5535
262 443.0285 603.3520
263 442.6796 325.2712
264 515.6625 338.1099
265 480.6278 332.0598
266 418.7229 421.7464
267 366.8622 503.2586
268 367.9596 525.7768
269 391.4933 506.9966
270 408.1944 515.1486
271 384.6621 525.1196
272 398.2496 526.9200
273 441.1713 543.1157
274 342.7877 434.0619
275 341.5307 416.2760
276 457.2936 284.5027
277 372.3901 384.3610
278 386.4956 429.5501
279 386.1206 421.3766
280 472.0140 413.1582
281 336.0799 396.9193
282 411.4704 269.3855
283 437.0148 272.6588
284 463.2471 240.6628
285 336.3342 298.7896
286 368.7490 320.0671
287 450.2399 523.5412
288 543.2488 510.0910
289 374.5761 442.4879
290 360.8967 451.6123
291 428.2477 529.4493
292 419.2793 529.5763
293 444.8084 261.1345
294 389.1136 440.3159
295 378.5215 276.3532
296 378.9652 262.2650
297 382.3267 212.0242
298 454.1712 250.1197
299 379.1066 236.6224
300 466.6613 277.7681
301 477.8837 275.0651
302 368.1002 515.6431
303 387.8635 517.6143
304 403.1142 521.1913
305 370.7031 447.8907
306 423.5411 529.9372
307 416.9598 532.0804
308 417.2132 528.6218
309 362.2425 433.3097
310 394.4997 527.6950
311 381.1435 528.3237
312 366.2166 530.5762
313 387.3333 582.4200
314 381.2093 561.2384
315 377.2377 549.7095
316 373.0637 539.9684
317 369.8092 534.2042
318 399.2312 529.8742
319 402.5872 531.6082
320 408.2148 535.8333
321 414.0136 541.6665
322 419.3554 490.1566
323 538.5555 421.5838
324 408.0517 529.9952
325 411.8529 530.3618
326 356.9748 461.4165
327 385.3198 455.0197
328 358.7673 456.7351
329 393.9508 392.0990
330 425.8909 398.9129
331 391.0085 431.0190
332 429.6709 219.8537
333 423.0580 236.0317
334 415.3827 255.6398
335 428.3411 556.3781
336 337.0221 275.4084
337 335.4342 245.7315
338 334.0354 215.1332
339 438.9732 343.5662
340 485.7919 356.3857
341 362.5442 349.9257
342 455.1771 311.3485
343 356.6062 374.1301
344 372.6833 421.3448
345 508.3276 366.9385
346 476.2688 369.2641
347 454.2957 378.8337
348 418.9980 381.5712
349 391.7725 378.5391
350 370.3331 373.2008
351 326.2030 352.6266
352 514.0906 403.6414
353 469.6872 306.7095
354 338.7668 446.4232
355 374.6662 399.5965
356 521.4950 344.4201
357 353.7065 365.4338
358 393.2452 434.5381
359 448.9876 325.4085
360 371.6856 412.0247
361 544.6258 464.1405
362 361.3149 343.8768
363 353.6767 402.1180
364 514.4886 551.1398
365 520.5015 575.7600
366 535.0332 410.6054
367 529.3286 523.8894
368 496.3179 304.6341
369 453.5553 623.5530
370 338.3192 453.2531
371 393.9836 411.5002
372 497.3854 334.7527
373 421.0633 338.5016
374 405.7512 343.1133
375 422.8399 535.0356
376 519.1927 440.1404
377 423.9735 661.2130
378 478.5583 623.4994
379 499.3939 603.1049
380 390.4258 345.2338
381 375.9190 345.1740
382 366.4740 344.9215
383 482.0575 303.7146
384 373.8845 332.2305
385 388.3116 326.3915
386 402.8972 322.3443
387 418.7932 321.0490
388 430.0554 322.3960
389 506.8310 303.3070
390 430.8911 334.0459
391 400.4917 480.4012
392 373.9316 437.8120
393 363.3543 477.4373
394 497.0364 578.3068
395 477.0553 600.7871
396 420.9829 643.7338
397 534.2178 547.5089
398 364.8308 339.0494
399 344.4584 376.0744
400 454.4683 643.0933
401 539.6386 450.4380
402 385.6669 530.9638
403 389.7207 534.7569
404 394.7158 541.7352
405 400.1200 551.5500
406 410.8286 569.8002
407 410.2481 528.5471
408 415.8203 525.6702
409 420.8218 521.8185
410 437.0941 505.0868
411 495.3465 450.8449
412 340.8079 362.2727
413 343.4013 333.0670
414 355.4551 334.7141
415 406.0801 527.5659
416 510.9680 496.3642
417 327.3252 332.4496
418 427.4413 586.1460
419 329.3431 367.4910
420 363.4656 400.9515
421 399.2116 601.1972
422 463.3717 546.3069
423 411.8703 447.7240
424 448.6115 568.6038
425 451.5165 438.2409
426 432.8194 463.2660
427 474.5733 466.7906
428 412.2573 622.9445
429 377.5060 411.2083
430 484.4032 557.3572
431 465.0982 581.6207
432 471.0437 520.9502
433 522.6561 472.1583
434 495.0665 519.6529
435 539.5854 488.1436
436 453.1798 487.4896
437 359.1002 387.6449
438 367.8175 429.0516
439 381.7048 435.5902
440 357.7127 416.8823
441 354.4939 314.0209
442 381.2385 297.7526
443 405.5157 290.9452
444 426.9877 290.6630
445 443.5117 297.1063
446 462.8474 328.9116
447 527.7271 373.2036
448 455.2514 354.6329
449 438.1307 362.1604
450 414.1734 366.1316
451 390.1109 366.1555
452 370.7691 363.2331
453 356.9255 359.2787
454 529.9088 383.2637
455 382.4847 442.7974
456 347.5582 388.8587
457 354.8240 429.7765
458 346.5863 442.9332
459 355.0478 434.2876
460 378.6026 451.2218
461 343.9488 444.4291
462 343.6560 451.2025
463 354.6268 345.5377
464 344.8963 351.1167
465 339.6758 353.3519
466 437.0715 323.9028
467 444.9598 314.5990
