# Image: /home/yaroslav/Projects/Diia.AIContest-AdAstrum/fixtures/FLUXSynID-processed/005afc2e648b/005afc2e648b_f_live_0_e_d1.jpg
# Mode: stream
# Status: fail
# Errors: image_blurry_or_out_of_focus: Image is blurry (sharpness score: 88.17); strong_shadows_on_face: Strong shadows or uneven lighting detected (difference: 74.9); face_not_looking_straight_at_camera: Head is turned 165.8° (max: 15.0°); face_too_small_in_frame: Face occupies only 36.8% of frame (min: 50.0%)

# 2D Landmarks (index x y)
0 337.3994 638.5084
1 325.1983 583.2380
2 328.4711 600.2377
3 294.2935 523.6795
4 320.7166 564.0338
5 314.3636 538.2091
6 298.6409 475.2963
7 161.6588 503.5008
8 286.9881 427.8012
9 280.7760 401.7673
10 255.9118 305.3870
11 339.3307 646.9733
12 340.7999 653.1676
13 341.2913 655.4148
14 341.6808 658.0676
15 343.4102 664.9585
16 345.5062 673.8478
17 347.5515 683.0141
18 350.7866 697.6180
19 327.0983 592.4689
20 310.6779 594.3650
21 70.8210 445.8018
22 220.2014 507.2221
23 201.7036 513.4509
24 183.4889 516.6664
25 156.9817 512.1244
26 234.8433 498.2999
27 184.7722 468.8264
28 204.4113 464.7253
29 167.4462 475.9790
30 156.4902 484.6745
31 144.4179 527.8691
32 293.1375 742.6383
33 154.0675 500.3604
34 84.6937 530.0680
35 119.3854 520.0108
36 229.1691 586.5834
37 316.4928 641.0201
38 323.9516 657.0359
39 297.3910 652.0717
40 286.0608 662.8789
41 309.6006 662.1509
42 298.3218 667.0011
43 269.7829 694.0995
44 310.2082 586.6213
45 303.6356 568.6392
46 120.4299 471.8094
47 253.0379 530.6214
48 267.9225 590.3531
49 264.0528 580.2021
50 172.0084 599.3444
51 298.4066 544.4928
52 160.3719 442.0409
53 135.6293 454.5850
54 80.3543 408.0464
55 246.1895 435.2068
56 223.0240 465.4931
57 252.5841 682.5191
58 150.7411 691.8446
59 283.5092 597.1792
60 299.7738 598.5155
61 274.1560 676.7581
62 281.1253 673.1961
63 121.0023 444.0461
64 269.5292 597.8472
65 195.9863 434.3101
66 188.1483 418.8162
67 146.4557 344.3337
68 100.5854 425.0540
69 169.0767 379.6822
70 105.5696 465.4946
71 87.9770 456.3416
72 320.3392 650.7037
73 304.6079 658.5991
74 292.4587 665.3223
75 289.1574 598.7747
76 278.1477 675.2087
77 284.9262 675.3024
78 282.1258 671.6288
79 291.0942 590.1487
80 301.1821 664.8915
81 313.0300 661.6585
82 326.6799 658.5075
83 329.3389 703.5226
84 327.6427 687.1571
85 326.1338 676.9787
86 325.2842 668.1490
87 325.2995 661.9320
88 298.1954 668.2462
89 296.3788 670.7982
90 294.0543 676.0964
91 292.1546 682.7828
92 264.3131 647.1406
93 105.6355 608.6145
94 327.5240 595.3202
95 290.6234 670.3272
96 287.9519 672.1005
97 307.3823 604.9472
98 278.6441 606.5904
99 303.7992 601.9310
100 236.5455 546.4908
101 209.5177 566.9075
102 263.0772 588.5730
103 103.7412 374.0129
104 125.7995 399.0041
105 148.9333 427.5092
106 285.9722 699.6964
107 233.7026 411.1625
108 215.2565 366.4214
109 195.7592 322.9092
110 167.2650 516.9769
111 127.4558 546.4808
112 243.7966 490.7261
113 135.5104 493.5304
114 262.9891 515.1892
115 276.8968 581.7779
116 110.7942 563.5572
117 144.5973 557.1866
118 171.3760 558.3469
119 206.6382 545.8164
120 230.7776 531.1156
121 247.8970 517.0892
122 282.0573 484.6433
123 125.5120 602.0359
124 117.9639 494.1871
125 318.1464 593.7411
126 260.7280 548.7420
127 78.1589 527.9893
128 259.8446 503.1659
129 261.6124 589.4656
130 148.9029 503.2713
131 272.8237 569.1390
132 124.3802 650.5982
133 241.9726 483.4274
134 284.5230 554.9400
135 205.4600 725.2603
136 210.2003 741.9953
137 107.2915 608.3842
138 175.0838 707.9025
139 84.7014 490.4223
140 292.9346 758.8048
141 320.5441 596.2964
142 247.8225 566.4365
143 103.4367 527.0908
144 181.8406 505.3144
145 198.6045 503.2542
146 281.7237 680.0799
147 140.1192 636.9390
148 329.3921 770.7480
149 271.9887 764.0852
150 244.5570 756.2373
151 268.2773 353.1813
152 365.6378 764.1325
153 214.3754 498.0687
154 228.5445 491.1067
155 237.7081 486.5880
156 102.2829 492.9923
157 222.2071 474.0392
158 204.5773 473.0291
159 187.8961 476.3105
160 172.2618 483.6262
161 163.1974 490.9935
162 70.1291 483.5791
163 169.9421 504.8909
164 331.1249 611.6021
165 277.3417 632.9653
166 282.3971 594.9407
167 308.5647 619.0540
168 292.4109 450.8286
169 236.2783 740.4500
170 263.9785 749.9948
171 326.4295 762.2009
172 180.0784 722.3673
173 235.6620 479.0798
174 277.6101 517.9377
175 363.8199 754.1807
176 299.7471 769.5461
177 125.0916 646.3660
178 310.5254 665.0678
179 309.0270 669.8137
180 308.3214 677.0313
181 308.4493 686.4321
182 305.9923 703.2106
183 288.3587 671.0371
184 283.2008 671.5997
185 277.4431 670.6882
186 255.1154 664.7552
187 168.7050 641.0982
188 272.3924 498.6164
189 253.1332 466.2980
190 242.4934 473.0588
191 290.9771 667.7226
192 178.3217 682.6341
193 269.1112 460.5309
194 298.7106 723.6549
195 309.0509 516.8411
196 288.2349 505.2840
197 304.1218 496.8672
198 272.9333 550.8336
199 360.5570 738.2873
200 355.6384 717.1068
201 327.4277 724.5436
202 252.0639 706.1740
203 250.0107 607.4358
204 274.4632 717.7721
205 205.7155 615.5134
206 237.6168 629.5599
207 198.1009 648.3649
208 325.7777 746.5161
209 265.2364 563.6252
210 238.2517 721.8227
211 265.9202 733.1787
212 232.2752 689.5851
213 153.9519 665.3948
214 208.1867 696.4100
215 145.6580 679.8905
216 230.3198 657.0467
217 269.2287 532.9317
218 284.7316 588.7345
219 274.8149 595.3467
220 288.9667 574.7397
221 234.4329 455.7226
222 202.2871 454.8111
223 176.0294 459.7985
224 154.8784 467.5459
225 140.8865 478.3756
226 136.1361 510.9147
227 93.0909 569.8253
228 157.1990 533.7512
229 177.9688 534.5797
230 202.9771 528.4039
231 225.4699 517.9596
232 242.1383 506.8244
233 253.1948 497.1573
234 91.3661 568.1448
235 276.7592 599.3155
236 282.1675 535.5626
237 297.2571 586.9448
238 308.9900 592.4616
239 298.1110 589.3214
240 283.3381 602.7903
241 312.4761 593.6839
242 314.9381 596.2678
243 248.8638 483.2827
244 260.5684 484.2828
245 267.1965 485.7646
246 158.1605 496.0261
247 147.8821 493.0369
248 325.2969 515.4562
249 430.3951 430.1111
250 341.8266 586.2478
251 477.0681 336.2342
252 381.1217 463.6356
253 400.2600 459.7551
254 417.5057 453.4615
255 437.7305 435.4564
256 364.2050 463.1985
257 394.1400 410.3003
258 374.5439 417.3257
259 412.8939 407.3917
260 426.6297 409.6459
261 455.3804 443.5302
262 422.6452 707.6917
263 435.1623 423.2557
264 503.9429 416.2487
265 472.3525 423.6835
266 409.7416 538.8867
267 357.3506 630.7326
268 357.9815 648.4475
269 379.6396 631.5235
270 394.6342 635.4982
271 373.1078 646.3475
272 385.3982 645.2380
273 422.1992 654.4701
274 339.7807 578.8072
275 337.9705 559.5080
276 451.7426 378.7143
277 362.7841 501.6538
278 377.7787 561.9155
279 376.3196 551.0664
280 464.8421 520.9767
281 331.2262 535.7848
282 404.4287 372.1515
283 431.3850 370.6074
284 453.2299 307.3594
285 326.1069 411.9834
286 358.7803 428.0572
287 432.5756 635.7616
288 516.4159 592.0576
289 366.8135 575.7687
290 353.1745 584.9047
291 410.5874 642.3549
292 402.6369 642.5903
293 438.9434 353.8735
294 379.4183 569.4993
295 369.9155 384.3228
296 369.7042 366.6858
297 368.7464 284.6978
298 445.8561 329.8742
299 367.1721 324.9095
300 460.8546 366.2944
301 469.5818 351.9134
302 358.4900 641.2020
303 376.2982 640.7288
304 390.1207 640.8464
305 362.6836 579.9640
306 406.3161 642.8805
307 400.0277 646.0048
308 400.9370 641.6271
309 357.5654 572.7357
310 381.5447 644.7169
311 369.5529 647.5659
312 356.0121 651.1772
313 373.0139 692.0387
314 367.8162 676.7754
315 364.5672 666.9892
316 361.2447 659.0828
317 358.3801 653.5768
318 385.0121 646.0133
319 387.9019 647.2451
320 392.2844 650.7240
321 396.9206 655.7021
322 407.0671 610.4370
323 517.3973 496.3464
324 392.6937 644.2534
325 395.8535 644.6826
326 349.2300 594.3122
327 375.1922 581.8895
328 351.0192 589.8340
329 384.4456 507.3505
330 417.8126 511.5720
331 380.6658 558.1289
332 418.6008 289.0693
333 413.1732 319.4266
334 407.6136 353.6648
335 410.2759 666.9944
336 326.4458 384.2035
337 320.7973 337.5171
338 316.3334 290.7010
339 431.4351 445.1996
340 478.1907 451.7145
341 353.0557 460.9839
342 447.9513 407.1012
343 347.4514 492.7028
344 366.6379 558.3883
345 499.1195 458.4251
346 469.0948 469.8441
347 446.6942 484.5433
348 410.3720 491.3513
349 382.4696 490.5552
350 361.0477 486.9185
351 317.5457 474.9966
352 504.1246 499.8867
353 462.5839 399.0419
354 335.6688 589.1264
355 364.6250 521.6278
356 505.5079 412.1921
357 344.3974 480.5740
358 381.9270 558.4130
359 440.7025 423.0819
360 363.9592 545.4412
361 520.0208 542.7376
362 351.0894 453.3951
363 347.9251 538.2871
364 489.0699 648.5409
365 490.4587 665.6191
366 519.3901 496.3632
367 506.5063 618.0645
368 486.4696 381.2535
369 428.7628 721.9829
370 334.0481 592.8069
371 383.7254 530.8112
372 488.3917 422.1555
373 414.3033 442.3336
374 398.6967 448.9910
375 405.1210 648.6160
376 506.5988 538.1312
377 400.7369 751.5907
378 447.8037 716.1437
379 467.8461 695.3744
380 382.3228 452.4547
381 366.6553 453.4200
382 356.5153 454.1336
383 474.5911 390.5504
384 363.6848 435.2247
385 378.2997 425.2238
386 394.4062 419.1501
387 411.6871 417.2858
388 423.0544 419.2177
389 493.3671 369.3320
390 424.1670 435.7415
391 388.8764 604.4308
392 367.0975 573.0261
393 354.8308 607.3230
394 469.5470 677.2492
395 449.9447 699.4769
396 401.1380 742.0283
397 506.1210 633.4826
398 354.5338 446.4209
399 336.7798 502.2364
400 426.5197 735.1148
401 520.6758 538.8275
402 373.0285 649.1250
403 376.3828 652.5127
404 380.3906 658.2694
405 384.4377 666.5953
406 394.0639 679.9979
407 395.8666 644.0166
408 400.8160 642.0012
409 405.4524 638.4936
410 422.8537 621.4661
411 485.4748 556.1403
412 332.0492 482.6747
413 333.4118 444.1455
414 345.6367 444.7125
415 391.7573 642.4008
416 494.4346 597.7966
417 316.9872 447.1741
418 409.7277 693.9509
419 322.0067 496.2430
420 355.3044 529.2572
421 384.7163 709.2651
422 443.0866 655.4358
423 400.5910 568.2072
424 428.4248 676.7879
425 443.4782 552.2822
426 422.1591 581.1821
427 464.4135 577.4108
428 395.8089 727.5983
429 367.3267 537.1342
430 460.9417 661.9100
431 441.9098 685.8271
432 453.3294 631.1542
433 506.8702 570.2881
434 476.0311 624.8689
435 518.3487 578.6700
436 441.1948 601.7646
437 350.3131 511.6241
438 362.7273 568.3425
439 373.9822 569.6597
440 353.1076 557.9544
441 344.9154 424.7698
442 372.7701 406.6170
443 398.3907 397.1910
444 420.5719 393.1335
445 437.1328 395.6726
446 454.6634 423.6847
447 514.6442 455.2423
448 447.4687 455.2030
449 430.0262 466.7572
450 405.5124 473.9752
451 381.0296 475.9828
452 361.4737 474.6469
453 347.4512 471.6939
454 511.5772 453.9354
455 373.7699 574.3141
456 340.8900 520.0346
457 351.2419 572.6755
458 342.9277 583.5230
459 351.2931 575.3563
460 369.5266 580.8119
461 340.6291 586.2992
462 339.0181 590.1242
463 345.0874 456.9645
464 335.1065 464.1054
465 330.1447 468.8303
466 429.8291 421.2465
467 437.2914 413.0025
