# Image: /home/yaroslav/Projects/Diia.AIContest-AdAstrum/fixtures/FLUXSynID-processed/0034c8167c5f/0034c8167c5f_m_doc.jpg
# Mode: stream
# Status: fail
# Errors: strong_shadows_on_face: Strong shadows or uneven lighting detected (difference: 59.4); face_not_looking_straight_at_camera: Head is turned 179.4째 (max: 15.0째); head_is_tilted: Head is tilted 17.6째 (max: 10.0째)

# 2D Landmarks (index x y)
0 310.9432 633.9607
1 305.4774 556.4748
2 308.3584 579.8696
3 286.6777 488.9419
4 304.4957 535.1537
5 304.0953 507.6739
6 304.4550 443.0324
7 164.5637 442.8159
8 304.1286 402.0905
9 303.7142 377.0570
10 302.6120 283.8671
11 311.4935 644.8599
12 312.1129 652.6441
13 312.7728 655.4055
14 314.0592 656.9553
15 314.3199 665.3146
16 314.7834 676.0645
17 315.3799 687.9751
18 316.4274 709.1966
19 306.3532 567.5867
20 287.1012 566.9745
21 97.3976 380.8601
22 222.5263 458.1568
23 202.9231 460.5944
24 183.8457 461.1698
25 158.2144 451.9074
26 238.9438 452.4742
27 193.8690 415.4291
28 214.7550 415.1679
29 174.8037 419.0121
30 162.2330 425.3271
31 143.1931 467.4786
32 237.5958 744.1413
33 157.3522 438.5242
34 88.6497 464.3204
35 120.6451 456.6356
36 208.4164 545.5205
37 285.0894 630.8744
38 290.7059 652.7951
39 259.6816 638.4636
40 244.3964 648.3405
41 272.2238 654.4956
42 257.8727 657.3806
43 220.1830 679.9475
44 287.7581 556.3879
45 283.9715 536.1331
46 130.8891 408.8386
47 246.8375 491.4312
48 239.4759 553.6904
49 238.4061 542.9358
50 152.2777 546.1582
51 284.9932 510.4129
52 176.2320 387.1458
53 149.0368 394.6950
54 113.9912 345.1463
55 263.7364 398.8424
56 233.6009 419.3256
57 203.9677 661.4385
58 111.3860 653.3991
59 255.2834 564.7314
60 272.9188 570.8471
61 227.2936 662.8146
62 236.1595 660.6978
63 138.1226 382.8881
64 239.4675 563.6654
65 213.9398 387.0139
66 209.3179 371.1699
67 189.2861 296.8107
68 126.2991 362.7139
69 200.9560 331.8640
70 119.6725 401.3995
71 108.5470 391.7595
72 287.5738 644.0205
73 266.8426 648.5879
74 251.2563 653.3632
75 260.9328 568.5905
76 232.0604 662.2437
77 240.8720 664.0911
78 238.1653 659.2046
79 266.2414 556.3665
80 262.0028 656.0730
81 276.7152 655.4013
82 293.9654 655.2942
83 288.6003 709.4334
84 289.4396 687.3646
85 290.4603 674.8038
86 291.8496 664.0645
87 293.4106 657.1854
88 259.4780 658.5743
89 256.6099 661.2533
90 252.3309 666.8577
91 248.3568 674.0265
92 225.4296 622.7214
93 91.4319 554.6178
94 307.3646 572.2331
95 249.5697 659.4921
96 245.5374 661.0743
97 280.8461 580.6778
98 248.0401 576.9354
99 276.9267 575.9071
100 227.0516 504.5861
101 196.2285 520.1826
102 235.7700 552.8424
103 142.7396 316.4233
104 155.4864 341.9719
105 168.6602 371.9162
106 238.3949 691.3539
107 256.1438 373.6942
108 248.6285 328.9315
109 240.8716 287.2030
110 167.5937 458.5715
111 122.7009 483.6960
112 249.0711 446.7947
113 140.8207 431.3467
114 260.2608 477.2238
115 252.1273 544.8299
116 102.7629 499.1368
117 136.6101 497.0196
118 162.0184 503.1589
119 199.3700 497.5703
120 226.4705 487.2361
121 246.5870 476.4522
122 285.2793 448.9183
123 107.0811 541.4005
124 124.4938 430.4914
125 295.6899 566.8597
126 247.5726 511.3846
127 86.5359 465.9088
128 261.4553 464.7803
129 235.1472 554.8517
130 151.8794 441.6295
131 251.1986 531.9165
132 97.2032 602.9730
133 248.2920 439.1189
134 267.5939 518.9086
135 150.7165 699.1537
136 153.3025 723.0420
137 89.6023 548.6504
138 127.4778 671.6268
139 98.5058 424.7811
140 232.7344 766.3458
141 298.6958 571.5452
142 230.6135 527.9616
143 104.7924 461.9609
144 184.6870 447.6538
145 202.0910 448.4977
146 235.9559 668.4410
147 112.1463 582.0392
148 272.7728 796.2337
149 208.5858 768.5261
150 182.2986 749.8130
151 303.0559 328.6787
152 319.6257 799.7007
153 218.7343 446.7605
154 234.1321 443.2031
155 243.7652 441.0531
156 111.4673 428.1058
157 230.8613 426.3142
158 213.5778 421.9966
159 196.1404 421.4649
160 178.7042 425.3285
161 168.0277 431.0298
162 89.0274 418.6461
163 172.7107 445.4136
164 309.4714 596.7366
165 241.5377 608.7351
166 254.7171 561.0252
167 280.3926 599.8048
168 304.5326 422.1658
169 176.3954 725.8796
170 203.1441 746.3359
171 270.7590 780.2393
172 131.0803 693.3537
173 242.7750 433.5934
174 272.0912 481.3050
175 318.6088 783.1164
176 237.6820 784.7034
177 96.5963 593.0588
178 275.1121 657.3693
179 272.1975 662.5448
180 269.2070 670.8079
181 266.6915 681.9057
182 260.5736 701.7519
183 245.1026 659.5282
184 238.9163 658.4953
185 232.7407 655.7019
186 211.4401 641.2008
187 138.5274 591.3763
188 273.1093 461.7329
189 264.2101 427.3299
190 251.5450 430.1460
191 249.4927 656.7855
192 136.0919 641.6451
193 279.9785 426.0996
194 248.7527 722.4321
195 304.2202 485.1146
196 285.3594 469.6308
197 304.3385 464.3357
198 258.4331 514.3945
199 317.6548 759.8092
200 317.0655 732.3807
201 281.6719 732.0422
202 199.5302 687.6556
203 220.4897 572.9737
204 221.9375 708.1015
205 179.2674 571.1903
206 204.7123 594.9989
207 163.6021 606.0228
208 273.9050 757.9088
209 246.5238 527.0592
210 182.3404 702.6820
211 209.5713 724.8605
212 183.0793 662.6226
213 117.7261 617.0311
214 159.2150 664.4613
215 107.2829 634.1376
216 190.5443 624.5897
217 260.2181 496.0350
218 259.1891 553.3376
219 245.9625 560.0580
220 266.7789 539.3047
221 248.3473 413.5751
222 215.5590 405.7764
223 187.3798 405.3295
224 164.2897 408.9228
225 148.6349 417.1680
226 138.4290 449.1201
227 86.1285 505.8125
228 154.2303 475.1775
229 174.3566 479.8249
230 200.3518 477.8967
231 225.0552 471.6844
232 244.1188 464.0492
233 257.1926 456.9021
234 89.2123 510.0952
235 246.9659 566.0541
236 271.5515 499.4510
237 273.2239 553.5837
238 285.7369 563.6147
239 274.1248 557.0217
240 253.6852 572.6397
241 289.2850 565.5097
242 291.8642 570.1523
243 255.5659 440.8516
244 267.4020 445.9417
245 272.7583 448.9587
246 162.0133 435.2238
247 152.5143 431.8228
248 322.5916 488.3448
249 451.2314 439.0902
250 327.9095 566.0779
251 525.0970 372.3427
252 393.2232 455.7685
253 413.5565 457.4732
254 433.2682 457.0999
255 458.9054 447.6254
256 375.9009 450.8654
257 419.0874 412.7739
258 398.1631 412.8941
259 438.3997 415.8822
260 451.7529 421.7726
261 476.2580 461.6956
262 399.3642 742.2349
263 458.6150 435.0306
264 538.2829 455.9276
265 499.8440 450.0482
266 412.3042 541.2959
267 337.2578 629.2766
268 334.5396 651.4552
269 365.0695 635.4488
270 383.0388 644.0904
271 354.6939 652.0687
272 370.6853 653.9029
273 413.2928 675.3374
274 323.6628 555.5207
275 325.4939 535.2247
276 483.9034 404.0127
277 368.9817 489.1962
278 376.2703 550.9293
279 377.3719 540.0743
280 471.4507 539.4445
281 323.9199 509.7495
282 434.3380 384.1283
283 463.2027 390.8205
284 503.7563 337.1940
285 345.5814 398.0409
286 379.4518 417.5601
287 428.0195 655.9112
288 531.4620 647.9211
289 361.5366 562.4346
290 344.1391 569.4122
291 404.7715 657.4560
292 395.7650 655.8303
293 474.5237 378.5263
294 378.0942 560.8623
295 395.5658 384.8616
296 399.5353 368.7749
297 419.4479 291.9371
298 488.7304 356.2746
299 407.5813 328.1928
300 496.3741 395.7771
301 510.7065 384.5955
302 336.2842 642.5759
303 358.9955 645.8053
304 376.6681 649.5216
305 356.4648 566.6086
306 399.8470 656.9561
307 391.1832 659.5077
308 393.7524 654.4922
309 347.9728 554.4623
310 367.0327 652.6472
311 350.9005 653.0390
312 332.3609 653.9783
313 344.8598 708.2525
314 341.9504 685.9077
315 339.8036 673.4289
316 337.5551 662.8357
317 335.5775 655.9224
318 371.6633 655.0601
319 374.6130 657.6023
320 379.2536 663.1137
321 383.9561 670.3301
322 400.0896 618.4313
323 545.9202 547.1295
324 382.2699 655.4729
325 386.2769 656.6856
326 336.8797 579.5340
327 371.1079 574.4676
328 340.3037 574.6004
329 390.7684 501.3970
330 423.8075 515.3737
331 381.6730 549.8597
332 470.2734 309.6470
333 455.9512 336.8277
334 441.6202 368.3834
335 395.5620 687.8599
336 351.8709 372.6133
337 358.3661 326.9014
338 365.4385 284.4492
339 449.6604 454.1767
340 498.9574 476.6110
341 365.1444 445.6691
342 475.4089 426.7154
343 353.8823 475.6334
344 361.3544 542.5764
345 521.7671 491.2172
346 484.6123 490.0739
347 458.3331 497.0347
348 419.5214 493.1662
349 390.8347 484.1815
350 369.1306 474.4240
351 324.7742 448.3169
352 519.6997 533.4514
353 493.2430 424.6330
354 317.3837 566.4106
355 368.5940 509.0908
356 544.7087 457.1817
357 352.7092 463.5047
358 383.6629 551.8131
359 464.7414 437.6998
360 362.2152 529.7329
361 542.9944 596.3961
362 365.8009 438.1698
363 343.2091 517.4618
364 489.4113 695.2935
365 490.5248 720.0787
366 542.1363 540.8848
367 512.1256 666.6903
368 524.6845 416.6635
369 406.0633 764.9656
370 316.0440 571.1787
371 387.7147 524.8681
372 517.9180 454.4181
373 430.8632 444.1712
374 413.2195 445.6030
375 396.6033 663.6995
376 518.2928 574.7537
377 366.7454 795.6747
378 433.4460 767.1073
379 460.8732 747.9586
380 396.1960 444.5094
381 380.3274 441.4593
382 370.5155 439.8027
383 508.3023 421.2537
384 383.1111 424.8368
385 400.5761 420.2569
386 417.8414 419.3811
387 435.5618 422.7026
388 446.8257 427.9566
389 537.7449 409.8317
390 442.8803 441.6930
391 381.2282 605.5162
392 361.3622 558.6804
393 339.5190 598.4453
394 463.6939 723.0682
395 436.7396 744.4953
396 366.7966 779.3919
397 512.7585 689.2380
398 371.1109 432.5153
399 339.5352 480.2258
400 403.0149 783.7591
401 538.6485 585.9924
402 355.0180 654.9745
403 358.2270 659.9199
404 361.8448 668.0801
405 365.2976 679.2602
406 373.3414 699.3883
407 385.3489 655.1208
408 391.2188 653.6860
409 397.1531 650.7048
410 417.1153 635.9345
411 490.2620 584.5839
412 338.8770 460.6921
413 348.1452 426.5362
414 361.5622 429.0826
415 381.0853 652.6004
416 498.5825 635.7913
417 330.6273 425.5143
418 386.8734 720.3807
419 324.2363 468.9578
420 355.3406 512.4930
421 353.1152 730.9374
422 434.8600 683.4485
423 400.8928 569.2153
424 413.5265 705.0456
425 444.8553 565.6709
426 419.7958 590.3727
427 464.7374 600.0997
428 361.9068 756.8446
429 369.4360 524.5894
430 454.6042 698.8978
431 428.0026 722.3476
432 449.4673 657.3182
433 515.9837 610.4282
434 475.5829 659.4268
435 530.8479 628.0739
436 437.6917 619.0689
437 353.6095 494.2819
438 354.6147 551.1741
439 370.1155 557.3616
440 344.5391 537.6824
441 363.4782 412.4492
442 396.1316 403.6786
443 424.3554 402.4084
444 448.3149 405.4851
445 465.4649 413.1810
446 480.0731 443.9220
447 542.9785 497.6240
448 464.9006 469.5941
449 444.4755 474.6883
450 417.4784 474.0634
451 391.4627 468.9923
452 371.3605 462.2520
453 357.3523 455.6172
454 545.2768 501.9221
455 370.1715 563.4795
456 339.5182 498.2350
457 339.1306 552.0769
458 328.1236 562.7439
459 339.3739 555.5152
460 364.5211 570.4676
461 324.2374 564.7033
462 323.1610 569.6176
463 358.1704 440.0911
464 346.1287 445.1225
465 340.0408 448.1937
466 453.4307 431.8949
467 462.7184 427.9051
