# Image: /home/yaroslav/Projects/Diia.AIContest-AdAstrum/fixtures/FLUXSynID-processed/00028290bd21/00028290bd21_f_live_0_p_d1.jpg
# Mode: stream
# Status: fail
# Errors: face_not_looking_straight_at_camera: Head is turned 174.6째 (max: 15.0째); head_is_tilted: Head is tilted 19.1째 (max: 10.0째); face_too_small_in_frame: Face occupies only 45.6% of frame (min: 50.0%)

# 2D Landmarks (index x y)
0 286.8252 634.5828
1 297.2951 579.4240
2 292.3914 593.6423
3 289.1984 507.8051
4 300.0939 559.7326
5 302.9753 531.4198
6 309.1138 460.4299
7 177.6041 429.1082
8 314.4802 412.4121
9 318.0895 386.5994
10 329.3784 289.0616
11 285.4356 643.3911
12 284.2180 648.7437
13 283.4744 649.7483
14 282.8973 654.4916
15 282.1423 662.1023
16 281.0503 671.3428
17 279.6432 680.4170
18 276.5709 694.3807
19 295.2547 587.8951
20 278.0229 581.5623
21 111.9016 340.7331
22 229.1507 456.2676
23 210.2130 454.9612
24 192.5045 451.1918
25 170.4464 435.4842
26 245.4830 453.6230
27 208.9173 407.9160
28 228.2252 411.4628
29 191.0830 407.9605
30 178.4977 411.4179
31 153.0446 446.5068
32 204.9534 713.2306
33 171.4616 422.5613
34 93.9421 423.3682
35 131.8508 429.3141
36 207.1420 538.4065
37 265.5559 628.7604
38 266.0943 645.7971
39 242.4186 630.6823
40 227.1524 635.2527
41 249.8869 644.3218
42 236.6855 643.5523
43 199.1899 656.5053
44 282.0292 576.7650
45 282.5183 557.4085
46 149.5004 385.9489
47 248.8775 493.3247
48 239.4581 560.1498
49 239.7851 548.1138
50 152.6602 526.6078
51 286.2396 531.1352
52 195.2901 375.3097
53 169.1013 376.6488
54 134.5571 311.3187
55 275.4373 403.3164
56 244.9593 419.0334
57 187.8237 638.2013
58 90.2819 598.7104
59 250.7673 572.2520
60 265.1433 579.8237
61 208.2472 642.2216
62 215.8736 641.6496
63 159.0411 361.0540
64 237.3570 566.8917
65 230.0901 382.7980
66 228.2482 365.7462
67 218.0371 282.3442
68 146.9836 335.6324
69 225.1337 323.5885
70 138.0135 374.1566
71 124.8593 358.4772
72 265.3009 639.3504
73 246.7303 639.7571
74 232.1245 640.1892
75 254.8727 575.5634
76 212.4101 642.4361
77 219.4379 646.7737
78 217.3416 640.4212
79 262.0732 570.3947
80 239.7647 641.8372
81 252.9000 644.1075
82 267.7642 647.0343
83 253.4426 691.9327
84 258.3866 677.0213
85 260.9409 666.9729
86 263.2136 658.2958
87 265.2911 652.0185
88 235.5266 646.1278
89 232.8881 647.9962
90 228.8720 652.3895
91 224.7013 657.7357
92 214.2842 611.1717
93 81.5202 501.6411
94 293.9960 589.6026
95 226.6993 644.0808
96 223.5115 644.8751
97 270.1634 589.5928
98 242.1016 578.2105
99 267.7742 585.0382
100 228.8672 501.7815
101 197.7317 510.9595
102 235.3614 554.9872
103 168.2193 291.1216
104 178.8967 322.6542
105 189.7183 357.3939
106 212.7975 669.5008
107 272.4037 377.1334
108 271.8164 330.0356
109 270.0602 282.5466
110 178.0772 444.6559
111 130.5860 457.9059
112 256.0069 450.3514
113 156.7299 411.1237
114 263.2776 483.0184
115 252.0830 556.8373
116 108.3917 466.8051
117 143.1510 475.2353
118 167.2789 487.1823
119 202.9858 488.8497
120 229.5964 483.9495
121 249.5778 477.4923
122 291.1400 462.8589
123 108.3980 508.7918
124 139.8168 404.8726
125 286.2173 585.7759
126 248.7481 514.5916
127 86.6799 416.2838
128 265.1051 469.6096
129 233.4939 554.1919
130 166.1062 424.0199
131 252.8963 542.3223
132 82.0315 548.7539
133 256.3967 442.4916
134 269.3557 534.7484
135 129.0467 657.1377
136 125.7105 673.6329
137 86.2412 505.3075
138 108.8342 627.2081
139 109.3608 387.4930
140 198.0421 729.1974
141 287.0925 587.8662
142 230.7566 526.0391
143 114.0280 429.2636
144 195.4370 439.6241
145 211.2287 444.3266
146 214.7584 649.7097
147 107.8089 547.0898
148 227.8683 755.5961
149 174.6741 723.5543
150 151.5911 703.0752
151 323.9878 337.6706
152 265.1034 762.4849
153 227.1719 445.3671
154 242.5449 444.2549
155 251.9939 443.7219
156 125.4899 397.4282
157 241.4349 423.7147
158 225.3757 414.7031
159 208.8878 411.2820
160 192.2761 412.6082
161 181.9507 416.6954
162 96.9594 373.4507
163 184.8189 434.2418
164 290.5716 605.4134
165 231.5611 603.4331
166 251.0716 570.1724
167 266.3609 603.8167
168 311.4948 434.8473
169 151.0477 685.4090
170 173.3632 707.4272
171 229.0899 746.3338
172 105.8173 640.9395
173 252.0994 435.2718
174 275.5481 493.5586
175 267.8042 752.6533
176 199.3809 741.8371
177 87.6988 547.9789
178 249.2077 648.7568
179 246.3857 652.9961
180 243.0331 659.7800
181 239.6097 668.4743
182 230.7481 682.0108
183 224.5205 642.4273
184 219.8447 641.1701
185 215.0766 638.1469
186 198.3387 623.4365
187 132.9486 563.7652
188 277.5649 471.7103
189 271.8983 432.5270
190 260.0146 433.6472
191 228.1022 639.8841
192 123.0304 605.7784
193 287.7397 434.5217
194 217.0869 697.3319
195 305.0330 506.9898
196 289.5551 486.2046
197 306.9838 484.3546
198 259.6744 523.4465
199 270.8491 735.8528
200 273.9567 713.6667
201 244.4083 710.1645
202 179.1316 659.8294
203 216.8285 566.7444
204 195.7728 680.7244
205 175.8728 556.5002
206 197.9845 582.9566
207 155.9862 583.6324
208 234.8754 730.5695
209 247.4007 531.4926
210 160.5547 668.9479
211 182.1966 692.1448
212 168.0400 636.0429
213 108.2787 579.0375
214 143.6643 632.1009
215 93.2032 588.0683
216 180.2570 605.2230
217 262.4508 503.7336
218 256.7484 566.8303
219 243.9500 567.6475
220 266.3798 556.4390
221 258.5706 416.1006
222 229.5637 403.1497
223 204.3047 397.7064
224 182.7146 396.1906
225 166.8711 400.0023
226 151.2270 426.9643
227 87.3673 463.7307
228 163.1654 457.2751
229 181.4310 466.6420
230 206.1025 470.1488
231 229.8910 468.7214
232 248.6828 464.8665
233 261.7680 460.4789
234 83.5296 458.3497
235 243.5469 571.4066
236 273.9671 513.7285
237 269.5294 571.3408
238 277.8606 580.1176
239 268.9561 573.1482
240 247.9340 576.9406
241 280.8883 583.2190
242 281.5722 585.4190
243 262.6061 445.6677
244 272.5607 451.8333
245 277.7252 456.5328
246 176.0820 419.9609
247 168.4520 414.9985
248 319.5077 511.3404
249 433.7210 458.1333
250 310.5701 585.0640
251 503.6698 388.9034
252 378.8834 473.2243
253 397.0489 476.2112
254 414.2321 476.7037
255 437.2593 465.8659
256 364.3361 467.1136
257 411.1478 430.8436
258 391.6884 430.0460
259 427.9122 434.8399
260 438.1351 441.0779
261 449.2386 480.8167
262 336.4138 726.1185
263 440.3247 452.8862
264 498.1257 471.0337
265 470.8558 468.6511
266 381.2325 558.3677
267 308.0398 633.2694
268 301.5578 649.4819
269 327.7783 639.5740
270 338.8184 646.7933
271 315.8982 651.1827
272 326.8833 653.0096
273 355.5881 672.7345
274 312.1111 580.0820
275 317.0519 561.2646
276 471.3864 422.7681
277 353.3399 505.4918
278 350.3525 572.5371
279 352.0011 560.7431
280 431.8221 558.6422
281 318.6331 534.7860
282 435.6183 402.6907
283 458.1446 409.5382
284 495.6290 356.1031
285 353.6266 412.2457
286 373.6810 433.8506
287 370.6308 657.5152
288 447.5691 636.4377
289 336.1276 581.6967
290 321.1235 586.1170
291 350.9239 657.2512
292 343.6366 655.0978
293 470.6328 396.8918
294 349.0147 579.3640
295 401.7162 402.3705
296 408.2083 386.3952
297 433.6807 309.5467
298 483.5572 376.0444
299 419.8290 347.1216
300 482.8853 414.0684
301 493.5533 402.7361
302 305.0537 643.5980
303 321.0696 647.4353
304 332.7476 650.7115
305 331.1087 584.0364
306 346.9061 656.5110
307 340.1731 659.3372
308 342.1992 653.6097
309 328.9105 577.6608
310 323.3683 650.5636
311 311.9507 650.3891
312 298.4991 650.3437
313 298.9108 696.6843
314 300.4031 681.3068
315 300.8754 671.1981
316 300.5970 662.2418
317 299.7570 655.6921
318 326.2446 655.5462
319 328.4980 658.0345
320 331.3386 662.9978
321 333.7089 669.0403
322 356.8693 626.8103
323 478.8807 546.4496
324 333.5560 655.2846
325 336.7366 656.8473
326 313.8309 594.4794
327 340.6248 589.2274
328 317.3399 590.4643
329 369.3319 518.1775
330 395.8722 534.0717
331 353.1280 568.2353
332 474.2188 329.1794
333 460.8780 356.5301
334 445.1182 386.7412
335 340.6739 682.6500
336 364.0323 387.8217
337 375.2460 342.7921
338 386.6980 297.3350
339 428.7618 473.3890
340 465.5519 496.8691
341 355.6606 461.4738
342 456.5554 445.4015
343 343.5084 492.3503
344 341.6317 566.9247
345 480.5077 509.8592
346 451.6391 511.1226
347 428.3740 517.6414
348 395.6397 511.3430
349 372.1528 500.4967
350 355.5415 489.7809
351 325.0924 466.7447
352 470.3538 550.0665
353 472.1677 443.2729
354 304.3034 587.7097
355 349.2921 526.2402
356 498.7023 465.3552
357 343.6766 478.6862
358 353.3722 567.6729
359 444.0609 455.5398
360 343.1390 552.5656
361 466.3334 590.6792
362 356.8980 453.5651
363 331.9571 541.8590
364 410.6262 685.4510
365 404.3815 700.7729
366 482.8268 549.9691
367 433.3082 660.7645
368 496.2297 433.6414
369 337.2804 742.2637
370 301.0164 589.4298
371 362.3724 541.1401
372 484.2866 472.4931
373 415.4025 464.7310
374 399.4052 465.6766
375 343.6728 663.1155
376 459.7562 586.1445
377 301.9945 762.3875
378 354.6231 740.1972
379 377.5691 724.2544
380 383.7844 463.1168
381 369.5746 458.3983
382 360.7722 455.8741
383 484.4900 439.3402
384 375.4437 438.8153
385 392.4550 433.5687
386 409.3077 433.7657
387 424.7279 438.6617
388 433.0680 444.9456
389 504.4853 423.0141
390 426.3443 461.7347
391 344.1097 615.8154
392 337.2808 579.7147
393 313.7134 608.9151
394 386.1432 708.3857
395 362.3500 725.2472
396 306.0567 753.6380
397 426.2189 673.4030
398 362.7791 447.4992
399 332.6714 500.2140
400 330.4846 753.8229
401 469.6270 589.7981
402 314.4530 655.5968
403 316.5120 660.3891
404 318.0613 667.5876
405 318.9789 676.7079
406 322.0060 691.3338
407 336.7410 654.1758
408 341.7481 654.0334
409 347.0941 651.9795
410 366.7203 641.7015
411 437.0068 597.5943
412 334.1766 478.2907
413 346.0568 441.0163
414 355.9940 444.5009
415 333.2629 651.0185
416 431.3642 638.8672
417 332.9484 439.8472
418 329.5420 708.3542
419 322.6919 490.0519
420 339.7542 532.6335
421 302.5079 715.8931
422 372.1425 679.6991
423 365.4087 583.5475
424 352.2022 696.5004
425 404.6228 582.4514
426 378.2477 603.2896
427 413.8438 612.3263
428 306.2203 737.6095
429 347.2970 542.9103
430 384.9129 691.4880
431 360.3931 709.5331
432 388.6669 659.3731
433 449.6994 616.2376
434 408.7144 659.8824
435 454.8805 626.5304
436 387.4198 628.1528
437 340.6293 512.7848
438 335.0691 575.4686
439 344.5105 578.8733
440 330.7045 563.7125
441 363.1911 428.0447
442 394.3692 421.7739
443 419.8467 422.3497
444 439.8751 425.7768
445 452.2263 432.7612
446 455.6903 461.9563
447 493.2194 510.5332
448 438.4816 489.0551
449 420.1155 494.3868
450 396.7927 492.2638
451 375.0619 485.3625
452 358.8400 477.4743
453 348.0827 470.3196
454 488.6439 505.3748
455 342.7092 582.4492
456 330.9725 520.3034
457 324.2132 577.3160
458 312.5785 583.8478
459 322.7687 578.8999
460 336.5646 586.8436
461 309.6528 586.2755
462 306.5328 588.0645
463 350.7201 455.5551
464 340.3565 459.5872
465 335.7544 463.2818
466 437.3134 449.4147
467 445.2975 446.5218
