# Image: /home/yaroslav/Projects/Diia.AIContest-AdAstrum/fixtures/FLUXSynID-processed/00028290bd21/00028290bd21_f_doc.jpg
# Mode: stream
# Status: fail
# Errors: face_not_looking_straight_at_camera: Head is turned 178.6째 (max: 15.0째); head_is_tilted: Head is tilted 18.6째 (max: 10.0째); face_too_small_in_frame: Face occupies only 43.0% of frame (min: 50.0%)

# 2D Landmarks (index x y)
0 306.0988 635.3350
1 305.1845 574.9188
2 305.1331 592.9654
3 287.9909 504.4791
4 304.7257 553.7468
5 303.9739 524.9138
6 302.4483 455.2643
7 168.7645 447.7630
8 301.3833 408.2905
9 300.8685 381.1942
10 298.5034 275.4266
11 306.2739 644.6546
12 306.4179 650.7394
13 306.5774 652.4942
14 307.2898 657.2348
15 307.5312 664.7014
16 307.7552 674.2084
17 308.0557 684.3657
18 308.3780 702.0925
19 305.2565 584.8608
20 289.2978 582.2167
21 93.7794 370.4920
22 223.3366 466.4753
23 204.2837 467.9890
24 186.1939 467.0180
25 162.3140 456.0517
26 239.3204 461.4743
27 197.6586 421.4789
28 217.1069 422.0659
29 179.9089 424.1968
30 167.8629 429.7561
31 145.9805 469.8581
32 240.9726 736.3061
33 162.2933 443.0421
34 87.3199 459.3849
35 123.3853 456.8194
36 212.8702 552.6561
37 284.8396 632.9138
38 288.5791 650.6764
39 263.3208 638.7897
40 249.3317 646.5494
41 273.1800 651.9888
42 260.6807 653.9393
43 227.2910 674.8746
44 290.0207 574.5329
45 287.3356 554.1705
46 134.7791 409.3426
47 248.7253 500.5133
48 248.9689 566.8557
49 247.7397 555.0555
50 155.0613 550.6308
51 287.6462 527.4523
52 179.4347 390.1791
53 153.0696 396.0038
54 111.5961 334.4428
55 262.5301 405.6813
56 234.7315 426.9824
57 212.4527 657.6690
58 112.8456 646.2321
59 262.5938 577.9262
60 277.9512 583.4937
61 234.0197 657.4345
62 241.8550 655.7074
63 141.1638 381.8544
64 248.9196 574.8148
65 215.2559 392.1618
66 210.7001 374.6059
67 187.7827 287.2317
68 126.5955 357.0026
69 200.9903 329.0025
70 121.9237 399.5915
71 107.7559 385.6969
72 286.3927 643.7935
73 268.9680 647.3297
74 255.1612 650.7926
75 267.5673 580.8619
76 238.1982 656.8624
77 245.7218 659.5021
78 243.3534 654.4741
79 271.4151 573.0242
80 263.9042 652.0614
81 276.6198 651.8769
82 290.9129 652.3204
83 285.5133 702.7473
84 287.1958 683.7570
85 287.8790 672.6504
86 288.6887 663.5612
87 289.9737 657.2260
88 261.1630 656.1760
89 258.7843 658.2676
90 255.5259 663.1333
91 252.3535 669.6488
92 232.2917 624.9004
93 89.2632 547.0707
94 305.1548 587.8805
95 252.7596 656.0632
96 249.5136 656.9454
97 284.1280 592.5483
98 255.9562 586.2081
99 281.1430 588.2686
100 229.5195 512.5886
101 198.7543 526.6714
102 245.0738 563.3566
103 141.0955 306.1273
104 156.0636 337.1215
105 171.4317 372.6211
106 242.3130 685.9995
107 255.3078 378.6730
108 247.2107 327.1063
109 238.6012 278.1334
110 170.9253 463.2017
111 125.0876 485.1377
112 249.5235 456.3860
113 145.3905 433.6856
114 261.2942 487.1750
115 259.4021 560.5377
116 104.7908 498.9468
117 139.1176 499.9738
118 164.6441 507.6384
119 201.2045 503.7195
120 227.7348 494.7592
121 247.2219 484.9166
122 285.0939 460.8930
123 109.7794 542.3704
124 127.8290 430.7391
125 296.2807 583.9466
126 251.7775 521.4615
127 81.4865 456.5431
128 261.5087 473.9183
129 243.6557 563.8460
130 156.7484 445.5305
131 258.7066 546.2775
132 97.0044 595.9462
133 249.2777 448.3483
134 272.4826 534.6757
135 157.2450 694.3517
136 158.4980 715.0041
137 90.6680 545.8905
138 131.9525 667.9664
139 96.7856 419.1736
140 237.3511 755.3487
141 298.3433 587.1293
142 235.5476 536.2998
143 106.3576 460.4173
144 187.3128 454.3033
145 203.6476 456.4678
146 241.6406 663.5800
147 115.2090 582.7474
148 271.8770 779.2466
149 214.7856 756.2527
150 188.9712 739.8952
151 299.7013 326.9966
152 310.2161 781.4208
153 219.7374 455.3569
154 234.9132 452.1855
155 244.5841 450.2855
156 113.0364 426.0744
157 232.3250 433.5242
158 215.5871 427.8365
159 198.9747 426.7707
160 182.6423 430.2584
161 172.6393 435.7252
162 84.3183 408.6763
163 176.2436 451.0413
164 305.5080 605.6875
165 248.6922 613.6380
166 261.9535 575.4389
167 282.0088 607.5110
168 301.9458 430.4317
169 184.2381 719.0755
170 209.8404 737.6223
171 270.5107 767.4552
172 134.2380 686.1737
173 244.1063 442.1795
174 273.9112 494.0159
175 310.0590 768.7093
176 241.8145 769.9996
177 98.6373 590.3726
178 274.2567 656.4804
179 272.0318 660.8870
180 269.9147 668.1372
181 268.0322 677.9355
182 261.8642 695.7987
183 249.4431 655.0682
184 244.1888 654.3338
185 238.8035 652.0322
186 218.7578 640.1672
187 141.5676 593.9495
188 273.4609 472.6504
189 263.3590 435.4176
190 251.7848 438.7203
191 252.9056 652.1962
192 140.6256 640.7918
193 278.7138 434.2995
194 250.4927 716.2695
195 303.4980 500.9944
196 286.0625 483.5963
197 302.9791 478.8341
198 262.8535 527.0581
199 309.6651 749.2316
200 308.9733 724.2158
201 279.1944 724.8534
202 207.4502 683.4789
203 228.5368 579.7030
204 227.3504 702.6875
205 183.3529 576.6070
206 211.0288 599.4649
207 168.2348 608.7884
208 273.0071 748.9093
209 253.0116 538.1364
210 190.5550 697.9438
211 215.6569 718.5083
212 191.6138 660.4960
213 121.6184 616.5944
214 166.5311 662.6744
215 110.6094 631.0427
216 196.7846 625.6437
217 263.2011 507.3602
218 265.4612 569.9594
219 254.4517 573.8575
220 272.2340 556.5755
221 247.9237 421.3634
222 217.2040 412.8325
223 191.2187 411.1291
224 169.3320 413.1894
225 153.7787 420.0605
226 142.0896 450.9969
227 86.1127 502.1973
228 157.1639 478.6943
229 176.7579 484.6087
230 201.9984 484.3155
231 225.9530 479.4729
232 244.4056 472.4863
233 256.9111 465.6617
234 85.0074 501.5002
235 255.4686 578.1930
236 274.4358 513.7003
237 277.6272 571.4296
238 287.9465 580.0087
239 278.0685 574.1072
240 261.1113 583.5080
241 290.9358 582.3402
242 293.0138 585.4738
243 255.8889 450.3220
244 266.5130 454.8240
245 272.0475 458.2412
246 166.8408 439.7260
247 157.9111 435.5585
248 318.9498 503.8486
249 436.2315 441.8556
250 320.6642 581.5380
251 508.3220 363.4474
252 381.9874 462.9930
253 401.3787 463.6992
254 419.5128 462.0110
255 442.8903 449.9317
256 365.6016 458.5059
257 406.1146 415.7751
258 386.1253 417.2968
259 424.3707 417.8531
260 436.8334 423.0713
261 459.6312 463.4514
262 376.8029 733.1306
263 442.4034 436.6884
264 516.9491 451.4409
265 481.6657 449.3626
266 395.6007 548.8634
267 327.1522 631.7394
268 324.2962 649.6089
269 348.7181 636.4586
270 362.6887 643.3948
271 339.6169 650.1893
272 351.9895 651.2737
273 386.0246 670.7974
274 320.1995 573.8756
275 321.9992 553.2767
276 470.2180 400.9066
277 357.8048 498.1632
278 359.8122 564.3167
279 360.4223 552.5210
280 453.4223 544.6548
281 320.4926 526.6302
282 424.3606 382.8158
283 451.3845 387.9148
284 489.4489 327.6055
285 340.3564 402.9771
286 368.5798 423.2937
287 399.6051 653.0779
288 496.3208 638.2200
289 346.7560 575.9893
290 331.8015 582.3047
291 377.9873 653.5589
292 370.3654 652.1726
293 463.0975 373.3223
294 360.0309 572.3442
295 387.6303 386.6741
296 391.5117 368.7806
297 410.1096 282.7447
298 476.0317 349.3727
299 399.1356 323.9002
300 482.5662 391.0792
301 495.7581 378.1082
302 326.1860 642.7840
303 343.5423 645.2816
304 357.2639 647.9482
305 341.9499 579.1860
306 373.7735 653.1470
307 367.0699 656.1740
308 368.6495 651.1381
309 338.1937 571.3433
310 348.5450 649.6050
311 336.1178 650.2472
312 322.0895 651.3797
313 331.2905 701.5756
314 328.8732 682.5427
315 327.5827 671.5947
316 326.0506 662.6886
317 324.4176 656.4200
318 352.3654 653.8038
319 354.8278 655.7451
320 358.2075 660.3654
321 361.5724 666.6164
322 378.9344 621.4342
323 516.3061 538.8027
324 360.2389 653.2257
325 363.2936 653.9726
326 326.1069 591.4728
327 353.4482 584.0099
328 328.7968 587.0654
329 377.4475 509.5803
330 408.9161 522.4971
331 363.3393 560.7143
332 458.2553 299.8538
333 445.5029 330.0474
334 431.5873 364.8564
335 372.3473 682.6685
336 346.5660 375.5966
337 352.2096 324.5577
338 358.6059 275.7256
339 434.6210 457.6437
340 480.9093 478.1326
341 355.1643 453.7456
342 459.6841 426.3706
343 344.8019 485.3000
344 349.4378 558.4765
345 501.2593 491.3195
346 467.4088 493.5260
347 442.3073 502.1278
348 405.5945 499.6697
349 378.5117 491.6306
350 358.6839 482.5098
351 320.1386 459.9263
352 497.6759 534.6886
353 476.9677 422.8979
354 314.1799 583.5808
355 355.4803 519.2251
356 521.7005 448.8771
357 343.9776 471.9806
358 364.6527 561.1083
359 448.1302 438.9823
360 349.4743 544.0759
361 510.0243 587.7779
362 355.0750 445.5764
363 335.6187 533.1686
364 455.6462 687.5719
365 454.8469 708.2370
366 515.7631 537.5361
367 479.0506 660.3133
368 506.8389 411.5116
369 381.1875 751.7956
370 311.9393 586.8637
371 372.1286 533.4308
372 498.4862 452.6396
373 417.9919 449.2867
374 401.5983 452.0494
375 371.2837 660.0287
376 493.1995 575.0008
377 348.0633 777.4603
378 402.6118 751.7527
379 426.7390 734.1928
380 385.2113 451.5261
381 369.7727 448.8624
382 359.8944 447.4420
383 491.3946 418.0174
384 371.5930 429.9263
385 388.0947 423.3565
386 404.8946 421.7295
387 421.4554 424.5861
388 431.6631 429.6751
389 518.3028 401.2949
390 428.9163 445.5260
391 362.0704 610.9512
392 347.5415 573.3740
393 328.9827 606.3736
394 430.6134 713.4130
395 406.6049 732.9427
396 349.2674 765.6894
397 477.0023 678.6166
398 359.9388 439.1366
399 332.6072 492.7001
400 377.3460 766.7125
401 508.8772 581.9659
402 339.8570 654.8457
403 342.3609 659.0408
404 344.8713 666.1725
405 347.2300 675.7925
406 354.1495 693.4490
407 362.9416 651.8474
408 367.9113 651.0087
409 373.0962 648.3399
410 392.7796 635.9622
411 467.8286 587.0568
412 332.1772 471.2772
413 340.5303 433.2195
414 352.0118 435.9950
415 359.3310 649.2880
416 469.9706 633.6224
417 325.2325 432.9317
418 366.1781 713.3294
419 319.9008 482.8626
420 344.6940 525.1446
421 338.7356 723.4310
422 406.1473 678.8805
423 380.7059 576.3815
424 387.7501 698.9634
425 426.1953 571.5046
426 399.1848 595.4844
427 442.3315 602.9984
428 346.2304 747.2056
429 354.7705 535.8652
430 423.7097 692.6063
431 400.1556 714.0533
432 420.8478 655.0951
433 487.8777 608.9010
434 445.4819 656.3651
435 498.6582 622.6950
436 414.3198 620.8060
437 343.6923 505.5728
438 343.9557 568.1055
439 354.7328 571.5536
440 336.7771 555.1797
441 355.2882 418.0453
442 385.9708 407.7643
443 412.7455 404.8980
444 435.1197 406.3461
445 450.9989 412.8236
446 463.0789 444.0210
447 519.4219 494.0644
448 448.9208 472.6948
449 429.5120 479.4812
450 404.0613 480.1414
451 379.7272 476.0198
452 361.1180 469.8439
453 348.2932 463.4552
454 519.2251 493.5679
455 353.6764 576.0546
456 332.8645 512.4317
457 332.3070 570.1638
458 322.1093 579.2401
459 331.7138 572.8134
460 348.3064 581.6401
461 319.4376 581.6373
462 317.2379 584.9642
463 348.6207 447.9456
464 338.0939 452.9965
465 332.8713 456.6926
466 437.6291 433.5200
467 446.9166 428.7350
