# Image: /home/yaroslav/Projects/Diia.AIContest-AdAstrum/fixtures/FLUXSynID-processed/000e23cdce23/000e23cdce23_f_live_0_p_d1.jpg
# Mode: stream
# Status: fail
# Errors: strong_shadows_on_face: Strong shadows or uneven lighting detected (difference: 44.5); face_not_looking_straight_at_camera: Head is turned 173.9째 (max: 15.0째); head_is_tilted: Head is tilted 24.7째 (max: 10.0째); face_too_small_in_frame: Face occupies only 44.8% of frame (min: 50.0%)

# 2D Landmarks (index x y)
0 286.5238 630.7424
1 289.6761 575.6042
2 289.4131 592.4875
3 282.4331 504.1671
4 291.4472 554.5969
5 294.7358 526.1825
6 303.7600 457.7395
7 178.4054 436.6856
8 308.8520 411.2060
9 311.2844 384.4312
10 322.3249 281.9638
11 285.8517 639.5262
12 285.8296 645.1009
13 286.3171 646.2083
14 285.9704 650.6193
15 285.2494 657.1971
16 284.4652 665.9766
17 283.7458 675.9781
18 282.8680 694.9023
19 288.9905 585.4805
20 273.1364 580.5891
21 118.1745 353.8462
22 229.3868 459.8363
23 210.9208 459.1765
24 193.4603 456.2553
25 171.1838 443.4371
26 245.0673 456.8728
27 208.4699 413.7939
28 227.3519 416.4181
29 190.8266 414.5038
30 178.6482 418.6839
31 154.3992 454.4216
32 213.2852 721.9196
33 172.4384 431.8742
34 102.4846 439.2533
35 134.9139 439.8727
36 204.8406 540.2951
37 263.6345 625.1474
38 265.5351 642.1278
39 239.7818 626.5031
40 224.3789 630.4255
41 248.4550 640.1341
42 234.9632 639.3062
43 202.5731 654.8044
44 274.4124 573.2839
45 274.2400 552.7342
46 149.9290 394.9555
47 247.3704 495.2955
48 234.8360 558.7182
49 235.8624 547.0087
50 150.3338 530.5071
51 278.3894 526.5908
52 193.9621 380.3862
53 168.4334 383.8027
54 138.1709 320.5815
55 271.7725 403.9751
56 243.8351 423.0787
57 188.9261 635.6529
58 108.2519 623.9334
59 246.8700 571.3545
60 261.3915 579.1370
61 207.4720 636.6533
62 215.3222 636.7992
63 158.9010 368.6859
64 233.6763 565.7053
65 227.7286 385.6435
66 225.1763 367.9745
67 214.4406 281.8935
68 148.7159 343.6464
69 221.5207 323.2571
70 139.2612 384.1545
71 128.4374 369.8090
72 263.9388 635.5781
73 244.5725 635.3102
74 229.8657 635.3374
75 251.1822 574.7449
76 211.5332 636.7538
77 219.6869 641.6277
78 217.4827 636.5792
79 256.2829 569.0674
80 238.6770 637.8747
81 252.2978 640.2005
82 268.1630 643.4499
83 258.9078 692.7030
84 261.7654 672.6319
85 263.4538 661.7775
86 265.0596 653.5236
87 267.0460 648.0611
88 236.1985 641.9961
89 233.6504 643.4050
90 229.9997 647.3969
91 226.5176 653.3562
92 211.0484 609.4694
93 97.2780 525.6592
94 289.2057 588.4424
95 227.4246 640.0934
96 223.7639 640.0171
97 266.8293 588.7353
98 239.1346 577.1357
99 264.1953 584.2463
100 227.3268 504.2084
101 195.7155 513.3942
102 232.1300 554.1815
103 168.4851 295.8088
104 178.3533 327.0096
105 188.3386 362.4622
106 216.8629 668.9358
107 267.5364 376.5469
108 265.9620 326.2307
109 263.9103 278.1828
110 178.8955 451.0359
111 133.0087 466.2622
112 255.0262 453.0332
113 157.4362 420.2312
114 261.0513 484.1782
115 246.2079 554.8972
116 112.5519 477.7233
117 144.0747 481.2024
118 166.9385 490.9452
119 202.2612 492.1136
120 229.0027 487.1307
121 248.7948 480.1910
122 286.4437 461.2223
123 110.8599 518.9112
124 141.5947 415.3011
125 279.9445 583.5108
126 246.3073 515.6862
127 99.3010 436.4404
128 263.6041 471.2948
129 231.1673 554.2041
130 166.8468 433.0445
131 247.8151 540.5634
132 99.4168 573.9075
133 255.5145 445.6130
134 262.8943 531.6218
135 140.2759 671.8375
136 142.3309 694.3143
137 95.5563 522.8237
138 119.2958 644.4134
139 115.1132 401.2988
140 208.8974 740.7480
141 282.1055 586.7783
142 228.7742 527.5949
143 118.9078 441.6732
144 195.9486 444.4224
145 211.7056 448.0473
146 215.4081 644.9390
147 110.4158 558.6923
148 240.5976 768.5384
149 189.8518 740.2779
150 167.9984 721.5338
151 316.8784 332.0869
152 277.2051 775.2690
153 227.1985 448.7183
154 241.9267 447.4060
155 251.0835 446.7475
156 128.6104 409.1716
157 240.8724 431.3037
158 225.4232 424.9549
159 209.7326 422.2681
160 193.6503 423.4605
161 183.1897 426.9264
162 105.9454 390.0503
163 185.4774 440.4099
164 288.8364 604.1574
165 228.6447 601.7793
166 246.5602 569.3085
167 263.6407 602.1312
168 306.9242 433.4950
169 163.5649 698.9840
170 185.5294 720.1740
171 239.1672 756.3607
172 123.2290 664.2318
173 251.1010 439.7426
174 271.1307 492.3888
175 277.3950 761.9792
176 213.0408 756.4635
177 97.8152 566.6836
178 250.1606 644.7425
179 247.4393 648.4020
180 244.8109 654.7837
181 242.1768 664.1403
182 235.3984 682.1635
183 222.8754 637.8847
184 217.7427 636.1580
185 212.8337 633.0282
186 195.8477 620.6883
187 131.6797 571.1905
188 274.2471 471.5017
189 270.0585 433.9583
190 258.9568 436.2352
191 227.1273 635.8722
192 127.0553 617.1216
193 284.2923 434.5360
194 223.7255 702.1124
195 297.8428 502.6891
196 283.8955 483.6569
197 300.7239 480.9855
198 255.5890 522.7101
199 278.5693 742.3388
200 280.6966 717.1734
201 250.8758 714.4209
202 185.3920 662.9060
203 215.0411 567.3963
204 203.0779 685.1067
205 172.6249 559.1179
206 195.6261 583.8426
207 154.0703 587.9058
208 242.5643 738.1089
209 244.4155 531.6857
210 169.7594 677.0888
211 191.6610 700.6880
212 171.4060 638.1688
213 112.7148 592.4097
214 148.9133 639.5739
215 104.1180 607.2205
216 178.2743 605.4661
217 259.1947 503.8729
218 250.7388 565.1387
219 239.2856 566.4499
220 259.1610 553.1570
221 256.6546 418.1309
222 227.9308 406.4148
223 203.0339 402.1625
224 181.7173 402.1993
225 166.3780 407.7134
226 152.9326 436.5291
227 96.4445 480.3866
228 163.9255 463.7689
229 182.0586 471.4028
230 206.3501 474.1655
231 229.8021 472.4611
232 248.2070 468.0268
233 260.7446 462.8888
234 98.2596 480.8415
235 239.6964 570.2464
236 268.4355 511.5468
237 262.5400 568.6940
238 272.0265 578.5075
239 262.7675 571.2823
240 244.4211 575.7863
241 274.6504 581.2401
242 276.6441 584.3980
243 261.6232 447.9546
244 270.9692 453.3546
245 275.3563 457.2759
246 177.1433 429.7208
247 168.7233 423.5194
248 313.1078 507.2177
249 439.0668 462.0610
250 307.1138 584.2553
251 526.3633 392.1343
252 382.9091 474.6728
253 401.8634 477.6415
254 420.2921 478.1655
255 445.7998 470.1821
256 367.3955 468.6895
257 412.1924 432.5296
258 392.7256 431.4677
259 430.0170 436.8340
260 441.9048 443.6049
261 461.5721 484.0881
262 348.4869 736.5181
263 446.2079 458.4054
264 524.6909 479.6809
265 485.8829 473.4524
266 389.7089 558.5763
267 310.5835 629.9232
268 307.1618 646.3551
269 335.3424 636.3571
270 351.6340 643.3166
271 325.5874 648.0603
272 340.4192 649.8204
273 371.6063 672.0211
274 305.3132 576.4124
275 309.2218 556.0634
276 477.3602 425.2357
277 355.9658 505.8218
278 351.1609 570.5062
279 353.3244 558.9108
280 449.1365 559.9807
281 311.2677 529.7194
282 432.1819 401.2032
283 458.9175 410.1025
284 509.4253 354.8574
285 347.5341 410.3844
286 375.0637 435.0440
287 388.7961 655.9764
288 487.2969 662.6151
289 336.9141 580.6382
290 320.6133 585.3672
291 369.5598 652.9355
292 362.1481 651.3594
293 472.7454 396.9256
294 351.8421 577.9042
295 395.4706 400.0529
296 401.1623 382.9057
297 432.0987 301.3993
298 490.7907 374.8778
299 414.8430 340.1417
300 491.8071 416.7231
301 509.1974 405.3840
302 308.9797 640.2616
303 329.4894 644.0128
304 345.6249 647.0762
305 332.1025 583.2022
306 365.6204 652.1587
307 356.0437 655.2323
308 360.2963 650.7414
309 326.2725 576.1057
310 337.7943 647.6401
311 322.7098 647.3239
312 305.5434 647.2214
313 307.1084 697.7346
314 306.4453 677.1116
315 306.4351 666.1896
316 306.2979 657.8066
317 305.6300 652.0136
318 339.3428 652.2566
319 341.3925 654.1612
320 343.9779 658.8599
321 346.2821 665.4710
322 368.9349 625.4000
323 518.4360 566.9448
324 349.2175 652.2653
325 352.4237 652.8712
326 313.1597 593.5843
327 344.7342 588.0547
328 316.6794 589.6398
329 374.8402 518.5779
330 405.3522 533.9090
331 356.3292 566.8606
332 479.4647 323.8257
333 461.1055 352.1515
334 441.6973 384.5549
335 354.1847 683.1089
336 356.2773 383.9852
337 368.5053 335.3224
338 381.5628 288.7710
339 436.3109 476.0620
340 481.8986 499.9874
341 357.9076 463.0363
342 464.8273 449.3505
343 343.8238 492.1326
344 339.2516 564.2182
345 502.1499 515.5922
346 466.2711 512.4061
347 440.1452 517.3988
348 403.6083 511.6984
349 377.2910 501.5016
350 358.5046 490.7801
351 320.9933 464.3865
352 495.3009 556.6481
353 483.0499 447.4577
354 298.4933 585.3658
355 351.8011 526.0329
356 533.0331 478.0182
357 344.8445 479.0535
358 358.6149 567.1351
359 452.2399 460.6533
360 341.5133 549.9392
361 506.6304 614.7818
362 359.2043 455.6514
363 326.8350 537.8675
364 437.3857 702.9821
365 434.5084 725.1737
366 515.0501 564.1482
367 465.7715 680.0898
368 518.0398 439.3138
369 350.5214 756.1441
370 296.5736 588.3157
371 367.7760 541.3050
372 503.3879 478.5016
373 419.4022 466.1693
374 402.8325 466.5579
375 359.6990 659.4652
376 488.5927 596.4086
377 314.6790 776.7502
378 373.3635 760.3918
379 401.0279 746.6642
380 387.0510 464.0910
381 372.4740 459.8989
382 363.4156 457.6123
383 499.2064 444.0153
384 376.9264 444.3113
385 393.8217 440.9582
386 409.7784 441.5414
387 425.5758 445.8694
388 435.4372 451.3740
389 533.7093 430.5303
390 430.9533 464.3145
391 351.3296 614.3146
392 337.2289 578.5513
393 314.5437 607.3264
394 407.0637 724.9403
395 379.3282 741.1633
396 316.3017 764.8244
397 462.2289 699.3773
398 364.6491 450.7708
399 329.4998 498.0089
400 345.3628 770.9092
401 504.3549 607.4342
402 323.9227 652.1510
403 325.7355 656.2940
404 327.0347 663.1111
405 327.9415 672.8425
406 332.8784 692.3612
407 353.9366 650.8129
408 358.7828 650.2912
409 364.1985 648.1156
410 383.3471 639.5873
411 461.7171 604.1549
412 332.1658 476.9786
413 345.8329 440.9044
414 357.0816 445.4348
415 350.5711 648.1013
416 459.8795 651.0663
417 330.0749 438.6161
418 341.1697 714.5159
419 317.2302 486.8229
420 338.8573 530.8078
421 311.0995 720.9039
422 388.0918 684.0144
423 373.1270 583.3638
424 365.6955 702.2868
425 419.4738 583.6279
426 390.3377 603.4999
427 434.0606 616.0881
428 315.2808 745.9648
429 349.4666 542.1249
430 402.8179 701.6167
431 375.2154 720.2821
432 407.0030 662.1672
433 480.6568 629.5820
434 431.3743 668.6734
435 490.0360 646.2556
436 404.9195 628.2475
437 340.2575 511.8061
438 332.3925 573.4015
439 344.9671 577.2653
440 325.1896 559.7837
441 361.7844 427.5649
442 392.7672 421.1109
443 419.0356 421.6901
444 441.1520 426.3108
445 456.8736 434.9735
446 466.9616 466.5984
447 522.5731 521.8860
448 449.4093 491.3943
449 429.0669 495.3186
450 403.4310 493.2864
451 379.7866 486.9170
452 362.0443 479.0138
453 350.1453 471.4370
454 526.1639 522.1405
455 344.4324 581.1235
456 326.8361 517.2247
457 318.7754 574.2707
458 308.0166 582.2454
459 318.6489 576.9861
460 339.0421 585.7406
461 304.4722 584.2273
462 302.7416 587.1586
463 352.2768 456.6707
464 341.3946 460.0104
465 335.3622 462.9005
466 441.3471 455.3764
467 451.7485 450.5048
