# Image: /home/yaroslav/Projects/Diia.AIContest-AdAstrum/fixtures/FLUXSynID-processed/00bffa3b186b/00bffa3b186b_f_live_0_p_d1.jpg
# Mode: stream
# Status: fail
# Errors: strong_shadows_on_face: Strong shadows or uneven lighting detected (difference: 95.4); face_not_looking_straight_at_camera: Head is turned 174.8째 (max: 15.0째); head_is_tilted: Head is tilted 16.6째 (max: 10.0째); face_too_small_in_frame: Face occupies only 43.2% of frame (min: 50.0%)

# 2D Landmarks (index x y)
0 312.9421 634.9787
1 307.9554 578.6933
2 309.3024 594.7814
3 285.0123 509.1982
4 305.9238 557.8987
5 303.4516 529.0687
6 297.6418 457.6507
7 158.5572 460.0186
8 292.3729 399.2119
9 289.8326 370.2534
10 281.6816 274.1600
11 313.7991 644.7136
12 314.6877 651.8958
13 315.2934 654.3856
14 315.3660 661.2236
15 316.2152 670.6357
16 317.3060 681.8893
17 318.4332 693.0268
18 319.6548 704.7742
19 308.7064 588.1803
20 289.3516 586.5536
21 92.4894 380.5946
22 216.9866 473.7502
23 198.1354 476.9181
24 179.8087 477.2574
25 153.5885 466.6045
26 232.3358 467.5142
27 183.9953 422.3332
28 205.4437 422.3276
29 164.6548 426.8523
30 152.6146 435.0916
31 141.9585 479.8689
32 254.1813 729.9261
33 150.9951 454.5064
34 94.3549 467.2314
35 121.3124 465.3247
36 209.7892 558.1050
37 287.3477 633.2312
38 292.7441 652.8674
39 262.3048 640.0253
40 247.6986 647.0954
41 274.3425 654.0997
42 260.7762 655.8247
43 228.7316 674.9797
44 291.2436 579.3494
45 286.7790 559.4891
46 122.9395 412.7476
47 243.5045 505.4646
48 243.1193 572.5398
49 241.0375 560.8000
50 155.6622 557.1204
51 285.5162 532.5517
52 161.4191 388.4208
53 137.4492 396.9881
54 103.0409 345.2793
55 247.5199 398.5087
56 224.5686 428.2921
57 212.8299 657.1983
58 140.2060 635.5036
59 258.1949 582.5682
60 275.5805 587.7795
61 230.8406 657.7734
62 240.0168 656.8584
63 126.4388 383.3501
64 243.0712 580.0408
65 196.2910 387.2760
66 191.3521 370.3595
67 169.5676 294.3350
68 114.8090 364.3489
69 182.6609 332.3648
70 112.1067 403.2103
71 102.3930 393.3201
72 289.7343 644.6163
73 268.9250 648.7823
74 254.1980 651.7834
75 263.4696 585.4136
76 235.4865 657.6321
77 243.9175 662.9990
78 242.5118 655.5970
79 268.7710 577.8863
80 265.0077 653.9499
81 278.9272 654.4073
82 295.8721 654.7728
83 293.6947 706.6695
84 292.7731 693.3904
85 292.6186 681.5336
86 293.2615 669.8947
87 294.5722 661.9056
88 261.7666 659.9854
89 258.9100 663.1065
90 254.7393 669.1246
91 251.6541 675.9342
92 230.7716 626.5779
93 109.2978 545.0625
94 308.9732 590.7521
95 253.0083 658.5899
96 248.5742 660.2835
97 283.3594 596.0160
98 250.9841 590.3611
99 279.6026 592.2203
100 224.6687 517.8907
101 195.7074 532.9072
102 238.7102 568.7260
103 126.4951 316.1412
104 139.4230 343.2162
105 153.0752 371.8606
106 246.2280 687.4920
107 238.6791 371.5493
108 230.4904 328.1312
109 220.0375 281.6427
110 163.4187 474.1133
111 125.2020 494.6702
112 241.9888 461.5551
113 135.2887 440.9882
114 255.9360 492.0218
115 254.8937 566.1549
116 109.3198 507.3936
117 138.2468 509.1239
118 162.2518 515.6321
119 197.4260 510.3199
120 222.6780 500.3737
121 241.4387 489.8710
122 279.5814 464.3584
123 116.4768 548.0733
124 120.9323 437.1351
125 298.5850 588.0472
126 246.3154 526.2862
127 92.8960 461.3401
128 255.2132 478.3207
129 237.3617 568.4124
130 146.0025 455.2670
131 252.7830 551.6976
132 121.4110 589.5064
133 241.0398 453.9157
134 268.6707 540.2471
135 179.5267 685.5234
136 186.2168 700.5126
137 104.7871 548.3200
138 154.9536 660.6691
139 97.8238 427.6685
140 254.2769 744.1741
141 300.7827 590.6753
142 230.4406 541.3192
143 107.8877 468.7295
144 178.9508 466.1213
145 196.2357 466.4065
146 239.5195 666.6362
147 125.6330 584.9923
148 289.0067 763.1275
149 236.9540 740.3630
150 214.3496 724.2159
151 286.0398 323.8777
152 325.1597 763.7975
153 212.5275 463.6790
154 227.4135 459.0425
155 236.7399 456.1732
156 108.9312 432.3910
157 222.7333 440.4399
158 205.1980 435.6012
159 187.6447 435.8893
160 170.5715 440.4602
161 160.5186 446.6427
162 89.4203 417.1249
163 166.9606 463.5044
164 310.4926 606.7533
165 245.6020 616.4011
166 257.7151 580.3204
167 282.7604 610.2389
168 295.0350 427.7806
169 205.1829 708.8534
170 229.1034 726.2411
171 285.9795 756.5835
172 162.4879 672.7850
173 235.2433 448.5347
174 269.2829 499.0401
175 324.2707 756.2223
176 260.9720 754.2032
177 116.8148 588.8665
178 276.4840 661.1751
179 273.8213 666.9713
180 271.2812 676.1299
181 270.0059 686.6765
182 267.2377 699.1235
183 248.4072 656.4509
184 241.9933 655.0864
185 236.1850 652.2814
186 218.3678 640.7779
187 148.1785 597.0094
188 267.9136 476.9657
189 253.5980 437.0869
190 242.6738 441.9826
191 253.1278 653.5479
192 155.0149 638.7247
193 269.9761 433.6730
194 260.0932 713.9832
195 301.5177 504.8380
196 282.0005 488.1995
197 299.7210 482.3922
198 257.6308 532.0110
199 322.9593 741.7367
200 321.1764 722.0468
201 289.7472 723.7009
202 215.4374 680.9367
203 224.1660 583.9398
204 236.1627 699.6774
205 183.6779 581.9854
206 210.3368 603.1063
207 172.7907 611.8194
208 286.0916 742.9430
209 246.7855 542.8623
210 204.7208 692.4998
211 229.4523 711.6559
212 197.7668 658.8760
213 136.0382 615.5552
214 178.5270 659.9813
215 132.2059 626.1254
216 199.2678 626.8491
217 258.0307 512.4050
218 262.2312 575.2547
219 249.6084 579.1044
220 269.8179 562.2272
221 235.1474 419.7009
222 202.3173 410.6798
223 174.9410 410.7613
224 153.3297 415.4567
225 139.7630 425.1057
226 135.7879 460.0606
227 97.0190 508.0139
228 152.5689 488.5195
229 172.5507 493.5000
230 197.2137 491.9596
231 220.2429 485.6585
232 237.9591 477.7441
233 249.9737 470.2704
234 100.7851 502.7403
235 250.4246 583.2036
236 270.4334 518.8534
237 276.8083 576.8807
238 288.3979 584.6403
239 276.9477 579.0574
240 256.5530 588.0142
241 292.3310 586.8612
242 294.2150 589.5593
243 247.8312 454.7762
244 258.8651 458.3704
245 265.0462 461.5097
246 154.9934 451.0247
247 144.9488 443.4193
248 318.8283 505.9347
249 438.6103 432.3706
250 327.8390 582.8988
251 492.7110 341.0944
252 383.0296 457.6410
253 402.5915 457.1229
254 421.0075 453.8069
255 444.6897 437.9522
256 366.3518 454.4666
257 405.9852 399.2304
258 384.6433 403.6963
259 426.1306 399.9693
260 439.7549 405.9886
261 459.1148 449.0512
262 390.2898 717.9212
263 444.8734 425.2316
264 505.9203 426.9832
265 477.3326 430.3207
266 404.8350 539.8692
267 338.2248 628.7316
268 337.0612 648.9714
269 365.1461 630.9245
270 381.3460 635.0417
271 356.1286 646.9056
272 370.2195 645.9053
273 405.8071 658.8058
274 324.4253 576.1034
275 325.3180 555.7341
276 465.6343 377.5301
277 361.5769 494.1613
278 372.1910 560.3933
279 372.6146 548.3864
280 459.4793 528.4999
281 322.0367 529.0511
282 421.6365 360.3279
283 447.7553 364.3254
284 475.3562 308.1139
285 336.8587 388.6676
286 366.9126 413.6623
287 418.6855 638.4155
288 490.0120 602.7664
289 358.9644 573.0387
290 342.3942 581.5817
291 400.2710 642.3335
292 391.2992 642.9052
293 456.8000 348.6278
294 373.8106 567.9071
295 385.9111 366.4604
296 387.7922 348.8737
297 396.9395 271.3818
298 466.1814 328.4493
299 390.2267 310.6236
300 475.2730 366.1745
301 484.3208 355.0889
302 338.2428 640.2992
303 360.2668 640.6430
304 375.9025 640.7696
305 354.2530 576.9937
306 395.7063 642.9047
307 387.7372 649.6848
308 388.7790 642.1182
309 347.1063 570.3399
310 366.1514 644.7297
311 352.0701 647.8506
312 335.0364 651.2791
313 346.2470 701.9519
314 344.1877 688.5251
315 341.9501 676.9605
316 339.0757 665.7928
317 336.4069 658.0474
318 369.4124 649.9274
319 372.8018 652.5146
320 377.8316 657.6174
321 382.0870 663.6989
322 395.2077 611.6875
323 504.8890 506.9986
324 378.3198 646.9982
325 382.8516 647.8721
326 335.8475 591.1217
327 367.9899 579.6395
328 338.9979 586.6497
329 382.9311 502.9719
330 414.8358 512.1801
331 376.5673 555.8981
332 445.1895 283.8753
333 436.5873 312.2363
334 427.0345 342.4043
335 390.5761 674.2812
336 340.7450 360.1380
337 341.5708 316.6818
338 344.0554 269.1201
339 436.5828 447.4597
340 478.7651 460.5260
341 355.6571 450.3706
342 458.4788 408.5969
343 346.6814 483.2199
344 359.0440 556.1931
345 497.2097 469.9852
346 468.2344 477.4781
347 445.4242 488.7079
348 409.1732 490.2085
349 381.9230 485.1287
350 361.2151 478.3671
351 317.2329 460.5586
352 497.3573 511.8687
353 472.3352 401.8228
354 318.7003 586.0884
355 362.2537 515.2807
356 506.6490 420.8518
357 345.1864 469.5700
358 378.1896 555.4193
359 450.0474 425.0544
360 358.7662 541.6393
361 500.5354 553.5406
362 355.3551 442.5278
363 340.4911 533.2410
364 459.1271 660.2202
365 455.4804 676.2371
366 509.4127 509.6115
367 479.4322 630.8563
368 495.1753 388.3135
369 392.7167 732.0206
370 316.9227 589.1141
371 380.9700 527.1870
372 491.6511 431.1128
373 419.6527 442.6497
374 402.5277 446.3190
375 392.9703 652.3234
376 494.8783 550.3781
377 361.0105 756.9444
378 410.3828 725.1807
379 431.0290 705.1355
380 385.6802 446.8141
381 369.8988 444.9992
382 360.0544 444.0107
383 484.0043 394.8173
384 371.3479 425.4354
385 387.9541 417.0167
386 405.3229 413.6377
387 422.9953 414.8695
388 434.0937 419.0819
389 502.3252 376.6153
390 430.9738 437.6314
391 378.1462 604.4007
392 358.9625 570.6767
393 339.1535 605.0441
394 437.0302 688.3458
395 415.4386 709.8177
396 362.7569 749.9415
397 474.4146 644.1092
398 360.1704 436.0386
399 333.7509 492.7956
400 388.0607 743.1856
401 504.6153 552.1425
402 354.6046 653.9757
403 358.3525 659.1878
404 362.4312 667.4825
405 365.6570 677.6881
406 371.5099 689.5760
407 382.9436 644.0935
408 388.7367 641.7152
409 394.0706 637.8503
410 410.1584 623.3273
411 474.0092 566.6050
412 331.5126 470.6770
413 339.1075 428.3415
414 351.1795 431.0410
415 378.0630 642.2072
416 475.0350 609.3418
417 321.4448 428.3429
418 381.4918 703.0329
419 318.5173 484.6234
420 351.0894 523.0824
421 353.1276 718.0218
422 420.6839 662.3681
423 394.5545 568.1818
424 403.1469 684.7006
425 435.4595 558.4895
426 412.0909 584.5092
427 451.8771 586.0195
428 360.2409 736.4418
429 364.1516 531.8940
430 434.0561 671.9334
431 412.1695 695.4331
432 434.6897 637.2135
433 490.1276 582.6357
434 454.7366 634.7655
435 496.1147 592.0294
436 427.5388 605.9876
437 347.6946 503.8665
438 353.1974 566.5867
439 366.8563 568.0912
440 343.0593 555.2709
441 353.9732 407.2315
442 384.8799 391.3413
443 412.2622 385.7958
444 435.0267 386.3584
445 450.7241 393.4574
446 461.6577 427.8444
447 510.3341 468.0472
448 450.1542 459.6493
449 431.2334 468.6516
450 406.1035 471.9014
451 381.8023 470.0274
452 362.6902 465.5769
453 349.2137 460.5122
454 505.8602 463.4175
455 366.8167 572.4018
456 335.4795 512.5447
457 338.6101 570.8574
458 328.4562 580.7737
459 339.0334 573.0409
460 361.8139 578.3780
461 324.8475 583.7022
462 323.4807 586.7394
463 348.6469 444.7541
464 337.9198 450.4861
465 332.0998 454.9064
466 440.3357 422.4362
467 448.9061 412.7802
