# Image: /home/yaroslav/Projects/Diia.AIContest-AdAstrum/fixtures/FLUXSynID-processed/00bffa3b186b/00bffa3b186b_f_live_0_a_d1.jpg
# Mode: stream
# Status: fail
# Errors: image_blurry_or_out_of_focus: Image is blurry (sharpness score: 36.41); face_not_looking_straight_at_camera: Head is turned 175.4° (max: 15.0°); face_not_looking_straight_at_camera: Head is tilted up/down 13.7° (max: 10.0°); head_is_tilted: Head is tilted 18.3° (max: 10.0°)

# 2D Landmarks (index x y)
0 264.6386 630.1214
1 251.5207 553.9010
2 264.6137 580.3759
3 245.4967 480.6058
4 250.7433 529.7049
5 255.6339 500.2854
6 273.0059 430.8186
7 153.0942 430.7086
8 278.4762 375.5148
9 278.1355 344.7144
10 287.6484 237.1729
11 265.3360 642.1073
12 267.8304 651.9086
13 271.4220 656.5004
14 272.5169 685.8465
15 271.2659 697.0571
16 270.7751 711.0090
17 271.8714 725.5442
18 276.6300 742.6555
19 255.2989 567.1956
20 242.7579 566.9018
21 117.1692 357.4611
22 206.5942 449.7206
23 187.5158 451.6521
24 169.5765 450.7820
25 148.2643 439.4331
26 222.2075 443.8647
27 179.2021 390.1093
28 200.6793 392.0871
29 159.9978 393.8871
30 148.5514 402.7666
31 135.1290 455.6293
32 209.2603 763.2034
33 147.8988 425.8799
34 108.7622 451.8691
35 121.7879 442.1683
36 179.0767 540.5660
37 239.0148 626.0690
38 246.5105 651.4835
39 216.0066 633.3122
40 204.9743 644.1080
41 230.6607 652.8148
42 220.4201 656.4882
43 191.6192 687.7101
44 235.4686 553.4687
45 232.3235 530.5301
46 124.1819 382.4793
47 221.1063 483.9505
48 201.3355 549.3606
49 202.5394 537.6172
50 129.6050 540.0999
51 238.1469 503.0025
52 158.3563 355.2628
53 136.4348 364.0695
54 125.6466 314.8443
55 237.4952 371.9857
56 219.4595 400.0163
57 178.3746 662.1745
58 142.0965 659.9983
59 217.1792 562.4847
60 233.7477 570.4293
61 195.7301 664.7341
62 207.0793 664.4643
63 129.5413 350.5742
64 204.0697 560.0142
65 190.5342 356.2595
66 186.7035 337.8858
67 181.4687 255.0630
68 127.0710 332.0318
69 184.6804 294.8407
70 118.0353 374.6815
71 117.0058 367.3117
72 241.5587 640.2368
73 223.2319 644.7357
74 211.8817 650.3284
75 223.0656 566.9807
76 201.0408 664.9873
77 206.6478 675.0986
78 211.3289 663.4771
79 221.8011 554.0783
80 227.4416 655.7563
81 237.8924 654.8153
82 252.5580 655.5730
83 247.8945 740.0597
84 244.1545 721.3904
85 244.7126 706.8364
86 247.5162 692.6647
87 251.2713 683.3970
88 224.7402 675.5064
89 220.0180 678.8095
90 213.7691 685.1744
91 209.4998 692.8240
92 191.1318 620.0652
93 127.4029 552.3595
94 260.0314 573.1406
95 218.8945 671.7332
96 212.3814 672.6507
97 240.0278 580.6870
98 213.4151 574.3416
99 236.9544 575.8710
100 201.2430 497.3190
101 170.3006 512.6647
102 202.0854 548.3463
103 144.9243 279.8886
104 148.1806 306.9783
105 152.9230 337.7994
106 204.9968 706.8001
107 229.7975 342.0010
108 228.0427 291.2018
109 227.4357 242.1476
110 155.4501 447.0464
111 118.0203 472.6785
112 232.3573 437.5587
113 133.8043 412.2314
114 233.9694 468.9061
115 208.9117 540.0479
116 104.3398 489.4454
117 124.1883 486.7531
118 143.3862 493.3018
119 177.9888 488.8117
120 204.7108 479.1459
121 224.6380 468.2510
122 255.5827 437.4523
123 101.7850 535.0175
124 122.7704 410.3911
125 245.6591 566.1471
126 217.8108 505.0411
127 120.2288 454.3589
128 238.6827 455.6808
129 204.3615 550.6044
130 143.1406 427.1183
131 211.5698 525.8428
132 131.6211 604.8160
133 233.7485 429.3229
134 224.1027 512.0019
135 153.4398 708.5258
136 166.7031 735.0937
137 104.5133 544.8162
138 136.4712 679.4422
139 112.8501 406.9232
140 209.6155 784.6370
141 252.1128 572.1443
142 201.8629 522.0944
143 112.2563 447.9357
144 170.0323 437.2459
145 186.8474 439.0549
146 201.6765 678.6393
147 106.9739 579.7678
148 245.3235 818.1524
149 200.8168 783.9760
150 185.0793 763.3335
151 281.8055 290.2868
152 285.7176 826.1201
153 203.3558 437.8745
154 218.7809 434.2414
155 228.7286 431.7204
156 115.7030 408.0726
157 218.2351 415.8645
158 201.9814 410.3904
159 184.3843 408.8814
160 167.2128 412.1835
161 157.0159 417.8992
162 115.5400 401.2544
163 159.6484 434.1609
164 265.8369 596.6748
165 204.7999 605.9113
166 214.9151 558.6228
167 237.8665 598.6409
168 278.6035 403.3418
169 172.5561 737.2168
170 190.8677 760.3541
171 238.0792 803.5493
172 153.9520 703.8686
173 228.7498 423.7198
174 238.8109 472.8644
175 279.6810 810.6278
176 218.8833 802.9724
177 110.8509 593.5410
178 235.5991 679.6237
179 230.7480 686.1665
180 225.9446 696.6989
181 223.2016 709.4015
182 222.4231 725.5690
183 212.3308 659.7482
184 204.2121 657.1680
185 197.8800 653.3884
186 181.2251 638.8144
187 121.7382 589.7862
188 245.5223 451.8123
189 245.0717 411.6618
190 235.8279 415.8005
191 219.4205 657.2110
192 130.7218 645.4028
193 256.1509 408.4916
194 216.0228 742.9517
195 261.7063 476.5794
196 249.7961 460.2002
197 267.2473 454.7844
198 222.6228 507.8278
199 276.9075 788.7508
200 276.5600 763.3069
201 242.9685 759.3337
202 179.1157 695.0137
203 191.2153 569.5730
204 196.1193 721.5756
205 151.6956 568.0788
206 175.8058 592.7178
207 141.8289 605.0917
208 237.4765 783.1142
209 213.8513 521.2064
210 169.6708 711.9622
211 190.1090 738.1636
212 164.2199 665.0461
213 116.4075 618.5208
214 148.1745 669.5406
215 121.4693 638.6977
216 165.3404 622.5546
217 228.9924 488.7787
218 214.6089 550.1746
219 206.5674 556.6992
220 219.3267 533.9908
221 228.7504 391.6068
222 196.8779 379.2012
223 169.6728 377.2161
224 148.8338 381.8961
225 136.9341 393.3267
226 134.1002 434.4781
227 104.1778 497.8693
228 141.9884 464.0345
229 158.7519 469.4706
230 183.0400 468.7948
231 206.8582 463.3995
232 225.4821 455.5329
233 237.6724 447.6207
234 125.4620 503.4372
235 209.9467 563.1188
236 232.8822 491.8853
237 224.4225 550.4617
238 238.9156 562.7999
239 227.5898 554.7440
240 217.2064 570.5032
241 240.5474 564.7752
242 246.4738 570.5704
243 239.3586 430.1261
244 247.6133 434.8003
245 249.6265 437.5278
246 151.6391 422.2308
247 142.0229 413.0254
248 281.0179 480.7176
249 448.7969 429.8720
250 282.0515 567.7498
251 562.2252 347.9384
252 382.7069 448.7011
253 404.8467 450.7801
254 427.1838 450.2027
255 459.8758 438.5313
256 364.2646 442.7503
257 410.8724 386.1465
258 386.6521 388.1411
259 434.8206 390.2618
260 451.8712 399.4521
261 480.0605 454.4166
262 366.5618 772.4886
263 458.3985 424.4771
264 568.5258 449.0723
265 509.7816 439.9535
266 391.6890 542.0893
267 294.8796 627.1383
268 294.7993 652.6357
269 329.6352 636.6834
270 353.4806 647.7064
271 319.8637 655.4646
272 340.3501 659.3627
273 390.2862 693.4984
274 270.4467 553.7794
275 272.7424 530.6830
276 488.4597 377.7132
277 348.1359 483.9930
278 338.5011 550.8889
279 342.7186 538.9256
280 465.7142 542.0183
281 276.3373 503.1613
282 425.3461 349.0864
283 460.8637 358.5154
284 529.3954 303.7187
285 324.9438 369.3858
286 366.8365 396.6025
287 406.8276 667.5598
288 556.9341 670.8979
289 322.7998 564.1214
290 302.7570 571.6826
291 384.6996 668.6882
292 374.3725 667.8699
293 476.2500 343.9457
294 342.8070 561.9974
295 380.3482 351.1613
296 383.8403 332.0087
297 418.4937 245.7968
298 501.1029 323.2816
299 397.1965 287.1692
300 506.6870 368.8722
301 533.4323 359.7699
302 294.7297 641.4866
303 323.5499 647.6989
304 346.4432 653.6505
305 317.7597 568.6785
306 379.2485 668.5571
307 367.4654 678.5300
308 372.1718 666.9333
309 303.8864 555.2092
310 338.3205 658.1604
311 317.9254 656.8641
312 295.4310 656.2828
313 310.1126 742.4132
314 304.1984 723.2773
315 301.4821 708.6303
316 299.3813 694.5137
317 298.2036 685.1368
318 342.9661 678.5462
319 346.3765 681.9132
320 351.8005 688.6998
321 357.0795 696.6880
322 371.7051 623.3701
323 587.5123 555.7019
324 356.8889 674.9558
325 361.5929 676.1065
326 294.7707 581.9337
327 337.3564 576.5753
328 298.4575 577.1397
329 372.9517 497.5789
330 409.4274 513.3328
331 349.2726 550.0191
332 482.7684 268.4481
333 457.6696 297.8765
334 434.2511 330.5641
335 369.7877 712.5346
336 330.5133 338.4078
337 341.1438 287.1486
338 355.7580 236.8690
339 447.6580 446.4200
340 506.3735 471.7362
341 352.1006 436.5338
342 479.8079 409.4668
343 330.5067 468.8162
344 318.9569 541.0273
345 536.2403 489.3338
346 486.3404 486.4325
347 452.7550 493.1063
348 407.8182 488.7185
349 376.2258 478.9126
350 352.3821 467.9513
351 294.9388 436.9817
352 531.6693 537.4377
353 501.3431 406.9235
354 266.5117 566.4831
355 343.2187 505.5373
356 591.9360 450.8886
357 333.8762 455.0548
358 355.3687 552.1838
359 468.1901 425.3435
360 323.8834 526.7374
361 578.2270 612.0363
362 353.4034 428.4618
363 299.5757 512.5519
364 480.1366 722.6705
365 488.0295 751.5042
366 569.1981 547.9413
367 515.5442 691.9648
368 552.8361 401.3741
369 371.9229 795.5475
370 268.6494 572.3275
371 365.0615 523.0098
372 534.3331 445.8970
373 424.0132 436.5098
374 404.3159 437.8651
375 373.9124 682.5926
376 528.8640 585.1696
377 331.8190 824.9498
378 409.4763 798.6855
379 445.2154 779.8341
380 386.1055 436.4019
381 369.4684 432.7567
382 358.7190 430.6356
383 523.2973 403.6285
384 372.0494 414.0014
385 391.0820 408.2620
386 409.3439 407.2048
387 428.7369 410.6687
388 442.0849 416.4024
389 582.1252 394.2167
390 438.3062 433.3651
391 347.8771 608.8957
392 321.1899 559.9794
393 298.4986 599.7592
394 443.9360 752.0720
395 409.5141 774.3575
396 327.7671 809.9178
397 524.7816 718.1233
398 358.8330 422.7886
399 306.8459 472.9432
400 371.8385 814.5181
401 562.1781 600.1588
402 321.8489 682.2857
403 325.2835 688.9989
404 329.3786 699.6793
405 333.0304 712.5762
406 343.5045 729.9810
407 360.6212 662.9688
408 366.7039 660.7539
409 373.3171 657.1453
410 392.9384 643.1386
411 488.3901 594.9652
412 312.3744 451.3819
413 332.8625 410.1189
414 348.1945 413.9383
415 356.7099 660.0996
416 497.0191 654.5413
417 308.7940 407.3787
418 356.2132 749.9175
419 288.0055 460.0906
420 322.5320 508.3661
421 316.6580 763.1721
422 411.2108 703.4811
423 374.5424 572.0616
424 387.0222 730.0907
425 428.3014 571.0539
426 395.9627 596.0833
427 450.9364 610.3115
428 323.1198 788.2738
429 340.0225 522.0522
430 432.6505 723.6442
431 400.5906 749.4405
432 428.7006 672.3928
433 524.0740 626.3524
434 461.7352 679.3051
435 546.8212 648.4309
436 416.6239 627.1412
437 324.9134 488.9859
438 310.4998 551.3966
439 330.7742 558.3013
440 296.3325 534.8110
441 348.6263 389.3731
442 383.4877 375.4125
443 415.4504 372.7030
444 444.2300 377.4739
445 466.4184 389.3485
446 486.0154 432.6028
447 571.6857 497.9610
448 465.1288 463.2635
449 439.1546 468.8315
450 407.8601 468.2123
451 379.6494 462.6255
452 357.9835 454.7433
453 342.4489 446.7752
454 591.1614 503.1310
455 332.6871 564.9725
456 301.6098 492.1170
457 289.2809 551.4832
458 280.2854 563.6670
459 292.4438 556.0131
460 328.0010 572.6607
461 274.4569 565.3419
462 276.5262 571.2768
463 344.0396 428.9227
464 330.0935 433.7392
465 319.9062 436.6331
466 450.6346 420.6991
467 465.2378 410.2872
