# Image: /home/yaroslav/Projects/Diia.AIContest-AdAstrum/fixtures/FLUXSynID-processed/00cbdc6d495f/00cbdc6d495f_f_live_0_e_d1.jpg
# Mode: stream
# Status: fail
# Errors: image_blurry_or_out_of_focus: Image is blurry (sharpness score: 59.93); face_not_looking_straight_at_camera: Head is turned 173.6° (max: 15.0°); face_not_looking_straight_at_camera: Head is tilted up/down 11.9° (max: 10.0°); head_is_tilted: Head is tilted 14.5° (max: 10.0°); face_too_small_in_frame: Face occupies only 49.9% of frame (min: 50.0%)

# 2D Landmarks (index x y)
0 291.5716 623.4251
1 307.8089 556.1965
2 299.1650 576.4416
3 299.4795 485.8948
4 311.7434 535.3836
5 314.4066 507.8147
6 318.7667 441.4319
7 177.0769 414.5414
8 324.6298 394.3964
9 329.6048 367.6327
10 342.2097 269.4929
11 289.7439 633.4076
12 287.6058 640.4180
13 285.9786 642.8767
14 285.5541 645.0133
15 284.7298 652.9492
16 283.2137 663.0684
17 280.8683 673.7987
18 275.2813 691.4374
19 304.4283 566.4896
20 286.3242 562.2304
21 106.9467 328.3858
22 229.2225 442.2309
23 209.8754 440.8893
24 191.7630 436.9419
25 168.5362 421.6633
26 246.3721 439.4066
27 213.9907 389.2413
28 233.5074 393.4430
29 194.8794 389.2434
30 180.4416 393.5298
31 149.8798 433.2946
32 199.2800 714.3185
33 171.0034 408.1039
34 85.2434 414.9095
35 128.2281 416.4969
36 208.5794 524.8461
37 270.8853 617.1090
38 269.5949 637.3477
39 246.7967 620.1783
40 229.6702 626.4316
41 252.6899 636.2202
42 238.4717 636.3281
43 197.8631 651.9773
44 292.4606 553.3800
45 293.8056 533.1710
46 151.6360 368.3039
47 252.5794 478.7128
48 246.4933 541.7688
49 246.0144 530.5005
50 149.2685 514.5892
51 297.3018 507.5386
52 204.4233 354.5313
53 174.9555 356.9046
54 135.9131 294.9649
55 286.3366 384.0687
56 249.7925 402.1079
57 187.0522 632.3078
58 71.2590 605.2913
59 257.7501 554.7093
60 272.1466 562.9288
61 209.1105 635.8299
62 216.7147 635.1127
63 164.7852 341.6324
64 243.4461 550.6287
65 241.4521 362.1191
66 240.6784 344.6109
67 229.4239 260.7336
68 151.0545 317.4995
69 237.6492 301.3858
70 139.2209 357.3523
71 123.0813 343.6507
72 269.8519 629.1146
73 250.4768 630.2469
74 234.4621 631.9363
75 261.7735 558.9286
76 213.3303 635.9110
77 220.6466 639.1875
78 217.9234 634.0678
79 270.5421 549.4896
80 240.9316 635.3172
81 254.9077 637.1973
82 270.1530 639.8244
83 252.1030 688.2846
84 259.6562 669.5896
85 263.1693 658.1636
86 265.9583 648.4196
87 268.1167 642.0626
88 237.1799 637.4234
89 234.6593 639.3381
90 230.3951 643.9531
91 225.6898 650.1173
92 216.2369 600.8054
93 63.5984 503.4074
94 301.9457 570.2021
95 227.7138 636.4552
96 224.8154 637.1216
97 277.0199 572.9921
98 247.4894 563.9213
99 274.7816 568.2197
100 230.6341 488.0590
101 197.9203 497.4252
102 240.6937 539.0713
103 175.3830 271.4743
104 187.8625 302.1040
105 199.6232 336.5946
106 211.4539 665.2058
107 285.1251 356.2616
108 285.0879 308.0525
109 283.1938 261.0507
110 176.4429 430.6406
111 126.1575 445.3400
112 257.8770 435.5759
113 156.0512 395.2516
114 268.4200 467.1478
115 260.5211 535.8177
116 101.3545 456.1936
117 139.4679 462.1740
118 165.2070 473.6644
119 202.6656 475.4829
120 230.5846 470.6063
121 252.2039 463.5578
122 299.7419 444.0090
123 99.8301 499.8223
124 138.6723 389.9536
125 295.5540 564.1666
126 253.2664 499.1709
127 73.2930 412.5832
128 269.2480 454.5316
129 237.4870 539.9862
130 164.5170 409.5092
131 260.6447 522.4128
132 63.0492 552.9856
133 258.7129 427.4796
134 278.9767 512.6786
135 117.9565 659.5304
136 110.6850 680.6909
137 73.2215 501.1271
138 95.7431 628.9194
139 103.6726 375.9991
140 190.5369 732.6869
141 295.2087 568.3436
142 233.5695 511.9492
143 108.9084 417.7799
144 195.2945 424.5715
145 211.4926 429.2666
146 215.5390 642.7314
147 97.8478 540.8023
148 219.2357 762.0425
149 163.1258 730.6286
150 138.6947 710.3302
151 336.4387 317.7129
152 257.3922 769.8096
153 227.7961 430.6659
154 243.3974 429.6896
155 253.4370 428.9571
156 123.0266 383.6483
157 244.4698 409.3584
158 228.8649 400.6008
159 212.6796 396.6931
160 195.4445 397.6481
161 183.9597 401.7768
162 87.4417 365.2717
163 184.3995 419.3691
164 296.4522 590.9627
165 235.3739 591.3478
166 258.5220 551.4395
167 272.1209 589.4493
168 320.5308 417.3012
169 141.1491 688.6344
170 164.6988 711.0510
171 222.7845 749.7823
172 88.4715 648.0760
173 254.8198 420.3589
174 283.4636 474.6053
175 262.3221 756.9809
176 189.6021 748.3149
177 73.3845 546.4386
178 251.7310 639.1238
179 248.7605 643.5119
180 245.0490 650.7943
181 240.8454 660.7271
182 229.3871 677.7455
183 225.6277 635.8183
184 221.1558 634.1464
185 216.3294 630.8035
186 198.7148 615.0834
187 126.2881 555.6381
188 284.5341 454.2541
189 277.4845 416.1403
190 264.1505 417.6892
191 228.8519 633.6283
192 113.8113 602.8554
193 295.6441 417.0563
194 213.4462 695.9879
195 315.9053 484.9964
196 299.2083 465.8283
197 317.2010 463.8804
198 266.3489 505.1652
199 267.1691 737.6222
200 271.5776 713.1266
201 241.4114 708.9674
202 175.3567 657.1732
203 219.1139 554.1677
204 191.8315 679.2317
205 174.8159 544.3338
206 198.3784 571.7189
207 152.2174 574.6945
208 230.3221 731.6157
209 252.5100 515.1360
210 153.8464 668.6719
211 176.1708 692.8544
212 164.6361 631.2721
213 97.2230 575.5969
214 137.1926 629.1051
215 78.5492 588.7204
216 178.8052 596.6834
217 268.6058 486.6028
218 265.4402 545.5023
219 251.1717 549.1352
220 276.5661 533.2812
221 265.6223 398.2352
222 237.1527 383.5382
223 211.0190 377.3297
224 187.5654 376.4519
225 168.7696 381.8997
226 148.5584 413.1807
227 76.2274 457.1423
228 160.3232 443.7951
229 179.8678 452.8781
230 205.4525 456.5279
231 230.2617 455.3626
232 250.2317 451.0818
233 264.5221 446.0130
234 67.4750 457.6768
235 250.1676 554.5099
236 282.6674 493.2522
237 279.4898 548.4288
238 286.7572 559.2727
239 278.1509 551.4876
240 254.1091 561.3363
241 290.1597 561.8598
242 289.7895 565.9809
243 265.6793 430.2347
244 276.7478 436.4157
245 283.4001 440.3175
246 177.0164 405.1078
247 168.3403 398.8192
248 329.7460 490.7697
249 437.9146 456.3820
250 317.2585 567.0718
251 501.7158 392.8052
252 384.5658 467.7751
253 402.4530 471.9801
254 419.1422 473.1961
255 441.0618 465.0484
256 370.1600 460.0022
257 416.4712 422.5346
258 397.2712 420.5294
259 433.1462 428.0735
260 443.0524 436.1425
261 452.0278 480.7122
262 332.1558 731.4601
263 443.8324 451.9982
264 494.1705 478.4489
265 471.7434 470.0990
266 384.8158 552.0516
267 312.1933 623.5162
268 304.2194 642.6390
269 330.3306 632.9682
270 340.5380 643.2576
271 317.6571 646.2201
272 327.9189 650.0433
273 354.1188 674.6288
274 321.8811 557.9417
275 327.9303 538.3994
276 474.8592 419.4721
277 358.4524 495.6813
278 355.5178 558.9242
279 357.2544 547.8845
280 434.3062 558.0083
281 329.4686 512.5868
282 441.3093 393.1466
283 462.9118 403.0889
284 495.9982 354.7365
285 362.1328 396.4839
286 379.4006 423.8250
287 369.9507 659.1466
288 435.6332 656.4909
289 340.6810 567.7760
290 325.9132 571.5099
291 350.4650 657.3223
292 342.9987 654.4714
293 474.4023 391.3922
294 352.9625 567.7005
295 408.6450 389.5589
296 415.6813 373.2824
297 441.1288 297.0815
298 485.7072 371.9063
299 427.7555 333.3008
300 485.2804 412.3006
301 494.0261 403.2914
302 308.5189 635.1800
303 323.4102 641.4018
304 334.4453 647.1527
305 335.2536 570.5486
306 346.4750 656.1720
307 340.3302 657.2387
308 341.1624 652.8282
309 335.8693 559.7120
310 323.8211 648.0450
311 313.0005 646.2556
312 300.3338 644.5393
313 297.2752 694.7139
314 301.2991 675.6740
315 302.6505 664.0168
316 302.7724 654.1232
317 301.9195 647.2401
318 326.9852 650.8115
319 329.3113 653.4373
320 332.0876 659.0480
321 334.1228 666.1099
322 359.0416 622.3947
323 469.4060 563.8980
324 333.5710 652.3836
325 336.8450 654.0773
326 319.1012 579.5797
327 343.6815 578.8121
328 322.3258 575.7192
329 374.1742 510.7754
330 400.1224 528.9312
331 357.3860 557.2579
332 477.4955 322.3778
333 465.3195 347.9351
334 450.6079 377.4745
335 339.0831 683.1987
336 373.7723 371.0003
337 385.7511 325.1169
338 397.3128 280.8007
339 432.9068 471.4435
340 466.8691 498.1995
341 361.3824 452.9353
342 460.1495 443.6776
343 349.4764 480.2631
344 348.8246 549.8156
345 479.8395 514.2521
346 454.3761 511.0044
347 432.2039 515.1441
348 400.3754 506.4918
349 377.3223 494.0440
350 360.6950 481.1907
351 333.8056 449.5705
352 469.6459 555.7827
353 474.3020 442.7538
354 312.9249 566.8723
355 354.3398 515.3258
356 491.6386 477.8693
357 349.4571 467.8024
358 356.6323 558.5002
359 447.7734 455.0039
360 350.0147 536.5070
361 455.5284 609.9556
362 362.0824 444.7707
363 341.0892 522.3772
364 403.3310 698.2328
365 393.7821 718.0110
366 477.6246 561.5761
367 425.6061 674.9995
368 494.6611 437.8701
369 331.3501 750.2500
370 308.5883 570.4142
371 366.3561 532.8306
372 483.4444 475.9511
373 420.8042 461.0502
374 405.1834 460.9438
375 343.5082 661.9169
376 457.3143 594.2390
377 294.3602 771.1942
378 345.9274 753.2416
379 367.9716 739.3762
380 389.6876 457.5630
381 375.6538 451.6924
382 366.5759 447.9491
383 485.4089 440.6528
384 380.0516 431.7150
385 396.3810 428.1046
386 412.7016 429.0797
387 427.8982 434.9745
388 436.3103 442.2334
389 500.2192 431.3445
390 431.1636 458.9854
391 346.7925 608.3475
392 342.5086 564.7633
393 318.4986 596.5985
394 379.1901 719.9312
395 355.9431 735.3060
396 300.5055 759.5080
397 414.4695 692.5348
398 367.8843 439.0356
399 340.7444 483.7514
400 322.5527 764.5366
401 463.1705 603.4483
402 316.0517 648.8495
403 317.9454 653.8979
404 319.4320 661.7580
405 319.6812 672.2606
406 320.3242 690.5271
407 336.8131 652.8841
408 342.3962 652.6324
409 347.8667 650.8573
410 367.6996 640.2624
411 436.6501 601.8426
412 341.5199 463.4785
413 352.4644 428.7635
414 361.5554 434.0798
415 333.0387 649.6823
416 427.1263 648.0732
417 340.7156 424.5945
418 326.5116 711.0422
419 332.1957 471.0648
420 346.4390 517.8903
421 299.9343 716.7073
422 369.3049 684.2749
423 367.9083 576.8520
424 348.8391 700.7365
425 407.1745 579.4604
426 380.4430 599.2238
427 414.3165 613.5550
428 302.3411 740.8773
429 352.4236 531.0027
430 380.1582 699.2806
431 355.8098 716.4581
432 387.0240 663.0884
433 445.3128 626.4389
434 405.1960 667.0348
435 447.1429 641.4081
436 388.4264 627.7524
437 347.0647 499.1428
438 342.1856 557.6133
439 349.7387 564.6575
440 339.7508 543.2082
441 369.9664 415.5284
442 400.8334 410.3979
443 426.0616 412.6721
444 445.5953 418.4778
445 457.2014 428.3406
446 458.3169 462.1770
447 488.7371 520.0310
448 442.1674 488.0044
449 424.4957 491.2216
450 401.9343 487.8787
451 380.4197 479.5825
452 364.2249 469.8530
453 353.6004 460.9092
454 479.9980 520.8338
455 346.9068 569.7187
456 339.7415 502.2992
457 332.8280 556.6297
458 320.0927 564.4594
459 330.4902 559.5427
460 340.1789 574.7639
461 317.8122 566.1000
462 313.6390 569.7519
463 356.1641 445.6073
464 346.2785 448.3311
465 342.3096 450.3687
466 440.7680 447.4753
467 449.6537 444.1046
