# Image: /home/yaroslav/Projects/Diia.AIContest-AdAstrum/fixtures/FLUXSynID-processed/00c9c5cf8bd3/00c9c5cf8bd3_m_live_0_e_d1.jpg
# Mode: stream
# Status: fail
# Errors: strong_shadows_on_face: Strong shadows or uneven lighting detected (difference: 30.6); head_is_tilted: Head is tilted 20.8° (max: 10.0°); face_too_small_in_frame: Face occupies only 49.9% of frame (min: 50.0%)

# 2D Landmarks (index x y)
0 317.4087 563.7101
1 302.7174 488.0708
2 311.0062 517.6066
3 280.9287 433.6545
4 299.5482 467.1065
5 297.8259 444.1066
6 296.3960 394.3935
7 169.4601 431.7808
8 292.4993 356.4301
9 289.0552 332.6605
10 280.5921 258.0595
11 319.1786 574.8213
12 321.3135 584.6929
13 323.0037 589.8546
14 325.3662 603.9017
15 326.3318 612.4746
16 327.7771 624.1139
17 330.0301 637.9519
18 335.0885 662.2935
19 305.9437 501.1820
20 288.6120 508.0104
21 114.3909 396.2927
22 223.6156 434.4080
23 205.5001 439.8724
24 188.1091 443.3233
25 163.7517 441.1694
26 238.7488 426.2495
27 191.8189 391.4508
28 211.7205 388.6144
29 173.7755 398.4257
30 162.7615 408.5144
31 151.9904 457.4920
32 259.9857 709.6162
33 162.8089 429.8960
34 112.0126 474.2780
35 133.3517 452.3338
36 211.2982 509.8453
37 287.9200 565.8770
38 295.9587 589.8350
39 259.9135 580.4621
40 244.2710 595.7842
41 275.2102 596.3662
42 260.3188 604.3187
43 228.8002 641.1554
44 285.5964 491.3722
45 279.8001 472.1995
46 135.2356 397.1360
47 245.9722 454.6731
48 238.8276 504.7484
49 237.3845 496.0415
50 159.1744 522.8631
51 279.5382 450.4148
52 171.6901 362.2222
53 148.6396 376.3977
54 123.5175 355.3884
55 253.1941 359.7653
56 230.3053 391.2194
57 210.8217 622.5116
58 151.4095 658.9393
59 256.2958 513.5005
60 275.0837 516.9244
61 228.8970 620.2686
62 239.1756 617.6802
63 139.1729 368.6884
64 240.2247 516.1518
65 205.6425 355.6839
66 200.2012 341.8121
67 181.6881 289.9085
68 131.4740 360.9852
69 192.1914 313.2660
70 126.4771 394.7323
71 120.6327 396.2837
72 291.4871 579.2668
73 268.1472 589.6902
74 252.0961 600.0717
75 262.4521 517.1188
76 233.9623 619.2977
77 243.9390 622.2715
78 242.6670 616.5014
79 265.4624 500.1931
80 265.5542 603.3166
81 280.9596 598.0094
82 300.2792 593.6234
83 304.0853 666.2676
84 300.1042 641.1174
85 299.5306 626.9860
86 299.9494 614.8015
87 301.4092 607.2718
88 264.6358 614.2749
89 261.2552 617.5646
90 256.7291 624.3752
91 253.5013 632.9916
92 228.4346 576.7851
93 126.5388 569.1331
94 308.5017 508.8066
95 254.7142 616.6273
96 249.1939 618.2744
97 283.3509 524.4502
98 250.1777 528.7769
99 279.3482 520.8521
100 227.1517 470.7610
101 198.7440 489.6844
102 236.0649 507.6278
103 144.1503 319.3515
104 153.7128 332.6757
105 164.2125 350.5229
106 248.8245 652.2205
107 243.5165 336.7584
108 234.5616 302.5419
109 225.6355 271.3404
110 172.8808 444.5936
111 135.3698 475.9150
112 248.0409 418.6860
113 146.3271 421.2970
114 258.1183 438.2571
115 250.2237 491.3395
116 120.0027 496.5233
117 146.3042 482.9502
118 167.9285 481.6549
119 201.9796 470.4474
120 227.1036 457.0845
121 246.1382 443.4556
122 279.0407 403.9949
123 123.3168 533.8425
124 133.6350 423.8668
125 295.5700 502.5207
126 246.2544 470.4979
127 115.4755 484.7337
128 259.3271 429.0934
129 236.1861 511.8132
130 156.9224 432.5263
131 248.7457 481.0611
132 135.3038 613.7114
133 247.5387 412.7533
134 263.8727 463.5811
135 179.6795 683.8931
136 190.2106 714.0879
137 116.0671 553.2496
138 158.0458 663.4832
139 116.5520 433.2253
140 259.9271 735.2793
141 300.1037 509.6018
142 231.1988 489.5823
143 121.9366 462.3935
144 187.9608 431.5672
145 204.1362 429.1270
146 239.1445 627.3737
147 130.1767 572.8083
148 304.1368 762.4483
149 240.9683 746.4418
150 216.7020 733.4697
151 284.3487 293.8867
152 351.7194 759.6733
153 219.3334 425.0500
154 233.6096 419.4002
155 242.8928 415.5987
156 123.9353 426.7009
157 230.3085 407.0886
158 213.9729 407.4507
159 198.6862 409.6851
160 183.3514 415.2617
161 173.4206 421.4938
162 111.9609 436.8044
163 177.0927 432.1756
164 313.6100 533.0889
165 244.2405 559.2559
166 254.9640 509.0165
167 282.9262 541.5402
168 295.5841 377.1380
169 205.0798 704.9970
170 231.0708 720.4544
171 298.4500 742.4693
172 170.4746 691.8077
173 241.9898 409.6059
174 267.9420 434.5912
175 346.6671 739.6071
176 268.9397 756.6754
177 125.4354 595.1055
178 281.1261 610.4899
179 277.9114 616.4553
180 275.2672 626.1131
181 274.0924 638.9536
182 272.8152 661.4585
183 247.3968 611.6181
184 239.8451 610.7557
185 233.0293 608.5450
186 215.4370 598.4942
187 150.7460 571.9731
188 269.1374 419.7850
189 259.5155 394.0837
190 249.2113 400.5444
191 253.1907 608.5472
192 156.3862 626.0000
193 272.9267 386.4727
194 266.2549 684.5647
195 297.3666 426.6459
196 279.4913 419.4003
197 296.8242 410.8783
198 255.8437 466.8053
199 342.0915 713.7637
200 338.2184 685.4403
201 300.5850 689.8546
202 215.3489 653.6836
203 224.5802 532.3554
204 238.7856 672.8237
205 185.0949 539.7921
206 210.5095 556.4021
207 173.6259 577.9285
208 297.1880 717.4085
209 245.2072 482.6553
210 204.4321 675.6924
211 231.7159 694.3259
212 196.2565 629.5319
213 138.9217 607.4319
214 177.7593 640.6773
215 138.3881 632.7186
216 198.1616 587.4810
217 257.7246 452.3470
218 257.9720 497.9128
219 245.8380 509.3960
220 263.8356 480.5115
221 242.2187 380.6438
222 210.0833 375.9218
223 183.5832 379.5563
224 162.8969 388.4747
225 150.1839 402.2570
226 147.0278 441.7272
227 111.4818 513.4420
228 161.2236 461.4038
229 179.5150 460.4515
230 203.0945 454.6120
231 225.9889 445.1473
232 243.9093 434.6821
233 255.7908 425.0487
234 121.5881 527.3890
235 247.9595 516.4319
236 267.3611 448.0949
237 271.5349 492.9590
238 286.3326 503.0871
239 273.3757 498.1506
240 255.3621 522.8023
241 289.5402 503.0276
242 293.4100 509.9357
243 254.0914 411.0064
244 264.3981 411.9570
245 268.6571 411.4134
246 167.3970 426.0832
247 155.5010 419.7102
248 315.9409 427.6409
249 445.9702 381.4608
250 329.1386 500.6355
251 509.0261 325.1596
252 391.0638 403.3271
253 410.6794 402.1965
254 429.7233 399.5762
255 455.8851 388.4263
256 374.3433 401.2204
257 407.4572 352.5796
258 387.4123 357.2440
259 428.1804 352.2828
260 443.5812 357.6843
261 473.4114 400.6373
262 427.6057 684.8791
263 452.6903 377.0620
264 533.6921 400.8488
265 493.6568 389.0917
266 418.3656 474.3022
267 347.3209 555.2261
268 348.4147 580.9649
269 381.6792 559.4787
270 404.2894 568.1802
271 372.9946 579.6177
272 392.1186 581.8613
273 438.3418 606.6234
274 321.1455 485.0330
275 320.7372 465.0656
276 469.8762 338.0384
277 368.7497 433.2317
278 380.2408 480.6186
279 380.9338 471.7705
280 479.1954 467.4686
281 318.1241 443.9740
282 416.8094 319.6106
283 446.7374 324.1766
284 480.7649 289.9452
285 332.9904 346.3888
286 371.0295 366.2006
287 451.3001 582.2916
288 557.4725 594.2154
289 366.4966 494.4583
290 348.4367 504.3360
291 431.1326 585.8290
292 421.0703 586.5996
293 455.7652 313.0399
294 384.3439 491.8737
295 379.3142 325.5287
296 380.0890 310.4756
297 391.2047 250.6209
298 467.4241 300.5098
299 383.2029 278.5995
300 480.8288 332.0050
301 494.6124 329.5257
302 348.3053 569.1984
303 376.8088 570.9200
304 397.9029 574.9268
305 361.9885 499.8950
306 425.9182 586.4022
307 415.5747 593.0384
308 418.2970 586.4861
309 349.3989 485.1039
310 388.4779 582.3265
311 369.4579 582.8664
312 347.1311 585.4849
313 367.1584 656.2930
314 360.6361 631.0861
315 356.8520 617.2293
316 353.1265 605.6107
317 350.4453 598.9556
318 392.3109 592.3737
319 396.0495 594.5153
320 401.8720 599.7956
321 407.8752 607.0729
322 416.8221 544.9525
323 559.4965 496.9751
324 404.8022 591.0170
325 409.6886 591.0237
326 342.0002 514.6271
327 380.0041 507.1233
328 345.1102 509.6550
329 392.8943 441.8812
330 427.2901 449.8309
331 387.2456 482.0094
332 443.0837 264.0220
333 431.9354 282.4835
334 421.5498 305.4196
335 420.6425 624.4626
336 334.7967 321.1420
337 336.0757 283.9392
338 338.9744 249.7281
339 446.6911 395.0769
340 496.6323 412.6540
341 363.3502 397.4925
342 467.3347 364.3173
343 351.1313 421.9670
344 362.0417 471.9370
345 521.7724 426.9744
346 484.4786 423.4742
347 459.1261 430.6020
348 420.4335 431.9166
349 391.2882 428.0141
350 368.0773 421.7088
351 317.1161 397.3467
352 527.6139 464.3685
353 482.9018 362.2617
354 316.6828 498.7684
355 370.4135 449.0918
356 544.1066 410.5269
357 350.1118 412.8760
358 390.9954 485.7813
359 460.5265 377.6817
360 362.6373 461.5654
361 562.8402 543.8280
362 363.2934 391.4767
363 339.4413 450.5177
364 516.3340 632.0463
365 522.5193 664.5519
366 552.2280 479.8097
367 537.4291 603.3557
368 514.0237 362.8878
369 436.7329 710.1884
370 317.1023 506.4754
371 392.0716 462.1317
372 511.9119 394.2632
373 426.1109 387.8032
374 408.7945 391.0346
375 422.0743 596.3259
376 533.3568 505.0984
377 400.0016 749.2637
378 468.0746 714.6642
379 494.4750 693.5401
380 392.5106 392.4588
381 377.8147 392.4910
382 368.3855 392.3013
383 497.0184 360.8866
384 377.3768 380.4596
385 392.5808 375.0888
386 407.6602 371.5374
387 424.8835 370.9092
388 437.7470 373.0521
389 528.9151 363.1817
390 437.8218 384.5275
391 394.2976 533.9885
392 365.2438 489.6282
393 346.7712 530.4570
394 492.2960 662.0281
395 466.6754 686.4301
396 396.3794 728.7448
397 542.6677 634.4920
398 367.2988 387.0102
399 334.5103 422.9704
400 437.3083 733.5312
401 555.5590 523.8793
402 372.9517 594.8614
403 377.0786 599.3924
404 381.8099 608.0674
405 386.9616 620.1519
406 397.9845 641.6084
407 409.3570 583.8413
408 415.7097 580.4624
409 421.6374 576.0632
410 437.5064 560.8715
411 505.6869 512.1014
412 333.3047 408.6590
413 342.4180 379.4471
414 356.3551 381.2598
415 404.4821 582.7005
416 520.2587 566.4584
417 322.5440 378.0222
418 413.3135 662.2802
419 316.9115 412.9266
420 354.9946 449.7981
421 377.5561 678.3280
422 458.2925 614.8549
423 410.0300 501.1646
424 439.3410 641.7576
425 454.7183 493.8294
426 431.9034 519.0986
427 479.8164 526.5566
428 388.6213 704.1181
429 372.5649 461.0755
430 479.6952 633.1677
431 455.0145 660.7681
432 470.5092 584.6045
433 535.6798 541.8221
434 497.8983 589.2375
435 552.5211 565.6415
436 454.3364 544.6310
437 352.0515 435.9862
438 355.7970 480.5449
439 374.2931 487.1916
440 341.8530 466.9231
441 354.5606 360.9541
442 383.7632 345.1287
443 410.9269 338.6246
444 435.7039 339.6146
445 455.0737 347.8641
446 474.8217 383.4121
447 545.2990 439.2814
448 463.4742 407.5827
449 442.8005 413.7357
450 416.4244 416.3169
451 390.6653 415.2855
452 370.3044 411.7552
453 355.5911 406.8012
454 552.1517 454.1303
455 375.8199 494.6375
456 335.2006 436.4143
457 337.2869 481.2438
458 328.0469 495.5248
459 339.1104 486.2527
460 371.7469 503.2987
461 323.6336 496.9632
462 324.3294 504.5404
463 355.1304 392.5174
464 343.0784 397.7030
465 335.5371 399.5201
466 445.9947 375.2008
467 456.3293 365.5369
