# Image: /home/yaroslav/Projects/Diia.AIContest-AdAstrum/fixtures/FLUXSynID-processed/00c9c5cf8bd3/00c9c5cf8bd3_m_doc.jpg
# Mode: stream
# Status: fail
# Errors: strong_shadows_on_face: Strong shadows or uneven lighting detected (difference: 30.1); face_not_looking_straight_at_camera: Head is turned 179.2째 (max: 15.0째); head_is_tilted: Head is tilted 15.7째 (max: 10.0째)

# 2D Landmarks (index x y)
0 307.0868 647.5726
1 302.7950 562.4965
2 305.7362 588.8404
3 285.2629 495.8286
4 301.9307 540.8374
5 301.7945 513.7070
6 302.8268 449.7021
7 166.8359 452.3419
8 302.4729 407.3486
9 301.9354 381.5903
10 300.4683 285.1092
11 307.5609 659.3052
12 308.2039 667.9501
13 308.8617 671.4017
14 309.2116 675.2596
15 309.3858 684.3926
16 309.6678 695.9198
17 310.2803 708.4243
18 311.8979 727.4073
19 303.5451 574.0942
20 286.0816 574.5608
21 104.3850 390.0839
22 222.9975 468.9823
23 203.7237 471.6324
24 185.2790 471.9961
25 161.2717 461.9202
26 239.2725 462.8063
27 195.7910 420.4893
28 216.6510 420.5486
29 176.9229 424.5984
30 164.4925 431.9550
31 146.9211 478.3012
32 238.1613 759.9658
33 160.2326 447.4304
34 96.1402 476.4568
35 125.7763 467.3578
36 210.3338 557.6287
37 282.8107 644.3680
38 288.0497 668.2530
39 258.9026 652.7381
40 244.0825 663.6017
41 270.7496 670.3297
42 256.9711 673.6240
43 219.8627 697.5988
44 286.1533 562.4686
45 282.3440 542.4099
46 134.7364 416.7153
47 247.2440 501.2846
48 241.0368 563.1394
49 239.9032 552.6409
50 156.2524 559.9267
51 283.5085 516.8566
52 178.5950 393.0991
53 152.1816 401.1490
54 119.7919 352.0716
55 263.3769 405.0740
56 235.2730 425.7016
57 205.2994 678.2122
58 121.6771 669.7920
59 256.1807 574.0015
60 272.9146 580.3938
61 226.6130 679.9026
62 235.2600 677.9314
63 141.8307 389.5508
64 241.3891 574.1536
65 215.1890 393.0833
66 210.8837 376.9299
67 191.8909 299.9032
68 131.1053 369.5606
69 203.0185 336.0940
70 124.2794 409.5821
71 114.3298 400.4151
72 285.0811 658.4677
73 265.6492 663.5603
74 250.5321 669.0521
75 261.6431 578.3940
76 231.1903 679.5040
77 238.9614 681.8674
78 237.4044 676.2835
79 266.1180 563.3764
80 261.0964 672.4724
81 275.2585 671.5902
82 291.3469 671.3117
83 285.0176 728.0722
84 284.9133 707.6701
85 285.8725 694.5512
86 287.4784 682.8994
87 289.3375 675.2420
88 256.9465 676.3490
89 253.9979 679.3078
90 249.5400 685.2346
91 245.5774 692.6425
92 227.1834 636.7947
93 100.9751 569.5654
94 304.5618 579.6761
95 247.7779 677.0202
96 243.6265 678.7556
97 280.1659 590.6656
98 249.7131 588.4697
99 276.6444 585.7236
100 228.1049 515.4372
101 198.2667 532.1461
102 237.6221 563.4775
103 147.2996 321.2689
104 159.3026 347.2339
105 171.5546 377.7446
106 237.2016 709.3560
107 255.9295 379.3128
108 248.7570 332.4784
109 241.3294 289.1693
110 169.8925 469.0894
111 127.5093 495.6630
112 249.5904 456.6682
113 144.4235 439.9507
114 260.0949 486.1787
115 252.5637 552.5105
116 108.8294 511.8604
117 140.3734 509.3893
118 164.7844 515.4014
119 200.9955 508.9379
120 227.2128 497.8576
121 246.7433 486.2455
122 284.3122 456.2075
123 113.3799 555.5168
124 129.1189 439.7289
125 293.7576 573.4971
126 248.2592 521.2309
127 95.0195 478.8210
128 261.2602 473.8282
129 237.0839 566.1480
130 155.2324 450.8786
131 251.7296 540.1707
132 107.1295 618.7291
133 249.5115 448.5195
134 267.0462 526.1712
135 158.5250 715.5917
136 162.2371 739.0591
137 97.8319 563.0442
138 136.6118 688.0143
139 105.0501 435.2575
140 234.7441 780.7497
141 296.6969 579.0826
142 232.0711 538.9318
143 110.9522 473.2657
144 185.7953 458.3838
145 202.8079 459.4501
146 234.2576 686.2196
147 119.4190 596.9712
148 272.7563 808.9225
149 213.3204 782.7259
150 189.2456 765.0229
151 301.0558 331.3724
152 316.5001 811.9490
153 219.3681 457.5115
154 234.8739 453.5661
155 244.7503 450.9823
156 116.9102 437.9327
157 232.1340 432.7088
158 215.0658 426.8979
159 197.5388 426.0697
160 180.2289 430.6648
161 170.0757 437.6043
162 96.7852 429.7458
163 174.3569 455.5705
164 306.3785 607.6157
165 242.7540 621.8095
166 255.4306 569.5981
167 278.9203 611.5504
168 303.0834 428.2807
169 182.3679 741.9151
170 207.2887 761.4221
171 270.1788 794.4355
172 141.0398 709.8344
173 244.0579 441.8582
174 271.4722 489.1851
175 314.9969 796.7194
176 240.2439 798.0441
177 105.4211 608.3321
178 271.7569 675.4058
179 268.6584 681.0164
180 265.3773 689.8709
181 262.8958 701.3880
182 258.2088 719.9756
183 244.2316 676.0735
184 238.2191 674.7472
185 232.4451 671.7483
186 213.2785 656.5976
187 144.3271 606.4181
188 272.5418 469.7569
189 264.4509 435.1621
190 252.3926 438.2231
191 248.7471 673.3817
192 143.4089 657.7156
193 279.4518 432.9887
194 247.8861 739.5057
195 302.2352 491.4470
196 284.2340 476.6919
197 302.4636 470.9982
198 258.4727 523.0371
199 313.8992 774.9460
200 312.8922 749.1538
201 278.8893 749.2643
202 201.5140 704.8462
203 222.7064 585.5566
204 222.4768 725.2369
205 182.7260 584.8915
206 207.3052 608.7734
207 168.3352 621.0248
208 272.3430 773.7651
209 247.5061 536.6917
210 186.4832 719.3888
211 211.9433 740.8834
212 186.2920 679.3475
213 125.6758 632.7159
214 164.8080 681.0888
215 116.5754 650.0807
216 193.8315 639.8648
217 260.2128 504.8585
218 259.3720 560.4783
219 247.1107 569.0681
220 266.3573 545.8657
221 249.0349 420.5712
222 217.0368 411.8309
223 189.2945 411.2443
224 166.7571 415.2104
225 151.5914 424.4023
226 142.5016 459.0668
227 93.9574 518.9946
228 157.2341 486.3180
229 176.4053 491.0139
230 201.5339 489.0045
231 225.7230 482.3555
232 244.3485 474.0394
233 257.2200 466.3333
234 98.1298 524.0430
235 248.3712 576.0018
236 270.8083 507.0906
237 272.5330 559.7991
238 284.6552 570.5655
239 273.6296 563.5633
240 254.9678 583.3178
241 287.8758 572.2636
242 290.4398 577.7488
243 256.2806 450.0723
244 267.3139 454.6393
245 272.3184 457.1376
246 164.4893 442.7751
247 155.4839 439.7841
248 319.8393 494.9288
249 446.8424 443.7978
250 323.3128 573.6712
251 515.5043 377.3199
252 390.7252 463.9457
253 410.4391 465.3146
254 429.4052 464.5279
255 453.8447 452.9043
256 373.7165 458.9504
257 414.2939 413.8280
258 393.2783 415.2158
259 433.9378 416.7072
260 447.4053 423.1104
261 470.2574 468.7422
262 392.4227 756.8576
263 453.7183 438.3632
264 529.1244 463.4026
265 492.3517 456.3534
266 406.0710 552.3669
267 331.8063 643.0803
268 329.1615 667.1791
269 358.0746 650.4338
270 375.2922 660.2685
271 348.0554 668.5179
272 363.3550 670.9640
273 405.7283 693.2151
274 319.8642 561.5595
275 322.0250 541.2969
276 476.9123 406.1242
277 365.1539 498.1208
278 370.1570 560.1409
279 371.6141 549.4095
280 463.9359 551.2341
281 320.8859 515.9706
282 428.2959 385.5077
283 456.6263 391.8400
284 494.3971 340.2205
285 342.4065 402.7616
286 375.1894 421.7831
287 419.1955 672.9004
288 520.0020 660.1284
289 355.6519 571.7875
290 338.8063 578.9780
291 396.7976 675.8630
292 387.9216 674.2533
293 467.1348 379.6891
294 371.6994 571.3575
295 390.5940 387.8138
296 394.0047 371.3141
297 412.6733 292.9039
298 480.1774 358.5206
299 401.3756 329.8564
300 488.5352 398.4612
301 502.0233 388.4606
302 330.8177 657.2529
303 352.1940 661.4285
304 369.2092 666.0299
305 350.6751 576.4656
306 391.9800 675.5265
307 383.7769 678.2714
308 385.7596 672.7197
309 342.7130 561.4650
310 359.8116 669.9503
311 344.4686 669.9195
312 327.1249 670.2270
313 339.7582 726.8095
314 336.5475 706.2811
315 334.3494 693.2921
316 332.0075 681.8212
317 329.9801 674.2790
318 364.7014 673.3999
319 367.6868 676.2169
320 372.5051 682.0288
321 377.2619 689.3374
322 391.6848 632.5684
323 535.8617 557.5618
324 374.9240 673.8337
325 378.7895 675.3969
326 332.0750 589.4987
327 364.7879 586.0321
328 335.2039 584.3431
329 386.3692 511.0809
330 418.1040 525.8252
331 375.5192 560.1883
332 461.7119 311.2983
333 448.2296 338.2375
334 434.8368 369.5251
335 388.6567 705.6678
336 348.2650 376.4646
337 354.1134 329.1304
338 360.8114 285.3707
339 445.1288 460.7285
340 491.8824 485.0192
341 362.8193 453.5728
342 469.4536 430.0844
343 350.4980 483.7890
344 356.1230 549.9457
345 513.6648 500.1316
346 478.2344 499.4562
347 452.4923 506.9647
348 414.6891 502.7268
349 387.1137 493.3187
350 365.9540 483.0984
351 322.3238 455.1957
352 511.0716 544.3170
353 485.9743 428.9051
354 313.6371 573.0365
355 364.0770 518.2089
356 535.3929 465.6698
357 349.8629 471.6213
358 377.5110 562.8003
359 459.5987 441.6380
360 357.2976 537.5192
361 532.2772 607.6849
362 362.8965 445.3846
363 339.2872 524.2850
364 477.2281 708.4637
365 478.4504 732.6052
366 532.6126 551.0581
367 499.5546 679.4870
368 515.8617 422.6218
369 398.2320 777.7497
370 312.5278 578.6364
371 382.5147 535.0398
372 509.7033 461.2932
373 427.5603 450.8592
374 410.5304 452.9876
375 389.2164 682.4401
376 508.1992 586.5983
377 360.8685 807.5400
378 424.1258 778.9575
379 450.0013 760.0546
380 393.7817 452.1458
381 378.0900 449.2274
382 367.9694 447.5191
383 500.2393 426.1630
384 379.4703 428.4780
385 396.2289 421.5028
386 413.6262 419.5559
387 431.3712 422.9038
388 442.4235 429.1063
389 528.3441 416.6921
390 439.0019 447.4350
391 373.8969 618.6323
392 355.5091 567.2835
393 334.5210 610.1018
394 452.9330 736.3408
395 427.2769 757.3086
396 360.9576 792.9048
397 500.7108 701.8020
398 367.8340 438.4807
399 336.3478 487.5460
400 395.1957 795.5281
401 528.0583 597.2249
402 348.6961 673.4015
403 351.9046 678.7490
404 355.6886 687.4758
405 359.3179 698.9253
406 367.2816 717.4607
407 377.6042 672.7967
408 383.4140 671.0967
409 389.0905 667.8448
410 407.9920 651.4986
411 480.6037 597.2936
412 335.9666 468.1204
413 345.4947 433.1086
414 358.6628 435.3508
415 373.2330 670.2348
416 486.8799 649.0785
417 328.1518 431.8047
418 380.5688 736.6703
419 321.5800 475.7364
420 351.1615 520.6607
421 348.1440 747.8649
422 426.3845 699.6286
423 394.0185 581.2444
424 406.1720 721.2644
425 436.7833 577.9371
426 411.5803 603.4174
427 455.0420 613.4123
428 356.5870 772.1473
429 364.4561 533.7543
430 444.7947 713.6060
431 419.5227 736.6970
432 439.9540 672.9916
433 504.5586 622.8507
434 464.6037 673.7975
435 519.1178 640.0859
436 428.1820 633.6664
437 349.7820 502.4046
438 349.2602 558.2999
439 364.0589 566.3852
440 339.9509 543.9616
441 359.7919 417.5773
442 391.3908 406.7194
443 419.3296 404.0916
444 443.0516 406.7022
445 459.9831 414.9327
446 473.8761 449.0960
447 533.8708 506.4344
448 459.4952 477.1959
449 439.5121 483.1118
450 413.4379 482.6375
451 388.4068 477.5046
452 368.7706 470.6885
453 354.8729 463.6892
454 535.8965 511.5124
455 363.9381 573.4754
456 336.1069 505.3664
457 334.2651 558.2034
458 323.5466 569.5562
459 334.3768 562.0340
460 358.3641 581.2487
461 319.9164 571.3727
462 318.9216 577.1346
463 355.6384 447.4714
464 343.7409 452.7862
465 337.4531 455.6071
466 448.7541 434.0357
467 457.7988 430.4786
