# Image: /home/yaroslav/Projects/Diia.AIContest-AdAstrum/fixtures/FLUXSynID-processed/00c9c5cf8bd3/00c9c5cf8bd3_m_live_0_a_d1.jpg
# Mode: stream
# Status: fail
# Errors: image_blurry_or_out_of_focus: Image is blurry (sharpness score: 54.94); strong_shadows_on_face: Strong shadows or uneven lighting detected (difference: 70.4); face_not_looking_straight_at_camera: Head is turned 176.4째 (max: 15.0째); face_not_looking_straight_at_camera: Head is tilted up/down 30.5째 (max: 10.0째)

# 2D Landmarks (index x y)
0 336.1540 646.0236
1 359.7844 562.3672
2 335.5592 589.9503
3 327.5949 489.4294
4 362.2643 538.9432
5 355.3409 510.0429
6 330.6561 442.2624
7 147.7872 427.3716
8 324.5500 389.7257
9 326.9755 361.5507
10 317.1623 270.6413
11 334.6503 657.8446
12 330.7203 667.1984
13 325.2961 671.5221
14 325.4890 678.9643
15 327.1730 688.7908
16 327.4037 701.0215
17 324.5911 714.0308
18 313.5325 734.5617
19 352.3204 575.7509
20 321.8845 575.4985
21 23.7737 347.8939
22 213.9296 451.2921
23 192.2503 452.0099
24 169.7484 450.4774
25 135.3041 435.7494
26 232.0788 446.7135
27 191.4553 387.3507
28 215.1533 391.0574
29 166.5267 389.0493
30 147.4657 396.6581
31 115.0122 452.4848
32 219.9408 768.1875
33 137.4363 420.2846
34 14.4173 442.8833
35 83.6976 436.1353
36 208.5992 546.2434
37 310.0547 641.5502
38 307.9662 667.0960
39 276.4573 650.1831
40 252.5370 660.7881
41 283.4204 669.1518
42 262.8403 672.2614
43 207.3212 696.3179
44 341.1708 560.9999
45 340.2830 538.4265
46 113.2176 375.0135
47 250.7957 489.9689
48 266.3258 557.8102
49 260.9752 545.7920
50 133.1124 542.5027
51 334.8131 511.5850
52 182.6148 351.3134
53 144.8397 358.0805
54 66.1934 308.2296
55 280.8222 378.7290
56 233.7688 401.0614
57 192.4106 674.6681
58 -1.6314 660.8054
59 279.9477 571.3593
60 298.3275 579.6824
61 218.9816 677.9223
62 227.8156 676.6945
63 129.1055 344.1935
64 259.0423 569.5352
65 227.7854 356.8650
66 225.8916 339.3452
67 190.5261 265.2934
68 99.9608 326.7634
69 212.5555 301.6220
70 93.5739 366.7737
71 60.4095 359.2097
72 309.7251 656.3069
73 282.0253 661.7019
74 259.0755 666.8608
75 283.6017 576.7015
76 224.1278 677.7877
77 236.3326 680.8880
78 228.7509 675.2249
79 303.4540 562.0446
80 262.6359 671.2296
81 282.6106 670.7601
82 304.5469 670.6673
83 284.2624 733.4587
84 296.7240 711.4769
85 301.3446 697.9997
86 303.4185 685.7444
87 303.3520 677.6323
88 258.7453 676.3884
89 256.7781 679.3208
90 252.3237 685.3734
91 246.6153 692.8792
92 231.3441 632.4091
93 -25.1181 545.3254
94 343.8221 581.8727
95 243.9620 676.5275
96 241.2831 677.9955
97 306.4669 590.5718
98 262.3439 585.3329
99 302.7106 585.4136
100 225.8230 502.7454
101 190.6386 516.9928
102 252.4741 557.0540
103 120.8230 279.6570
104 148.8906 306.0105
105 174.4429 334.3701
106 228.1554 710.6536
107 278.3063 349.9942
108 268.1509 307.4587
109 253.7326 263.6147
110 148.3117 445.2131
111 87.7834 469.1523
112 244.2768 441.3230
113 117.4938 405.8347
114 269.3439 475.3784
115 289.1247 547.5002
116 53.6253 484.5496
117 110.1085 485.6521
118 145.7542 494.8227
119 190.7146 491.8657
120 221.1362 483.3379
121 244.9742 473.3606
122 308.9139 446.5447
123 57.8557 533.0740
124 95.6101 403.3097
125 341.3073 574.2871
126 257.2601 511.9419
127 -20.8925 443.7565
128 264.4289 462.0085
129 244.0714 559.4885
130 126.7525 421.1158
131 282.8031 533.5331
132 -20.4561 601.0012
133 242.6431 433.0784
134 309.8701 519.7204
135 91.5561 717.3996
136 71.8884 745.2030
137 7.6482 539.2168
138 54.3169 684.4804
139 35.0702 397.8322
140 208.1236 792.9640
141 335.3372 580.5739
142 234.2942 528.8840
143 56.7235 440.8875
144 173.8712 436.3242
145 193.7602 439.1682
146 229.5915 684.9122
147 57.0740 579.4320
148 244.9940 825.5139
149 158.5573 796.9759
150 118.6471 776.3402
151 323.7219 316.3847
152 293.0350 828.2288
153 211.2391 438.9987
154 227.1228 436.5929
155 237.3525 435.0248
156 71.5954 400.0294
157 226.7423 416.5350
158 209.1313 408.4658
159 190.8335 405.6067
160 170.0341 407.4229
161 155.6916 412.2560
162 -3.6577 390.3835
163 159.0819 432.1481
164 334.0707 607.8352
165 253.4274 618.4020
166 283.5942 566.9311
167 304.2194 610.2652
168 322.9603 416.3249
169 128.8034 748.0833
170 166.2773 771.5504
171 255.6435 807.3800
172 31.7484 709.4360
173 238.4476 426.5654
174 297.6486 480.5684
175 304.4032 810.0059
176 201.3730 813.9836
177 10.7158 590.7194
178 280.7854 676.5924
179 278.4761 682.4070
180 275.1034 691.5338
181 270.5245 703.6383
182 253.4687 723.7242
183 242.5049 674.6373
184 237.6546 672.6192
185 231.4805 668.9271
186 209.7439 651.9768
187 104.4766 592.2232
188 289.6170 459.4149
189 266.7521 417.8456
190 249.8088 419.6277
191 244.7060 671.9910
192 85.5455 649.7880
193 292.9723 417.4154
194 235.0301 745.0525
195 346.4798 486.7970
196 318.0424 468.9301
197 338.7012 465.2249
198 281.8090 515.2186
199 310.2947 785.3405
200 311.9357 757.4242
201 274.5989 756.4384
202 178.6610 704.2157
203 224.1597 577.9862
204 202.7796 728.3304
205 172.4557 572.2707
206 204.5338 600.6368
207 145.0925 610.3408
208 265.1003 783.1796
209 261.5873 528.7961
210 149.2490 721.2893
211 183.1487 746.9665
212 163.4929 675.2293
213 57.0958 620.1907
214 123.3792 677.2657
215 22.5737 639.2724
216 183.0411 632.3561
217 277.2748 495.7944
218 297.7891 557.9042
219 274.2510 565.2404
220 314.6951 541.6738
221 253.4405 395.8794
222 220.6685 379.5220
223 189.3952 374.1908
224 159.4820 376.6073
225 134.6435 386.5754
226 108.3758 429.1671
227 8.0916 490.0428
228 130.9467 462.1261
229 158.2060 469.6857
230 189.4826 470.2279
231 217.0397 466.0736
232 238.4752 459.5652
233 254.6443 453.1125
234 -24.9311 494.3604
235 269.8917 572.6285
236 305.2520 499.6849
237 321.1126 558.3141
238 326.4862 571.3647
239 315.9531 562.9584
240 272.8225 580.7841
241 333.3095 572.9011
242 327.6560 579.0731
243 252.5969 434.6540
244 267.7103 441.2438
245 279.7339 444.8231
246 146.3491 416.4544
247 131.8033 406.4281
248 360.2250 491.6660
249 418.9183 452.2159
250 358.7535 577.5937
251 431.6701 391.4738
252 373.1897 466.9056
253 390.1706 470.3999
254 404.9742 470.9678
255 418.6158 460.8930
256 359.6847 459.6416
257 401.9999 412.2115
258 382.7302 412.2674
259 417.8252 417.1072
260 425.5822 426.2942
261 425.7593 477.8722
262 365.7815 765.7745
263 422.2462 447.2034
264 430.1240 475.7079
265 432.6302 465.0456
266 397.8998 556.9884
267 356.6014 643.7225
268 346.1205 668.2983
269 372.3164 652.5647
270 378.3404 664.1963
271 357.1537 670.5341
272 364.0271 674.4846
273 384.0425 699.9625
274 373.3524 563.2697
275 377.8743 541.1268
276 443.7675 409.4444
277 364.6494 498.4302
278 390.2281 564.1386
279 387.0687 552.4005
280 431.8543 559.2727
281 370.2385 514.0646
282 424.5031 381.0699
283 439.0816 391.4614
284 433.1637 352.0315
285 359.4923 388.9734
286 365.2772 418.0277
287 396.5915 680.3659
288 391.6144 671.8190
289 375.5564 576.0963
290 362.2396 582.5318
291 380.8435 682.6468
292 371.8835 680.1680
293 443.1042 380.2782
294 384.6063 574.9478
295 399.4748 378.7114
296 404.1123 362.4996
297 400.5215 294.9319
298 439.5570 365.7918
299 402.9161 327.5142
300 445.6936 403.4343
301 440.0862 398.9394
302 352.6547 657.7528
303 365.1646 663.3860
304 372.1193 669.4926
305 369.5416 580.2167
306 376.5785 681.9712
307 373.6859 684.4251
308 368.3905 678.1890
309 377.7619 566.2524
310 356.3625 673.1624
311 348.9095 672.0509
312 338.8418 671.5915
313 336.2706 733.7169
314 345.9278 712.4773
315 347.2415 698.9226
316 345.2446 686.9912
317 341.6431 678.8812
318 360.7018 678.9544
319 364.4497 682.0741
320 369.0577 688.1738
321 372.0530 695.8761
322 391.0727 637.8169
323 399.1420 569.1552
324 364.0686 679.3266
325 369.1221 681.2011
326 356.4495 592.2404
327 374.2135 589.0074
328 359.4433 587.9336
329 378.9046 513.4185
330 403.0198 530.8871
331 384.7592 563.2119
332 424.0204 319.3839
333 427.8631 341.3741
334 429.4059 366.0729
335 372.2375 712.0600
336 368.4204 362.7421
337 368.8233 321.4487
338 366.6070 280.1654
339 414.4344 468.0945
340 435.7784 495.4748
341 351.4866 452.5471
342 432.2178 436.2212
343 356.7395 482.5037
344 388.6863 553.5943
345 442.8768 511.8929
346 434.7487 509.0560
347 422.7239 514.3830
348 396.2475 507.3712
349 374.9926 495.4202
350 359.8552 482.9950
351 344.6398 449.9561
352 445.4478 555.3856
353 438.3574 435.2496
354 360.6314 575.7092
355 368.9098 519.1752
356 409.3920 478.2187
357 349.7450 469.5080
358 379.1339 565.6482
359 423.6303 449.1697
360 383.8847 539.3517
361 397.2866 619.0600
362 349.8137 444.2205
363 378.6459 524.2103
364 404.3766 719.5173
365 385.9046 744.8793
366 431.5416 563.7625
367 412.1097 691.1551
368 434.6555 434.8776
369 365.0710 788.9535
370 350.9274 581.5958
371 379.1942 537.4550
372 435.6332 471.3085
373 406.7157 458.1424
374 392.3324 458.8807
375 377.0859 688.8298
376 439.1197 597.4952
377 331.1412 822.4939
378 366.6289 791.5961
379 376.8105 772.1154
380 377.0650 456.1269
381 363.2695 450.9049
382 354.2928 447.2974
383 439.8929 434.0920
384 364.9841 431.4060
385 380.3273 427.3071
386 396.8648 426.9940
387 411.4712 431.4995
388 418.4976 438.0818
389 423.3305 430.7816
390 414.5822 455.4394
391 381.9059 622.5596
392 379.3407 572.1509
393 357.7153 612.1945
394 392.1616 746.4938
395 378.9752 767.6543
396 341.8843 805.0268
397 388.3055 713.9612
398 354.9589 438.7721
399 359.3895 485.3098
400 353.7418 809.1279
401 425.9579 609.5081
402 353.3654 678.5603
403 357.2744 684.4342
404 360.7799 693.6847
405 362.0130 705.3819
406 357.3248 724.3591
407 368.8682 677.5012
408 375.8937 676.3937
409 381.3600 673.4471
410 396.8186 658.0108
411 433.4313 606.7463
412 350.2699 464.7241
413 343.6877 426.6273
414 349.7033 431.3166
415 362.3652 674.2270
416 423.0673 659.3869
417 339.6164 422.7699
418 359.7855 743.9493
419 353.2179 471.8804
420 371.0202 520.8404
421 338.7130 755.5060
422 393.6103 707.0460
423 389.7645 585.3379
424 377.4867 728.3156
425 417.8744 584.7454
426 402.0135 608.9826
427 423.3577 621.5676
428 343.7366 781.6867
429 374.3022 535.2169
430 398.4936 722.4128
431 381.4808 745.0414
432 407.2525 681.2989
433 430.8779 633.9304
434 415.1764 683.4308
435 419.2273 652.0464
436 408.4848 640.6280
437 363.4625 501.8293
438 384.3698 562.8860
439 386.3447 571.2030
440 385.4235 545.9823
441 360.1354 408.8125
442 388.6691 400.0739
443 411.7729 400.7762
444 428.0311 406.9448
445 434.6564 418.4838
446 427.1396 456.9933
447 432.4221 519.5720
448 422.6526 485.7504
449 411.3757 489.8683
450 392.7539 487.2083
451 372.6062 479.8205
452 357.4370 470.5323
453 347.8018 462.0424
454 400.5295 523.4338
455 380.9804 577.6345
456 367.6715 503.8131
457 380.7764 561.8506
458 364.8464 573.3332
459 375.2331 566.3207
460 373.1031 584.6892
461 364.6607 575.1837
462 355.7060 580.6501
463 345.6283 444.6430
464 340.3293 448.8083
465 341.9836 451.1091
466 421.2887 442.9961
467 427.7404 436.1196
