# Image: /home/yaroslav/Projects/Diia.AIContest-AdAstrum/fixtures/FLUXSynID-processed/001bd789984b/001bd789984b_m_doc.jpg
# Mode: stream
# Status: fail
# Errors: face_not_looking_straight_at_camera: Head is turned 179.7째 (max: 15.0째); head_is_tilted: Head is tilted 23.1째 (max: 10.0째)

# 2D Landmarks (index x y)
0 301.3107 640.0645
1 299.3668 569.0543
2 300.2644 591.7956
3 283.9151 495.1576
4 299.4172 546.0539
5 299.9423 515.9300
6 302.0627 445.6429
7 165.1482 443.9732
8 303.5649 402.8683
9 304.2512 375.9981
10 306.8871 272.5406
11 301.4229 650.1453
12 301.6387 656.5829
13 301.9446 658.0275
14 302.2634 658.6682
15 302.2008 665.3024
16 302.1853 674.5100
17 302.1107 685.6831
18 301.9159 710.0775
19 299.4827 580.8872
20 280.7383 579.1685
21 94.7793 374.3489
22 221.4772 461.1283
23 201.8617 463.0331
24 182.9028 462.7623
25 158.0890 453.2902
26 237.9626 455.6912
27 195.7739 417.3641
28 215.6309 417.2267
29 177.3997 420.7099
30 164.7466 426.8267
31 141.3721 468.2585
32 224.1508 753.0661
33 158.2078 439.7915
34 82.3644 465.0374
35 118.5266 457.4365
36 203.4583 550.1581
37 275.6911 636.6790
38 279.3803 656.0730
39 249.7152 642.4372
40 232.8274 650.3144
41 260.1913 656.7992
42 244.7939 658.4762
43 208.4953 680.7204
44 282.1022 568.7281
45 279.9830 546.4115
46 132.9551 408.8063
47 244.3085 495.4090
48 235.9296 561.9843
49 235.7343 549.9089
50 144.7531 548.6584
51 281.8954 518.5951
52 180.3676 386.5928
53 152.5705 394.1429
54 114.4320 335.6865
55 265.4294 399.6686
56 233.6656 421.4423
57 191.8595 662.0078
58 93.9091 668.5523
59 250.1699 574.2682
60 267.1363 580.8269
61 213.5529 661.0358
62 221.6598 659.7341
63 141.5387 380.9790
64 234.9688 571.0434
65 217.6274 386.9472
66 213.6535 369.1742
67 194.0273 284.2429
68 128.4522 356.6933
69 205.6900 323.8533
70 120.9589 400.1888
71 107.9365 387.8158
72 277.1999 648.8119
73 255.9042 651.7824
74 239.2252 654.9162
75 255.3372 577.7952
76 217.8586 660.4712
77 227.5493 662.6388
78 223.6238 659.0640
79 261.3138 568.2953
80 248.0998 656.7377
81 263.9017 656.6902
82 282.0110 657.5005
83 275.3250 710.8125
84 277.6848 685.3178
85 278.8883 673.0489
86 279.8978 664.2609
87 281.3023 658.6464
88 245.6220 658.9602
89 243.3010 660.6795
90 239.9873 665.4297
91 236.5974 672.5206
92 215.7940 626.9127
93 78.1261 563.1897
94 299.8562 585.4025
95 235.2132 659.6137
96 231.6606 660.0962
97 274.3295 591.0156
98 242.4668 583.8318
99 270.7113 586.1127
100 224.0418 508.3954
101 191.7800 523.0992
102 232.2739 559.2945
103 145.7334 304.9143
104 159.6291 334.6059
105 173.2068 369.4666
106 226.1407 692.7804
107 259.0398 372.1163
108 252.5810 320.9954
109 245.8712 274.6270
110 167.0563 459.9000
111 119.2943 484.5655
112 248.1919 450.0563
113 141.9269 432.4495
114 258.1006 481.0179
115 248.7239 554.6371
116 97.2824 500.9485
117 133.2003 497.7743
118 158.7963 504.0667
119 196.3412 499.8132
120 224.0804 490.4985
121 244.4806 479.8126
122 283.4881 451.7062
123 98.8060 545.0024
124 124.5013 430.8871
125 289.1163 579.9270
126 244.8774 516.6055
127 77.5093 466.8114
128 259.6422 467.9052
129 231.2504 560.6690
130 152.6915 443.3553
131 248.8605 539.9667
132 81.8669 615.1806
133 247.6666 442.0884
134 265.0660 526.9496
135 134.6066 711.5986
136 136.2480 739.2640
137 78.9335 555.3085
138 110.1836 684.5821
139 94.9511 422.7699
140 218.6539 777.0307
141 291.5797 584.4887
142 227.1807 532.8255
143 101.2409 462.8412
144 184.7216 449.1640
145 201.7321 450.6524
146 223.2668 667.0859
147 100.1724 588.6198
148 256.9844 806.1025
149 194.0752 782.6997
150 166.8263 765.3534
151 305.6199 321.9092
152 301.0140 808.5465
153 218.2204 449.2494
154 233.6469 445.9722
155 243.1859 444.0481
156 110.3416 427.7415
157 230.5159 427.4922
158 213.5833 422.3051
159 196.7648 421.3732
160 179.7285 425.3515
161 169.1051 431.4384
162 83.1971 415.2418
163 173.0259 446.5966
164 300.8222 606.7441
165 234.0600 614.4380
166 249.8544 571.3446
167 272.8288 608.2266
168 302.9352 423.6060
169 162.0292 738.3374
170 189.0965 758.4740
171 255.7208 789.2412
172 112.9753 709.6759
173 242.3395 435.7989
174 269.9880 486.0683
175 300.8853 790.4346
176 223.1734 796.7064
177 83.0480 603.0076
178 262.0022 658.3265
179 259.5948 662.4041
180 257.4665 669.4044
181 255.2233 680.0771
182 248.1412 703.2756
183 230.6496 659.5198
184 225.3755 658.4213
185 219.7152 655.8308
186 199.5777 643.2558
187 126.2614 597.0378
188 271.2795 465.0001
189 263.6893 429.0383
190 251.0204 432.5058
191 234.6298 656.9859
192 120.5583 650.6254
193 279.1447 427.5459
194 235.7086 728.3326
195 300.6460 491.4519
196 283.0909 474.1135
197 301.3535 468.9539
198 255.9637 520.8917
199 301.0866 765.6613
200 301.4989 735.8584
201 267.6950 736.9418
202 188.1666 692.3244
203 215.5313 578.2503
204 210.1569 713.8153
205 170.8014 575.5248
206 196.6893 599.8207
207 151.7019 611.2092
208 259.4638 765.6110
209 243.9617 533.2781
210 169.8070 711.0603
211 196.8621 733.8529
212 171.3373 666.6933
213 103.1746 626.0797
214 145.4945 671.8834
215 91.4970 646.4376
216 179.0130 627.9923
217 257.9358 501.1113
218 254.7284 564.7186
219 241.5651 569.5141
220 263.1335 549.7406
221 248.9303 415.4855
222 217.5798 407.6689
223 190.5126 406.7278
224 167.5588 409.8321
225 151.2358 417.8867
226 137.9379 450.2967
227 77.8001 509.4364
228 152.5592 476.1742
229 172.5147 481.0515
230 198.4857 480.1354
231 223.3340 474.7979
232 242.6148 467.2855
233 255.7122 459.9804
234 77.7871 514.8969
235 242.1411 574.5729
236 269.1151 505.7604
237 268.2349 565.7357
238 279.6524 576.1469
239 268.7694 569.3396
240 248.0805 580.6678
241 282.9939 578.3322
242 285.1599 582.7470
243 254.7070 443.9868
244 265.9952 448.5585
245 271.1634 451.4997
246 162.9898 436.0423
247 154.2530 433.3235
248 317.8008 495.0307
249 444.8796 442.5215
250 319.5161 578.6537
251 523.7198 373.6175
252 386.9874 459.7510
253 407.1871 461.5948
254 426.6128 461.2308
255 452.2459 451.8166
256 370.1842 454.4695
257 414.0733 416.2354
258 393.5488 416.0819
259 432.8799 419.7688
260 445.7679 425.7852
261 469.4366 466.6224
262 379.5117 752.1241
263 452.0220 438.5071
264 532.5540 463.2706
265 493.5323 455.6495
266 402.8643 548.9806
267 327.3302 635.7616
268 324.5255 655.2954
269 354.5616 640.4359
270 372.7052 647.4639
271 344.6298 655.2938
272 361.0790 656.1574
273 397.7392 677.8533
274 316.8714 568.3064
275 319.1492 546.0313
276 480.0805 407.7023
277 361.5976 494.7935
278 365.7681 560.9023
279 366.5927 548.9441
280 463.7767 546.6669
281 318.3813 518.3700
282 431.2205 385.5464
283 459.8790 393.2077
284 503.8990 334.8748
285 342.9584 399.1343
286 375.1270 420.4710
287 414.7975 658.8486
288 515.1359 666.3434
289 351.5059 573.1992
290 334.4628 580.2804
291 393.4905 657.5850
292 385.4946 656.4362
293 472.3891 379.9676
294 367.0853 570.0834
295 392.3970 385.9018
296 397.3440 368.0816
297 421.7589 283.6253
298 487.7563 355.7206
299 407.9179 323.0084
300 493.2881 399.1370
301 508.6645 386.9673
302 326.2955 648.0104
303 348.6367 650.0327
304 366.5161 652.4079
305 346.5287 576.9303
306 389.1902 656.9749
307 378.9137 659.7581
308 383.5314 655.9798
309 339.3556 567.1387
310 357.9570 654.4472
311 341.2376 655.2708
312 322.3518 656.7683
313 328.9645 710.2502
314 326.9271 684.5082
315 325.9098 672.3448
316 324.8919 663.6754
317 323.6225 658.0008
318 360.3580 656.7874
319 362.6405 658.4720
320 365.8605 663.1939
321 369.1320 670.3497
322 389.4786 624.9553
323 534.8843 561.1727
324 371.3928 657.0951
325 374.8735 657.3255
326 327.0343 590.6167
327 360.1096 583.0796
328 330.5362 585.6315
329 382.6410 507.4851
330 415.8960 521.7070
331 370.4498 558.3723
332 471.5800 304.0525
333 455.7753 333.6559
334 439.4255 368.3204
335 379.4651 690.8299
336 350.6777 371.4702
337 359.7026 320.6143
338 368.8617 274.4086
339 442.9395 458.3481
340 491.8376 482.5741
341 359.7614 449.0702
342 469.7972 431.2290
343 347.6451 480.4590
344 352.2466 553.6241
345 514.1895 498.8578
346 476.9048 495.7150
347 450.3463 502.2464
348 411.8374 498.5334
349 383.3372 489.4003
350 362.4458 479.0871
351 321.2877 451.4102
352 511.2585 542.6154
353 488.1736 429.4730
354 310.0917 579.5684
355 359.9855 516.0839
356 538.9922 465.3373
357 346.9675 467.3932
358 372.2126 559.7876
359 457.9336 442.0518
360 352.7545 539.2291
361 529.1710 613.2242
362 360.6438 441.1168
363 335.8735 526.4999
364 471.3271 709.3415
365 469.7504 737.2957
366 532.2946 553.1305
367 496.7024 682.1195
368 521.0059 421.3879
369 384.3723 776.2095
370 308.1270 584.3116
371 378.2359 531.9779
372 511.6664 460.9170
373 424.8646 447.6008
374 407.4556 449.0875
375 383.3068 664.1577
376 508.7926 586.2846
377 345.0751 805.8632
378 409.7375 781.6473
379 437.8594 763.8129
380 390.5365 447.7529
381 374.9285 444.5286
382 365.2231 442.8659
383 503.6182 426.2229
384 378.3061 426.6410
385 395.5936 421.5012
386 412.7140 420.6630
387 429.9666 424.4767
388 440.7741 430.3679
389 534.5861 414.2654
390 436.7550 445.1242
391 369.8379 613.1023
392 351.6656 570.0969
393 329.6050 607.6277
394 442.7789 736.4555
395 414.7921 757.0483
396 346.3845 788.8190
397 494.2129 707.4932
398 366.0109 434.8683
399 333.8740 485.8331
400 379.8145 796.1304
401 526.6118 600.6646
402 343.4046 656.8416
403 345.7850 660.8929
404 347.8435 667.8586
405 349.8958 678.5900
406 356.9143 702.0558
407 376.0773 656.5650
408 381.2365 655.3093
409 386.8303 652.5423
410 406.4944 640.5604
411 481.8989 594.7060
412 334.0285 464.6585
413 344.0743 428.4499
414 357.0804 431.6978
415 372.2249 654.2199
416 486.6476 648.1183
417 327.5540 427.2147
418 368.6015 727.1995
419 319.9271 473.9272
420 347.0370 520.2936
421 335.8471 736.4145
422 417.4738 689.9647
423 389.2361 577.1910
424 394.7317 712.0747
425 436.4170 573.7824
426 409.2597 598.3600
427 455.6273 609.1160
428 343.2144 765.2065
429 359.4801 532.6440
430 435.4190 708.9518
431 407.5616 732.2802
432 435.0326 663.8158
433 504.9432 623.6884
434 460.8374 669.4571
435 516.9329 643.9762
436 427.6061 625.7130
437 346.3337 500.6789
438 345.8628 563.4316
439 359.9444 568.2913
440 336.7971 549.0533
441 359.5534 414.7244
442 391.9544 406.5796
443 419.8441 405.6230
444 443.5293 409.0511
445 460.3521 417.0540
446 473.5782 448.7684
447 535.2184 507.5546
448 457.5198 474.4495
449 436.8822 479.4250
450 410.0983 478.7640
451 384.5235 473.4969
452 365.0645 466.3756
453 351.7363 459.1714
454 536.9579 513.1026
455 359.6691 573.5702
456 333.1059 505.4417
457 331.4133 564.8740
458 320.2174 575.5489
459 331.2799 568.3546
460 354.0602 579.9571
461 316.5920 577.8184
462 314.8709 582.4185
463 353.3108 443.1228
464 341.2963 447.9495
465 335.4162 451.0879
466 447.0175 434.9295
467 456.4960 432.1625
