# Image: /home/yaroslav/Projects/Diia.AIContest-AdAstrum/fixtures/FLUXSynID-processed/003705bb8fe8/003705bb8fe8_m_live_0_p_d1.jpg
# Mode: stream
# Status: fail
# Errors: head_is_tilted: Head is tilted 15.2° (max: 10.0°); face_too_small_in_frame: Face occupies only 45.4% of frame (min: 50.0%); hair_covers_part_of_face: Possible hair occlusion detected (score: 0.279)

# 2D Landmarks (index x y)
0 315.8790 495.3072
1 310.2615 427.8340
2 313.0154 455.2658
3 289.3552 378.0624
4 308.4159 408.7751
5 306.4453 387.9572
6 302.2052 343.3758
7 173.7788 374.5784
8 298.6547 307.7423
9 296.4863 285.1434
10 290.5487 215.1920
11 316.6416 504.4405
12 317.3249 512.3555
13 317.6194 516.3200
14 316.4227 518.4999
15 316.7453 523.7433
16 317.2138 531.9855
17 318.0276 542.6650
18 320.6342 568.4855
19 311.4890 439.8167
20 294.3769 445.4303
21 108.9086 339.5190
22 225.4716 380.7900
23 207.5071 385.1640
24 190.4319 386.8865
25 167.6924 383.2799
26 240.7371 373.5026
27 198.7446 339.5149
28 217.3967 337.8114
29 181.6523 345.0740
30 170.4420 353.5997
31 153.8635 398.1601
32 250.6876 619.6887
33 167.6640 371.9747
34 102.5247 413.7992
35 133.0821 392.6240
36 216.3257 446.4083
37 291.0592 496.6703
38 296.2124 515.7389
39 266.4865 509.3762
40 251.5078 522.5801
41 278.0939 521.7471
42 264.0547 528.6502
43 230.8698 558.9486
44 294.4936 430.3342
45 290.1086 412.6564
46 140.3068 340.0009
47 250.2972 397.5032
48 249.1886 442.0742
49 247.4953 434.4387
50 161.6153 458.0857
51 289.4605 393.1850
52 179.1630 309.2877
53 155.6463 321.3795
54 122.6731 300.8167
55 259.5821 310.1313
56 234.8288 340.6813
57 214.7611 546.1650
58 126.5089 588.9462
59 264.4508 450.2245
60 281.1915 453.3775
61 235.6497 541.7062
62 243.9521 539.0034
63 144.7307 313.2426
64 249.4077 452.4752
65 212.9921 304.4514
66 208.1372 290.7678
67 189.0524 241.2578
68 133.6649 305.9496
69 199.9860 263.5573
70 129.5355 337.0873
71 119.3278 338.8893
72 293.4222 507.6036
73 273.1077 516.8019
74 258.0456 525.7645
75 269.7569 453.4678
76 240.0485 540.4373
77 248.4448 538.8384
78 245.9641 538.2483
79 274.2717 438.0908
80 267.7249 528.0846
81 282.0792 522.9436
82 299.0229 519.1087
83 295.6743 571.6384
84 295.0329 545.3491
85 295.4218 534.0112
86 296.0953 525.8675
87 297.2094 521.2770
88 265.1791 530.4972
89 262.7435 532.3507
90 259.2898 537.1252
91 256.0107 544.3197
92 234.1427 506.6941
93 105.6448 504.5143
94 312.2286 446.7157
95 256.0577 534.8053
96 252.5269 535.5868
97 288.2818 460.4054
98 257.3071 464.1191
99 284.9895 457.0110
100 231.6910 412.1201
101 202.9910 428.5125
102 245.1635 444.8690
103 147.4463 267.4169
104 158.7122 280.1095
105 171.3579 297.1702
106 247.9450 565.4010
107 251.4048 287.9333
108 243.5258 255.4016
109 235.3711 225.4462
110 176.0490 387.2327
111 135.0127 415.1470
112 250.4040 366.6398
113 151.1382 363.9652
114 262.5764 382.4167
115 260.7095 429.9053
116 116.4650 434.3349
117 147.8040 421.7514
118 171.1117 421.0021
119 205.2073 411.7054
120 230.1983 400.1736
121 249.2094 387.7920
122 285.0586 351.5796
123 119.7627 469.4439
124 135.9330 365.2196
125 301.8995 440.7105
126 252.5258 411.6907
127 100.2465 424.2199
128 262.7401 374.7131
129 244.1118 449.0243
130 161.6925 374.8482
131 258.9846 420.8617
132 112.0166 547.0287
133 250.1680 360.9396
134 273.8695 404.8413
135 163.6914 606.9881
136 167.5309 636.8791
137 103.7937 488.7855
138 140.6579 590.0443
139 111.1269 374.2224
140 247.1272 645.1519
141 304.6966 447.1433
142 237.1868 429.0714
143 118.2965 402.0187
144 191.0674 376.4358
145 206.5972 375.5272
146 244.0856 543.8185
147 123.9628 506.0756
148 286.5493 669.5629
149 223.6309 660.5335
150 197.0429 651.6958
151 293.2176 248.7253
152 330.2938 666.1454
153 221.7716 372.2834
154 236.0025 367.3652
155 245.3325 363.9335
156 123.4816 367.5171
157 233.2898 352.9954
158 217.2476 352.0700
159 202.4557 353.3922
160 187.7117 358.0758
161 178.2160 363.7480
162 101.9177 378.1567
163 180.6953 375.7054
164 313.8522 468.3059
165 250.3478 491.2816
166 263.7838 446.1087
167 286.9580 475.1493
168 300.6787 327.3928
169 190.8891 623.7709
170 217.5743 635.2293
171 283.9018 648.8018
172 145.8987 618.3058
173 244.8996 356.9812
174 274.6794 378.6402
175 327.6966 645.1764
176 252.4990 666.5892
177 110.4403 528.1924
178 279.7691 524.9842
179 277.3373 528.7722
180 275.2983 535.3929
181 273.6625 545.6808
182 269.1905 569.8858
183 252.1098 535.2382
184 246.2782 534.8378
185 240.4143 533.3340
186 220.8053 525.7529
187 148.1270 503.7365
188 274.1747 365.6508
189 263.0953 343.2625
190 252.4954 349.7706
191 256.0381 532.8380
192 147.3539 553.7411
193 277.8073 335.8024
194 259.4965 595.1043
195 304.8690 372.2888
196 286.8009 365.2548
197 303.4773 357.9985
198 263.7816 408.0652
199 325.0100 619.7478
200 322.5546 592.1480
201 290.6467 596.6240
202 212.2737 573.5035
203 230.5839 467.1289
204 234.0775 587.7314
205 187.9238 472.9624
206 214.2391 488.2997
207 172.9013 508.2494
208 285.4548 623.9104
209 253.1294 422.7141
210 196.1726 595.2195
211 223.0520 609.3220
212 195.1439 553.9224
213 129.4524 538.1171
214 171.1127 565.4399
215 121.1224 562.9662
216 200.2674 516.8612
217 264.0163 394.9197
218 267.6752 435.8778
219 255.5628 446.2380
220 274.5478 420.1971
221 247.0169 330.6293
222 216.5287 325.3955
223 191.3364 327.4491
224 170.9965 334.4977
225 157.4794 346.4721
226 149.3860 383.0856
227 100.5512 451.0133
228 163.8324 402.0254
229 181.9521 402.0669
230 205.4918 397.7951
231 228.2605 389.9056
232 246.2018 380.5552
233 258.2465 371.6985
234 103.1916 464.9190
235 256.7472 452.7920
236 275.6924 390.8153
237 281.1178 431.5290
238 292.9349 440.9144
239 281.8046 436.3149
240 262.8292 458.5816
241 296.1960 440.9177
242 298.6384 447.2257
243 256.8172 359.7459
244 267.2759 359.8702
245 272.5277 358.7162
246 172.3691 368.0558
247 161.9773 363.1607
248 321.0985 373.7465
249 433.1115 337.9669
250 329.6193 440.6454
251 493.1319 286.6446
252 383.8673 358.4360
253 402.2240 357.6768
254 419.3107 354.9218
255 441.0285 345.0444
256 367.8931 355.7061
257 401.4368 311.2135
258 383.1104 314.6525
259 419.2921 311.7562
260 432.0388 317.2293
261 458.0623 356.2468
262 399.4354 600.3088
263 438.5651 333.8868
264 514.3794 357.3015
265 477.7908 345.4151
266 405.2530 420.7725
267 340.3096 489.9297
268 338.2403 510.2342
269 366.7443 495.7655
270 383.5210 504.8014
271 357.1892 511.1787
272 372.0444 514.3750
273 408.8243 535.4209
274 326.3791 425.9881
275 326.7949 407.6630
276 458.9443 296.2461
277 362.9460 382.0989
278 373.4092 425.1178
279 373.7681 417.1633
280 461.2750 417.6090
281 323.9625 388.5706
282 414.2997 277.0036
283 439.8992 282.4018
284 471.1735 252.6785
285 336.6547 299.6267
286 367.1436 322.3436
287 423.2214 518.3328
288 526.6469 535.6420
289 360.2297 437.0905
290 344.1365 444.6458
291 401.4741 519.5591
292 392.9887 519.1096
293 449.1529 271.5547
294 375.5094 435.2676
295 380.4995 281.4566
296 382.4801 266.7688
297 394.1090 212.6870
298 460.0183 260.8983
299 386.5924 237.8376
300 469.4017 290.5760
301 481.3438 289.2853
302 339.7298 501.3741
303 361.4503 504.8753
304 377.4526 509.7496
305 355.6396 441.5513
306 396.9285 519.4321
307 387.4400 520.1996
308 391.0528 518.8040
309 347.9854 428.1438
310 368.6886 514.5782
311 353.5708 513.3981
312 336.1283 514.1208
313 345.5981 565.2439
314 340.8161 539.3310
315 338.8931 528.1477
316 337.2860 520.3039
317 335.6392 516.1941
318 369.2943 516.3931
319 371.6673 517.6267
320 375.6991 521.6787
321 379.9764 527.8124
322 398.3948 484.6071
323 531.5326 447.0636
324 379.5543 518.2329
325 382.9254 518.1561
326 338.2947 453.4950
327 369.7893 448.6717
328 341.1187 449.3260
329 383.9948 391.2763
330 414.9023 399.7531
331 377.9589 426.6381
332 440.0625 226.9128
333 430.3156 242.6647
334 419.8316 263.0306
335 392.3706 546.3550
336 340.2336 275.7230
337 342.6915 241.6308
338 346.0277 209.9970
339 433.6180 351.0751
340 480.3563 367.9356
341 357.5016 351.8029
342 453.4905 322.2224
343 347.9345 370.7062
344 359.5650 416.5941
345 503.2198 381.8159
346 468.6240 377.9410
347 445.0288 383.7182
348 409.6020 383.6865
349 383.0347 379.1552
350 362.1449 372.2101
351 320.2340 346.8679
352 506.5352 417.0821
353 468.9826 319.5459
354 320.8933 438.0591
355 363.9534 396.3447
356 520.1139 366.9798
357 346.3957 363.2044
358 379.8623 430.4160
359 445.2576 335.2470
360 359.4525 407.1874
361 533.6059 490.3657
362 357.0146 346.0471
363 341.2386 395.5819
364 487.6074 564.0969
365 491.2881 594.0758
366 528.4040 431.5355
367 509.3254 541.1790
368 497.3477 321.2754
369 408.0620 623.8182
370 319.6952 445.1747
371 382.1625 409.2004
372 495.0703 350.4419
373 416.5686 344.5920
374 401.1954 347.9529
375 392.5621 523.9696
376 509.7634 454.3999
377 373.9172 657.9699
378 436.4006 632.3026
379 462.7890 616.5090
380 385.7833 349.1144
381 371.4224 348.3318
382 362.0998 347.5039
383 482.3637 318.2951
384 370.7905 333.5829
385 385.6090 328.1285
386 400.0789 325.1138
387 415.4251 325.4462
388 426.1842 328.4615
389 508.4978 322.5762
390 426.5348 341.0379
391 380.5206 473.6311
392 360.0792 432.8785
393 341.2951 467.5805
394 462.4344 587.6385
395 436.7824 606.1770
396 371.7103 637.3994
397 511.5338 569.9961
398 360.8831 340.8483
399 335.2551 370.4543
400 407.5549 646.1271
401 529.6545 472.0230
402 353.6516 515.1998
403 356.2700 518.1651
404 359.0513 524.2470
405 362.1740 533.9941
406 371.5806 556.6370
407 384.9396 517.3848
408 390.4635 515.3834
409 396.0078 512.4585
410 414.1674 499.7897
411 483.8227 458.7582
412 333.4368 357.6876
413 340.4423 332.7090
414 352.2520 335.9149
415 380.9622 516.1912
416 494.2728 507.6362
417 324.3984 329.5205
418 385.9727 578.4888
419 321.1283 360.5669
420 351.9490 395.9739
421 354.8918 588.2502
422 430.3900 544.6647
423 395.9587 444.6198
424 410.5720 564.5286
425 437.6046 439.3941
426 414.8662 461.2663
427 459.1024 469.9356
428 364.9428 613.6462
429 365.7410 407.2946
430 450.8882 561.3169
431 425.8530 582.6439
432 444.3364 520.8052
433 510.1220 487.2205
434 471.2391 525.6313
435 525.2551 509.1308
436 433.0076 485.7739
437 349.0228 383.2041
438 353.9661 424.2429
439 368.1300 430.9148
440 343.8611 410.7442
441 353.4177 315.9448
442 381.5433 302.3870
443 406.2344 297.5753
444 427.4855 299.0899
445 443.4496 306.9680
446 459.3863 340.2312
447 523.8235 393.4558
448 448.7301 362.5754
449 430.6337 367.8172
450 406.6349 369.9183
451 382.8825 368.4169
452 363.9125 364.1910
453 350.6273 358.8757
454 525.7046 407.5592
455 368.2775 437.5006
456 336.6957 382.5827
457 339.6355 423.6086
458 329.8749 435.9039
459 339.9586 428.4736
460 363.4591 444.8082
461 326.6675 436.8583
462 325.6728 443.6570
463 350.0302 346.6911
464 339.7183 349.8268
465 334.0494 350.3064
466 433.0183 331.2156
467 442.5087 324.2173
