# Image: /home/yaroslav/Projects/Diia.AIContest-AdAstrum/fixtures/FLUXSynID-processed/008905d3ab5f/008905d3ab5f_m_live_0_e_d1.jpg
# Mode: stream
# Status: fail
# Errors: image_blurry_or_out_of_focus: Image is blurry (sharpness score: 49.91); strong_shadows_on_face: Strong shadows or uneven lighting detected (difference: 51.6); face_not_looking_straight_at_camera: Head is turned 168.1° (max: 15.0°); face_not_looking_straight_at_camera: Head is tilted up/down 15.8° (max: 10.0°); head_is_tilted: Head is tilted 18.1° (max: 10.0°)

# 2D Landmarks (index x y)
0 368.2229 674.4652
1 368.2845 588.8290
2 360.7123 612.6648
3 330.4344 504.5604
4 365.9109 562.8088
5 358.1346 527.5262
6 334.8533 441.8132
7 160.6730 454.2407
8 322.9744 380.7618
9 319.4139 347.8291
10 300.9293 238.5203
11 369.1036 687.2956
12 368.4181 696.0981
13 366.4663 698.9423
14 367.3313 704.2981
15 369.5772 715.0682
16 371.4120 728.2444
17 371.9770 741.6600
18 369.5057 759.9783
19 366.8377 601.5365
20 338.9771 602.3876
21 47.2246 374.4244
22 230.3843 466.4419
23 208.8847 471.7502
24 186.8033 474.4199
25 152.6728 464.4220
26 247.7776 457.4947
27 192.8837 411.7428
28 216.4933 409.4214
29 170.5417 418.2384
30 155.4637 428.2723
31 137.0105 484.4549
32 284.2423 805.2022
33 150.2467 448.8957
34 53.8407 479.7158
35 105.4124 470.8355
36 233.8644 577.2033
37 339.0751 674.0629
38 343.9684 698.9582
39 308.1875 685.7833
40 288.4604 697.7663
41 320.6856 703.0615
42 302.4669 707.2221
43 257.1680 736.0788
44 347.9892 591.0268
45 342.4956 566.2246
46 116.2212 408.2715
47 268.5859 506.7193
48 281.3966 589.8012
49 276.2918 575.5329
50 165.5655 581.4072
51 336.8258 533.1662
52 171.3714 374.6132
53 139.1616 387.9850
54 70.4477 329.2561
55 274.5242 379.5169
56 237.6632 413.6460
57 238.1899 715.7727
58 98.1699 702.0691
59 298.7896 601.6810
60 318.9778 606.8093
61 263.8179 715.8635
62 272.9874 712.7674
63 122.3311 373.5666
64 278.9318 600.7089
65 215.3092 369.5673
66 208.7364 350.2627
67 168.9331 263.7481
68 97.0118 351.0459
69 191.6859 306.0620
70 98.1392 398.9257
71 73.2724 388.2251
72 341.8825 689.1528
73 316.0698 696.9648
74 296.2380 703.1430
75 304.3486 605.3883
76 268.9710 714.8462
77 279.8916 717.7413
78 274.2252 710.5991
79 316.1641 592.9664
80 304.7815 704.6317
81 323.2771 703.0205
82 344.6433 700.9461
83 339.0656 764.6751
84 342.3483 744.4288
85 343.5073 729.8682
86 343.6563 716.2665
87 343.5428 706.9637
88 301.2260 710.3332
89 298.6928 714.1044
90 294.6669 721.4691
91 290.6141 730.0380
92 264.5591 669.2888
93 56.0625 584.9509
94 363.7921 605.7178
95 288.2843 711.0846
96 284.6152 713.5416
97 329.2893 616.9950
98 287.2906 614.7791
99 324.3805 612.1500
100 246.8683 524.5242
101 214.0861 546.2771
102 271.9712 586.9685
103 109.2722 291.6137
104 134.5648 322.7749
105 159.6698 356.2478
106 279.4931 748.0693
107 264.1540 348.2893
108 248.9303 299.0641
109 231.0270 247.6195
110 166.1929 472.4139
111 114.5640 505.6695
112 258.5687 449.3630
113 129.4416 438.0595
114 283.2581 488.3321
115 299.0038 579.1369
116 89.5678 525.2109
117 136.3708 521.7006
118 169.5591 527.5766
119 212.1006 517.4417
120 241.1668 502.1863
121 262.7751 487.3233
122 313.2649 450.9696
123 103.4067 576.4853
124 108.2622 436.9588
125 354.3730 602.2238
126 275.4326 532.4988
127 36.1965 477.4218
128 279.2978 471.5677
129 267.6902 587.8952
130 142.9121 451.3816
131 293.4174 561.6265
132 71.4913 642.5703
133 255.3869 440.3039
134 314.7933 544.6611
135 171.0921 759.1812
136 168.1682 783.8244
137 70.2995 583.1921
138 137.0805 727.7645
139 61.8235 430.1506
140 279.5293 828.7128
141 353.8463 606.0356
142 256.5413 553.8944
143 83.6922 477.7247
144 186.9765 458.5296
145 206.9947 457.4961
146 274.4853 722.9775
147 114.0725 624.5879
148 323.3316 853.8061
149 244.8794 831.9562
150 209.3038 813.2338
151 310.9439 294.2408
152 371.6251 849.5717
153 224.8637 453.3414
154 240.9635 446.8078
155 250.7706 442.9301
156 88.0056 433.7099
157 234.2629 427.6761
158 214.2985 424.7054
159 195.1744 426.2062
160 175.7978 432.5771
161 163.4610 439.8402
162 36.4206 420.6236
163 172.0635 456.9261
164 362.2267 631.6482
165 283.2431 652.5861
166 299.9420 598.0424
167 330.0958 639.0660
168 326.7797 410.8416
169 206.2293 788.7891
170 241.1365 809.6535
171 324.5154 839.6177
172 132.2177 749.2221
173 248.8583 434.8712
174 305.2397 494.5395
175 374.2522 834.0699
176 282.3583 846.6010
177 85.1031 635.7788
178 321.1430 708.6189
179 319.0005 715.6529
180 316.7688 726.3470
181 314.4758 739.3840
182 306.2163 758.6906
183 285.3328 710.2770
184 279.2133 709.8287
185 272.4654 706.8874
186 248.1827 691.6161
187 152.4504 635.4753
188 298.4503 468.0435
189 274.6008 421.3432
190 259.0551 426.9927
191 288.6732 706.0563
192 150.7780 694.0701
193 297.2658 417.9043
194 294.4444 781.0177
195 350.0893 497.9552
196 321.6132 479.0191
197 342.6501 470.7334
198 294.6519 537.4269
199 373.7128 810.8436
200 371.2285 782.8700
201 333.3809 788.4433
202 234.4572 745.7031
203 251.9382 610.3160
204 261.7500 767.2341
205 203.5625 610.4813
206 236.3681 637.6005
207 187.1943 652.6400
208 327.6561 816.6669
209 279.3267 553.1902
210 214.3974 763.4057
211 248.5882 785.9633
212 214.3067 718.0186
213 123.5920 665.4137
214 183.9749 720.7530
215 104.4125 684.0390
216 221.6963 672.7957
217 290.5086 513.0987
218 308.7512 589.8487
219 289.9985 597.5243
220 319.8355 571.8648
221 254.8381 403.0339
222 217.6453 395.8607
223 185.9213 398.2498
224 158.8233 405.9775
225 139.5071 418.6807
226 127.1174 460.9416
227 58.5966 531.4135
228 152.9234 493.3349
229 178.8608 497.7083
230 208.8151 492.8118
231 235.7761 482.8132
232 256.0413 471.4378
233 270.4249 461.3772
234 45.0827 530.6778
235 289.0947 603.7135
236 312.0659 518.4557
237 328.7465 589.6337
238 340.0444 599.6117
239 327.0094 593.4291
240 295.2737 610.1847
241 346.1209 601.5420
242 345.3750 605.5541
243 264.9515 441.0576
244 280.8456 446.1558
245 290.9020 450.1030
246 156.1495 445.0570
247 143.6998 438.0863
248 367.9014 499.4316
249 462.2414 416.3757
250 383.3543 595.6365
251 505.1903 319.5242
252 407.0999 444.8965
253 427.6587 444.5318
254 446.6815 441.0865
255 467.6760 424.6074
256 389.8378 440.5017
257 430.9525 383.9181
258 409.1742 387.1765
259 450.7757 385.3837
260 463.5312 391.6829
261 483.5000 439.0342
262 442.5487 777.5725
263 467.7614 409.7328
264 520.8620 418.6347
265 499.7950 419.2986
266 443.2248 547.4258
267 392.9986 665.8352
268 388.9682 692.0446
269 416.8901 668.6343
270 430.3496 675.5534
271 405.7524 689.5317
272 417.7896 689.3025
273 452.2330 705.0756
274 385.8790 585.4748
275 386.2125 560.0610
276 491.1454 362.6087
277 395.1262 489.7318
278 423.5267 569.2509
279 420.7558 554.6863
280 491.6959 534.9111
281 377.4897 527.4045
282 449.7895 342.4783
283 474.7663 348.2152
284 489.7794 280.5530
285 365.1570 369.1650
286 390.2848 396.0468
287 464.0322 680.6370
288 510.6957 638.3153
289 410.0917 585.2846
290 394.8048 595.5725
291 444.0469 687.9311
292 434.8047 687.6169
293 482.8534 331.1163
294 423.3377 579.6812
295 414.0696 346.7801
296 416.8550 326.5439
297 416.6384 236.2199
298 487.1876 304.9642
299 415.8522 280.8689
300 498.7307 350.2795
301 503.1630 336.1077
302 392.1756 681.3180
303 411.3162 681.7519
304 424.4275 683.0363
305 404.9044 590.5759
306 439.5230 688.3814
307 433.9258 693.5638
308 431.9512 685.9773
309 402.1928 580.1150
310 411.7035 688.1187
311 399.5851 691.1413
312 384.2617 694.9875
313 396.4454 755.0914
314 397.2824 735.5439
315 395.1916 721.4912
316 391.5512 708.7586
317 387.6164 699.9858
318 416.5383 692.1782
319 420.5947 694.9713
320 426.2507 700.8480
321 430.8588 707.8666
322 443.0963 642.2345
323 515.1031 520.3449
324 423.6351 690.0704
325 428.6712 691.1821
326 388.5979 608.1052
327 416.0118 595.8182
328 391.7246 602.1562
329 416.0515 501.5023
330 448.4034 513.8858
331 423.3178 565.0300
332 462.1223 251.5216
333 459.5454 285.4741
334 455.0343 322.1878
335 438.1337 722.2159
336 369.6539 336.7583
337 367.8697 285.7350
338 364.9823 233.0104
339 460.9723 434.5474
340 503.4444 453.5470
341 378.9387 434.9581
342 482.2447 394.3340
343 380.6670 475.3700
344 413.1822 562.8200
345 520.6262 466.3420
346 495.7557 472.9939
347 475.5105 485.9338
348 439.5609 486.8479
349 411.3828 479.7543
350 390.2243 470.5626
351 354.3072 445.6142
352 523.6335 516.9181
353 496.0640 387.9856
354 377.6376 598.7793
355 400.4721 515.2632
356 513.4645 415.4993
357 374.3189 459.2664
358 421.3850 565.7250
359 472.2347 410.6952
360 408.9032 545.3930
361 515.7560 577.4405
362 377.8210 425.6080
363 393.8557 533.5606
364 499.8194 705.0381
365 492.9260 729.1247
366 529.0496 518.1283
367 512.5304 668.1446
368 511.8545 373.4473
369 447.5584 798.4096
370 372.8621 603.3012
371 418.6067 531.3002
372 512.1572 421.2782
373 444.4277 426.5829
374 426.8960 430.8925
375 438.8325 697.2048
376 522.4525 564.8439
377 414.3015 837.0148
378 461.2640 792.8013
379 476.8707 765.9795
380 409.1576 431.4611
381 392.5201 428.8249
382 382.6243 427.1989
383 505.4160 380.8906
384 392.8901 408.5415
385 409.8449 401.2020
386 428.1913 397.9808
387 446.5562 399.4532
388 457.6883 403.7789
389 512.1632 361.5527
390 455.2777 421.2626
391 427.6155 630.5405
392 411.2544 581.7454
393 391.8612 629.6106
394 484.4672 740.9666
395 466.7086 769.5515
396 418.1173 822.6335
397 502.8847 689.4908
398 382.6051 418.5210
399 375.3660 484.9576
400 442.1244 817.2545
401 527.0187 570.6757
402 404.1317 695.5528
403 408.6880 701.5643
404 413.5701 710.9119
405 417.4004 722.8422
406 420.7607 739.8537
407 427.7523 688.1222
408 434.0858 685.6519
409 439.6054 680.9862
410 456.5020 659.7323
411 506.0021 583.3362
412 366.8795 459.0208
413 363.0756 410.7347
414 374.0105 413.3815
415 421.7299 685.5360
416 509.2994 638.8945
417 350.8837 411.2676
418 430.4447 757.6167
419 362.1315 473.5134
420 395.1709 523.3087
421 403.8968 776.2324
422 468.1818 707.7847
423 437.9911 583.1357
424 451.2998 735.3434
425 473.2710 571.3431
426 455.6311 605.1980
427 489.9091 607.3967
428 414.1904 801.4883
429 406.4302 535.2795
430 481.6908 718.9109
431 461.9449 749.1837
432 480.0495 676.3061
433 519.7058 605.7429
434 496.4600 671.1386
435 522.6061 620.1214
436 470.9098 635.4772
437 387.2128 499.8611
438 408.8535 575.2134
439 419.3252 578.7266
440 401.4474 560.0184
441 378.1966 388.3302
442 410.5685 373.2129
443 438.7029 369.1005
444 461.4465 370.5824
445 475.8424 378.4657
446 484.3004 415.3240
447 527.4877 467.4787
448 475.6668 450.8608
449 458.7947 460.5945
450 433.6210 463.6644
451 408.0962 460.9478
452 388.1724 454.7956
453 374.3934 448.3817
454 512.5220 467.6009
455 417.6471 584.9591
456 382.7257 508.5959
457 398.4083 579.2789
458 385.7947 592.4817
459 396.2357 582.9499
460 411.5348 593.0726
461 383.5458 595.7766
462 379.3882 600.4534
463 371.5736 428.3553
464 362.8408 436.2431
465 360.8885 441.3292
466 463.7084 407.1465
467 471.8429 398.2627
