# Image: /home/yaroslav/Projects/Diia.AIContest-AdAstrum/fixtures/FLUXSynID-processed/008905d3ab5f/008905d3ab5f_m_doc.jpg
# Mode: stream
# Status: fail
# Errors: strong_shadows_on_face: Strong shadows or uneven lighting detected (difference: 32.8); face_not_looking_straight_at_camera: Head is turned 179.2째 (max: 15.0째); head_is_tilted: Head is tilted 18.9째 (max: 10.0째)

# 2D Landmarks (index x y)
0 302.3766 639.7826
1 309.7907 553.7488
2 305.7514 578.8003
3 290.5971 467.3726
4 310.8173 527.7063
5 310.7830 492.8828
6 310.2818 410.3765
7 148.1564 398.3610
8 312.3590 356.1490
9 314.2666 325.8267
10 318.3453 222.1261
11 301.5606 652.1393
12 300.5106 660.9699
13 299.6957 664.1815
14 299.3150 667.3313
15 299.1697 677.3174
16 298.7127 689.9245
17 297.8649 703.3180
18 296.2637 725.8286
19 308.4447 566.8518
20 283.6061 564.4262
21 68.6828 318.2349
22 213.0446 419.9525
23 191.0203 421.8177
24 169.4225 421.5728
25 140.3276 408.3587
26 231.4210 414.2799
27 184.4511 363.0060
28 208.2856 364.3938
29 162.2174 366.5073
30 146.7324 374.2105
31 122.6728 426.4505
32 207.3671 762.0683
33 139.6607 392.1329
34 54.2339 417.3830
35 96.7465 411.2212
36 193.9411 526.6270
37 274.3906 634.7949
38 277.2550 660.0979
39 244.5816 642.1966
40 226.1900 652.2884
41 255.9943 661.0677
42 239.4245 663.5014
43 193.4085 686.5435
44 289.5372 552.9320
45 287.3776 527.6318
46 114.1237 352.7361
47 239.6146 463.6519
48 231.2091 543.7305
49 230.1472 529.5838
50 130.8571 521.9669
51 289.2681 495.1092
52 168.5768 327.7346
53 137.0862 335.9248
54 93.7989 277.3941
55 266.5291 347.7531
56 228.7451 371.5747
57 177.6515 664.5712
58 60.6196 642.0401
59 247.0349 558.2185
60 265.6400 566.4897
61 203.7010 668.0672
62 213.2681 666.1761
63 124.8129 321.3904
64 229.1458 554.9136
65 211.3777 329.5024
66 207.8949 310.8104
67 190.0277 227.3801
68 109.6490 298.7922
69 201.2219 267.9823
70 100.9603 342.9663
71 84.9538 332.1011
72 275.4077 649.9977
73 251.3413 654.2572
74 233.1751 658.5702
75 252.2596 562.9490
76 208.8913 667.7677
77 217.8567 670.4912
78 215.0622 664.2558
79 262.3989 550.9875
80 243.1754 661.9090
81 259.8345 661.9854
82 279.2204 662.8948
83 266.3957 724.9184
84 269.9131 701.2970
85 272.5602 687.0828
86 274.9259 674.5685
87 276.9081 666.3688
88 238.7348 665.4409
89 235.5036 668.5503
90 230.3721 674.7479
91 225.1556 682.6011
92 207.0768 621.2362
93 44.7009 522.5551
94 307.2864 571.4837
95 227.4248 665.4612
96 223.2673 667.2435
97 274.0429 578.3384
98 236.4253 570.6848
99 269.9427 572.6886
100 216.8953 478.0290
101 181.9422 494.3475
102 225.6153 540.6992
103 132.3278 245.9726
104 146.6249 276.2770
105 161.0993 309.5476
106 212.4315 700.8751
107 260.9313 317.6171
108 255.9477 269.4865
109 250.1228 220.8833
110 150.9441 417.3287
111 98.3548 444.6362
112 243.0773 408.5162
113 122.3913 381.5969
114 255.8325 447.7171
115 247.7766 535.0310
116 73.1620 461.2341
117 114.6045 461.8075
118 143.9627 471.0898
119 186.1675 466.7074
120 216.5248 456.0648
121 239.2143 444.6009
122 288.1733 415.9403
123 76.2822 511.8114
124 103.8244 379.0311
125 296.0968 565.4983
126 240.2189 489.0407
127 46.0815 417.0845
128 256.9689 431.9056
129 223.5217 542.0242
130 133.3539 394.9960
131 246.9477 517.8331
132 47.2472 580.7453
133 242.1563 399.1940
134 267.8017 503.6008
135 108.6538 703.1067
136 105.6936 730.7084
137 49.7459 517.8038
138 84.2893 667.5365
139 69.2413 370.9521
140 198.6917 788.4114
141 297.3121 570.3625
142 219.7532 507.5053
143 77.2066 416.2515
144 171.5260 405.8233
145 191.1141 407.6538
146 212.0907 674.9647
147 78.5466 560.0840
148 239.5089 824.8970
149 167.0537 789.5909
150 137.4091 765.5629
151 316.4295 273.8584
152 291.1094 829.6661
153 209.5894 406.3558
154 226.7898 403.0002
155 237.3135 401.1308
156 87.8862 375.1170
157 223.2087 381.9551
158 203.9375 374.9726
159 184.2606 373.2339
160 164.3624 377.1029
161 152.0626 383.4646
162 53.7722 361.8372
163 157.8122 402.3477
164 304.3767 597.3247
165 226.3252 606.8770
166 247.5661 554.3102
167 271.4517 599.5848
168 310.6296 382.7981
169 135.7996 737.2575
170 165.4721 763.4273
171 240.8814 805.9984
172 81.4467 692.2606
173 236.3446 392.2662
174 271.8633 455.4542
175 292.7650 810.2587
176 200.2190 810.4006
177 53.9415 570.9574
178 256.4044 665.3721
179 253.0193 671.3709
180 249.0665 680.8985
181 245.0557 693.3265
182 236.0830 714.5660
183 224.1564 665.1724
184 217.9183 663.7152
185 211.5515 660.0463
186 189.4352 641.6634
187 110.4893 573.9050
188 272.4509 430.2804
189 262.6811 385.0214
190 247.3694 387.6167
191 228.6385 661.8659
192 100.2209 633.0133
193 282.1918 385.1293
194 221.6324 737.1079
195 310.5727 463.9102
196 288.6471 442.4360
197 310.2714 437.5743
198 254.5311 495.1345
199 294.1613 782.9054
200 295.3459 751.4187
201 257.5714 749.9366
202 168.6382 693.8824
203 204.8990 561.6625
204 192.0300 718.9438
205 159.9372 554.6043
206 185.7350 585.8842
207 138.3694 594.3653
208 247.2638 779.6452
209 239.1606 509.1280
210 146.5018 710.3973
211 176.0261 738.0290
212 153.4399 663.7356
213 80.7400 601.9650
214 124.7484 663.2914
215 63.2957 620.7298
216 167.1661 619.3372
217 256.3823 471.8126
218 255.2554 546.7210
219 238.0239 552.4378
220 266.4209 530.2616
221 246.3591 365.4637
222 210.8193 353.0553
223 179.2913 350.8041
224 152.5888 354.4763
225 133.5191 364.2055
226 117.6676 403.4270
227 48.6739 466.7123
228 135.4356 436.4957
229 158.3169 443.5671
230 187.6250 442.5779
231 215.3142 436.6217
232 236.6544 428.8386
233 251.8939 421.4237
234 45.3544 469.4894
235 237.6575 558.9447
236 271.9938 478.6429
237 272.2826 548.8475
238 283.7236 561.0117
239 271.8217 552.6528
240 243.6704 566.6999
241 288.5039 563.6482
242 289.1874 568.4896
243 250.7838 401.6913
244 264.3407 408.8072
245 271.3650 413.4100
246 145.1678 388.4456
247 135.2109 382.4597
248 329.2589 468.5786
249 455.9119 410.3796
250 330.3347 564.9578
251 528.8204 335.6788
252 393.8530 427.4598
253 414.9359 430.4606
254 435.4852 431.2865
255 461.8032 420.6455
256 376.5991 420.6656
257 428.1856 374.5069
258 405.1023 373.6819
259 448.4523 379.7102
260 461.2780 388.1721
261 477.4499 438.8272
262 378.7328 764.2139
263 463.7400 405.2971
264 534.0415 432.6045
265 501.0422 425.0919
266 409.8591 532.7900
267 329.7266 635.9836
268 322.2877 661.1551
269 356.1237 644.4478
270 370.9037 655.0642
271 341.6452 662.7847
272 355.7459 665.9092
273 396.3427 690.2466
274 329.2989 553.5116
275 333.0263 528.5407
276 493.6166 369.8874
277 369.7404 467.9925
278 379.8042 547.0039
279 380.1905 532.8866
280 467.2732 532.0212
281 331.4684 496.2228
282 449.5888 342.9286
283 476.3439 352.7765
284 513.2516 294.6278
285 356.7599 353.0879
286 384.2286 378.9380
287 413.1213 669.2174
288 507.2593 651.6286
289 363.3575 560.3821
290 345.1627 567.7779
291 387.9498 671.9604
292 378.0544 669.5641
293 487.8235 339.6255
294 379.5949 558.1039
295 410.6124 340.6178
296 416.5458 322.3792
297 437.5156 238.7297
298 500.7166 315.9790
299 425.5492 279.0562
300 505.2894 361.0051
301 517.3658 349.4438
302 326.4059 651.0309
303 347.9111 656.0829
304 363.3176 661.1343
305 357.5495 564.8131
306 382.6934 671.3323
307 374.3943 673.4363
308 375.6511 667.5534
309 352.1835 552.5536
310 350.8167 664.0991
311 336.2720 663.5622
312 318.5190 663.8229
313 325.0857 725.9170
314 325.0073 702.4033
315 324.1348 688.1341
316 322.6186 675.6767
317 320.8014 667.2870
318 355.2039 667.2978
319 358.4398 670.6471
320 363.1020 677.2859
321 367.4053 685.2748
322 391.7312 625.1563
323 528.4940 535.3899
324 364.7856 668.0440
325 369.1943 669.9643
326 336.3288 579.2316
327 370.3729 573.3783
328 340.7141 573.7853
329 390.3175 483.5459
330 422.2279 501.8917
331 382.7105 544.1797
332 485.1668 261.3388
333 472.1732 291.8821
334 458.2108 325.4331
335 377.6115 703.6894
336 366.3104 323.9028
337 375.0051 275.1669
338 383.8929 227.0569
339 452.1787 428.3411
340 498.4073 457.6180
341 365.9925 414.0153
342 481.6385 396.5063
343 356.1090 451.2553
344 366.8339 537.7857
345 518.9103 474.9415
346 483.9927 473.5955
347 457.6583 481.0699
348 418.6925 474.3677
349 390.4689 462.1303
350 369.6278 449.4061
351 330.3916 417.5231
352 513.8782 524.5544
353 498.8052 394.4159
354 320.4767 565.8937
355 369.2020 492.9053
356 535.8249 432.5719
357 354.2303 435.8603
358 382.7224 545.5783
359 469.2435 408.6997
360 366.8462 520.8396
361 522.6414 592.1078
362 366.9767 404.8538
363 349.8930 505.8598
364 468.7155 709.2656
365 465.5317 736.3851
366 531.6300 531.0728
367 491.1971 675.9460
368 526.0395 387.0824
369 384.7164 790.1440
370 317.1988 570.5818
371 386.7605 512.2694
372 517.1255 430.7096
373 434.6670 416.0833
374 416.0411 416.8497
375 379.6411 678.2390
376 507.7505 571.9888
377 341.7772 825.6565
378 410.4358 791.9774
379 437.1996 769.0688
380 398.0806 414.6013
381 381.6209 409.7862
382 371.6102 407.1370
383 512.3545 391.1132
384 386.0677 389.0683
385 404.9662 383.7355
386 424.2604 383.4871
387 442.9225 388.6639
388 453.6816 395.8382
389 535.9460 378.7325
390 447.2010 413.4505
391 376.4703 609.9374
392 364.0893 556.5824
393 335.8699 600.7163
394 443.1708 741.3825
395 415.8766 766.2911
396 343.8954 807.0165
397 487.1915 699.8881
398 373.1190 398.2086
399 344.1172 457.7739
400 379.8284 811.8244
401 523.7926 582.9588
402 339.6870 666.7869
403 342.8638 673.0050
404 346.2047 682.5414
405 348.9511 695.2166
406 354.6227 716.5386
407 368.5009 668.0911
408 375.5369 666.9189
409 382.3584 663.4084
410 405.0699 646.1343
411 480.3632 584.1229
412 342.8427 432.8739
413 351.8020 389.6824
414 364.4470 393.0835
415 363.3822 664.7548
416 482.4921 642.1656
417 336.3305 387.7907
418 366.5012 739.3830
419 330.5228 443.7890
420 358.2405 498.1393
421 331.8597 751.0361
422 418.3144 698.1136
423 397.8954 566.2154
424 394.9516 722.1536
425 439.1601 562.4149
426 413.0482 591.4517
427 455.0081 602.6489
428 339.9837 780.8217
429 370.4741 512.5562
430 436.9621 714.7992
431 408.6213 741.1585
432 435.2627 669.1553
433 501.2971 612.5542
434 460.0046 670.1034
435 512.0429 631.1001
436 426.9526 625.4613
437 356.0948 474.9397
438 359.6030 548.8008
439 373.2488 555.1413
440 351.5843 532.0771
441 370.2367 371.9799
442 406.1591 363.1044
443 436.1292 363.8760
444 459.9171 369.2392
445 475.1889 379.6471
446 482.9295 417.0295
447 535.7833 481.0870
448 465.7747 447.7174
449 445.0586 453.0360
450 417.5929 450.7178
451 391.4724 443.2257
452 371.6914 434.3139
453 357.9890 426.0845
454 531.1965 483.6336
455 371.8995 561.6998
456 344.9082 480.7464
457 345.2044 550.1013
458 331.7465 561.6972
459 344.1545 553.8832
460 364.9638 569.1146
461 327.7757 564.1786
462 325.0568 569.0323
463 359.4123 406.7851
464 347.5701 412.8946
465 342.6025 416.7324
466 459.5886 401.0941
467 469.7716 396.7566
