# Image: /home/yaroslav/Projects/Diia.AIContest-AdAstrum/fixtures/FLUXSynID-processed/008905d3ab5f/008905d3ab5f_m_live_0_a_d1.jpg
# Mode: stream
# Status: fail
# Errors: image_blurry_or_out_of_focus: Image is blurry (sharpness score: 25.10); face_not_looking_straight_at_camera: Head is turned 176.3° (max: 15.0°); face_not_looking_straight_at_camera: Head is tilted up/down 15.3° (max: 10.0°); head_is_tilted: Head is tilted 20.9° (max: 10.0°)

# 2D Landmarks (index x y)
0 291.0043 699.3135
1 276.9847 610.5016
2 288.3179 633.8995
3 263.2320 526.6106
4 275.1903 585.4652
5 277.4225 551.5672
6 287.2701 467.2704
7 157.6686 456.8987
8 289.6771 412.5599
9 288.4551 382.3280
10 291.3427 266.5728
11 291.9601 712.3509
12 293.9446 721.6070
13 296.3623 725.0882
14 297.5156 736.7795
15 297.2649 748.8139
16 297.7683 762.9456
17 299.2165 777.3687
18 303.8926 794.5726
19 280.3525 622.2046
20 263.0531 619.7118
21 107.2989 374.6676
22 216.5920 475.5775
23 196.8731 478.3949
24 177.5473 479.1155
25 153.3955 466.3757
26 232.3238 469.5331
27 182.6451 419.6067
28 205.6876 419.8056
29 162.8088 424.3522
30 150.9389 432.7554
31 140.1121 484.7218
32 230.2934 819.1224
33 150.5526 451.1169
34 101.3628 473.1781
35 121.4231 469.9213
36 195.1914 584.4474
37 264.2690 695.1770
38 272.3388 721.6151
39 240.0287 701.7960
40 227.5027 711.6238
41 255.0893 722.0480
42 242.8458 724.3904
43 208.4176 746.4913
44 259.2169 609.6301
45 254.3556 586.1290
46 124.6089 417.5060
47 234.1736 520.1242
48 217.1333 600.1233
49 217.7827 586.3002
50 145.0470 580.5970
51 258.0239 554.2385
52 163.2364 394.0679
53 138.7563 401.9689
54 117.9188 335.3200
55 248.6862 408.3903
56 226.0698 426.1551
57 193.2658 722.8951
58 135.5256 689.5840
59 233.4873 613.5277
60 251.1224 622.1870
61 214.1191 728.9493
62 224.6899 727.9281
63 130.4694 388.1763
64 219.2515 610.8911
65 198.8318 394.2565
66 194.0244 376.2932
67 180.6124 281.8669
68 124.2039 360.7678
69 188.4356 327.6217
70 116.3865 407.6878
71 111.7708 392.4067
72 267.5038 710.6775
73 247.9757 714.3262
74 234.8566 718.5160
75 239.4903 618.3194
76 219.2556 729.2700
77 226.1297 735.1609
78 227.8957 725.7540
79 240.9947 606.3068
80 249.0507 722.9229
81 261.5106 723.2690
82 277.4517 724.4680
83 274.8092 793.2096
84 270.9766 774.8267
85 271.5061 760.0141
86 273.4058 745.5308
87 276.0695 735.7856
88 245.3524 731.7074
89 241.3483 735.4856
90 235.6583 742.4392
91 231.3396 750.0016
92 209.7861 679.4124
93 117.1400 572.0394
94 284.3392 626.5174
95 237.7915 729.7246
96 231.9699 732.0627
97 259.4584 634.3137
98 229.0355 626.4960
99 255.2086 628.6193
100 215.6753 534.4980
101 185.7866 552.0685
102 217.0994 597.0884
103 140.0308 303.5959
104 148.1757 338.4591
105 156.5338 376.5209
106 225.8105 762.8314
107 240.0011 379.5251
108 234.2807 324.2514
109 229.3024 270.6437
110 161.8821 475.1849
111 122.0362 502.8810
112 242.0745 463.3369
113 135.1616 441.9557
114 246.6572 504.5274
115 226.9261 591.8531
116 106.0058 518.5829
117 132.2296 520.3407
118 154.8951 529.2092
119 191.2330 523.6238
120 217.4599 511.9952
121 236.3535 500.3804
122 268.7684 473.5803
123 108.6567 568.5886
124 121.9622 440.5490
125 269.4594 621.3385
126 232.3944 545.7118
127 108.4302 469.4924
128 250.3823 487.9115
129 218.9397 597.7635
130 145.9420 453.5390
131 228.1730 575.1434
132 122.2686 628.7089
133 241.8054 453.8940
134 242.2411 562.2691
135 157.9287 754.9193
136 167.1654 779.2632
137 102.5333 571.3991
138 139.2660 719.3164
139 106.3399 428.8673
140 227.6288 842.9990
141 275.0573 625.7824
142 216.9743 564.1242
143 109.5289 474.4229
144 177.5235 463.7757
145 195.5252 464.5524
146 220.9726 738.8496
147 115.4944 615.7585
148 267.5477 879.4785
149 210.4490 839.9193
150 189.3632 814.4094
151 289.2135 323.5949
152 314.3528 886.3655
153 212.6032 462.3345
154 228.3100 458.1301
155 237.7386 455.9027
156 112.5154 436.3078
157 224.1442 437.2423
158 206.3806 430.7834
159 187.2518 429.8846
160 169.0296 434.7235
161 158.9661 441.8768
162 104.4788 416.5411
163 165.6798 460.8095
164 290.0366 654.6496
165 223.0005 664.3832
166 231.7836 609.8570
167 259.6086 657.5114
168 290.4507 438.2349
169 179.3246 788.8422
170 202.3309 815.6677
171 262.3892 863.0575
172 151.0517 740.2114
173 235.9735 447.2068
174 253.5611 513.7577
175 309.4457 869.2638
176 235.0006 862.8758
177 110.2859 623.3155
178 258.5712 733.8576
179 254.7935 740.9028
180 250.7005 751.6108
181 248.0695 764.3701
182 246.6832 779.8708
183 232.2046 725.8844
184 224.6850 723.8644
185 218.1448 719.6362
186 198.6988 699.7506
187 136.3005 631.1352
188 258.0647 487.6320
189 255.2649 440.6963
190 243.9943 441.7892
191 238.5125 722.5268
192 139.7940 687.8067
193 267.2542 441.6580
194 239.1318 797.1676
195 280.7833 522.4970
196 265.2173 501.2859
197 284.0115 495.8054
198 238.7183 552.6978
199 306.4985 844.1149
200 305.0377 816.0596
201 270.2428 813.0687
202 192.1791 750.5401
203 205.6461 618.2867
204 213.5589 776.5021
205 169.1220 613.6066
206 192.0630 643.6917
207 157.7491 652.1673
208 263.6565 839.4845
209 229.0376 565.6824
210 179.5551 764.7877
211 204.5994 792.9148
212 176.3322 720.2720
213 123.5307 656.3960
214 158.0330 718.7311
215 121.5835 672.4243
216 181.1089 676.7253
217 243.2991 529.3733
218 233.5307 602.7104
219 223.2048 608.2045
220 239.0531 587.8828
221 238.1119 422.5888
222 203.8027 412.0478
223 174.6425 411.6160
224 152.1611 416.2200
225 139.0851 426.1867
226 135.9690 462.0896
227 99.2583 521.4606
228 149.3617 494.5757
229 168.2590 501.0688
230 193.8321 499.1560
231 218.0639 492.1599
232 236.1227 483.9304
233 248.4772 476.5268
234 114.3323 520.1078
235 225.7739 614.5788
236 249.5610 537.3776
237 245.5682 605.1253
238 260.0856 616.4238
239 248.0932 608.1722
240 233.3819 622.4182
241 263.2068 619.4943
242 267.9907 623.7818
243 248.4004 456.2557
244 258.2783 463.8861
245 261.2106 469.4434
246 154.0105 447.0686
247 144.3549 441.5017
248 300.9660 526.1341
249 456.7879 452.0676
250 308.0023 619.0811
251 556.9053 360.8876
252 391.1547 472.3773
253 413.1596 474.3426
254 435.5674 474.3878
255 466.8316 461.3563
256 372.7125 467.0121
257 421.3393 414.1910
258 396.4830 415.0538
259 444.4543 418.4972
260 460.5573 426.5837
261 486.7498 478.4266
262 395.3559 822.0587
263 466.6409 446.0681
264 568.9605 463.0588
265 515.8255 462.5377
266 408.6873 581.2645
267 320.3929 693.9922
268 319.0501 720.7100
269 353.3038 700.2060
270 374.8332 708.6614
271 342.8945 720.5455
272 361.5053 721.7085
273 412.5075 744.0955
274 296.8484 609.0011
275 298.6283 585.4175
276 493.7278 410.0621
277 362.8353 518.0078
278 363.4099 598.3011
279 366.1407 584.3553
280 476.2433 575.6512
281 299.3050 553.6605
282 433.5115 387.5435
283 467.9399 395.0142
284 526.2592 321.5055
285 334.6170 406.2598
286 375.7830 422.4323
287 427.0194 719.4918
288 564.7375 688.7672
289 347.8644 612.1233
290 328.8105 621.1584
291 402.9158 724.8357
292 392.0389 724.1656
293 481.0069 380.1892
294 367.1852 609.0651
295 389.4062 389.2903
296 392.9875 370.6321
297 421.6597 272.5757
298 502.2933 349.8890
299 404.1007 320.1041
300 509.7058 399.0292
301 532.6217 381.2966
302 319.9070 709.8175
303 346.9148 712.7219
304 367.6314 715.7553
305 343.0510 617.2030
306 397.1442 725.0603
307 387.1459 731.8106
308 389.5464 722.4625
309 329.2006 605.0680
310 358.2004 720.0800
311 339.9398 721.5959
312 318.6014 723.4682
313 335.9441 793.2395
314 330.3592 774.3080
315 326.6977 759.5204
316 323.7181 744.9670
317 321.9088 735.1836
318 363.7448 729.2031
319 367.3499 733.0978
320 373.4398 740.0906
321 379.4715 747.9504
322 392.5907 676.5717
323 586.8339 565.5990
324 376.0929 726.9001
325 380.9323 728.8226
326 320.5725 633.3834
327 361.3225 624.8586
328 324.4689 627.4779
329 386.8680 531.5402
330 422.3224 547.9932
331 372.0620 595.0730
332 483.0505 290.8681
333 461.2713 328.7233
334 441.5437 368.9333
335 392.5544 762.0840
336 340.3930 376.2377
337 349.1040 320.2078
338 360.1309 265.5761
339 455.2296 470.1901
340 512.9389 495.7434
341 360.8625 461.4003
342 486.2809 435.5920
343 345.3268 503.0495
344 344.2092 590.2881
345 541.7049 511.0095
346 494.2767 513.8095
347 462.7121 523.5228
348 418.8160 519.4821
349 387.8643 508.9267
350 364.6919 498.2471
351 309.8344 472.7456
352 537.4480 562.4086
353 507.1672 433.0461
354 292.4716 620.9804
355 360.5892 543.8340
356 586.7131 458.2894
357 346.0516 486.2880
358 376.3362 595.5948
359 474.9322 448.0060
360 347.3013 573.5150
361 581.7666 625.0656
362 362.4528 452.1521
363 322.9738 561.1514
364 500.7127 757.1142
365 508.6879 783.0637
366 572.0770 565.0627
367 529.1654 719.8774
368 552.3207 417.6060
369 404.3229 847.0051
370 293.9368 625.2478
371 382.3644 561.5571
372 538.7517 465.9935
373 432.1030 459.2198
374 412.3758 460.4205
375 393.9894 735.5038
376 535.3062 611.3554
377 364.5383 882.2972
378 440.7958 845.3955
379 472.7725 819.6861
380 394.2593 458.7680
381 377.3328 455.2464
382 366.9334 453.6791
383 526.6600 427.3478
384 381.6956 434.7074
385 401.1550 427.6419
386 420.7355 426.5181
387 440.4807 430.8071
388 452.9526 437.4341
389 576.0952 403.4871
390 446.2806 456.1204
391 371.6736 662.3568
392 346.4653 608.3119
393 323.4811 656.5954
394 470.8524 792.7116
395 439.6442 820.4215
396 360.3810 865.6812
397 538.3076 741.9192
398 368.3941 445.3772
399 324.6221 512.7100
400 405.1403 867.4536
401 566.9492 619.3097
402 344.2631 732.2623
403 348.0097 739.3550
404 352.8916 750.3283
405 357.5745 763.2819
406 367.9127 779.7766
407 379.2204 722.4569
408 385.9221 720.1791
409 392.7196 715.7367
410 412.3420 696.4167
411 498.2971 627.3580
412 327.0125 486.4547
413 341.4619 439.0272
414 357.0336 439.7180
415 374.2848 719.3549
416 509.5730 686.2021
417 319.8062 440.5426
418 382.0490 798.7531
419 305.8469 500.6279
420 342.2163 551.1567
421 343.9958 814.2741
422 435.3956 750.1936
423 395.4689 615.6744
424 412.5526 777.5324
425 443.2515 610.0468
426 414.8338 640.9308
427 465.8271 649.1151
428 353.1949 841.1903
429 359.7853 563.6498
430 458.2053 766.5282
431 428.2889 796.0160
432 450.0350 718.1719
433 532.3660 653.5548
434 481.0422 717.9968
435 555.1724 670.6257
436 434.1702 673.6296
437 342.3473 527.8601
438 336.1106 601.3405
439 356.0798 606.6095
440 322.2493 586.7352
441 356.7474 420.1548
442 392.4919 407.7269
443 424.8582 405.7606
444 453.0724 409.7662
445 473.9856 419.4626
446 492.2880 455.8053
447 573.6104 513.0727
448 472.4824 488.6966
449 447.9175 495.7492
450 417.2362 494.9670
451 389.3201 489.1034
452 367.9346 481.7519
453 352.4013 474.8014
454 587.5633 511.1980
455 357.8056 613.0203
456 321.6671 536.3128
457 315.7359 604.1217
458 306.2864 615.8569
459 318.0702 607.2839
460 352.7351 621.0555
461 300.5924 618.7809
462 302.3319 623.3345
463 353.2147 454.6189
464 339.8085 462.5674
465 331.3444 468.2123
466 460.4968 442.2984
467 472.5497 435.5000
