# Image: /home/yaroslav/Projects/Diia.AIContest-AdAstrum/fixtures/FLUXSynID-processed/010babc2a342/010babc2a342_f_live_0_e_d1.jpg
# Mode: stream
# Status: fail
# Errors: image_blurry_or_out_of_focus: Image is blurry (sharpness score: 39.87); strong_shadows_on_face: Strong shadows or uneven lighting detected (difference: 39.6); face_not_looking_straight_at_camera: Head is turned 171.7째 (max: 15.0째); head_is_tilted: Head is tilted 27.0째 (max: 10.0째); face_too_small_in_frame: Face occupies only 48.9% of frame (min: 50.0%)

# 2D Landmarks (index x y)
0 332.1884 654.9706
1 324.8936 591.9872
2 324.9225 609.0243
3 296.0084 520.6507
4 322.0239 570.4215
5 317.0032 540.4684
6 304.1101 467.1221
7 157.3589 473.7801
8 296.7981 420.8352
9 293.3302 393.8028
10 277.0816 282.2728
11 333.5172 664.5227
12 333.9572 669.9990
13 333.5897 670.4108
14 334.7381 675.5293
15 336.1597 683.3485
16 337.6742 693.1739
17 339.1482 704.1823
18 340.7663 723.1141
19 325.5048 601.7900
20 304.9645 600.3278
21 68.9460 402.6901
22 219.1506 485.0768
23 199.6493 489.0991
24 180.1133 490.9005
25 151.2742 482.6692
26 234.7667 478.3012
27 184.9874 442.7949
28 206.2985 440.6976
29 165.8446 448.3458
30 153.2754 455.9754
31 137.3950 498.6630
32 269.0212 765.1917
33 148.6140 469.4860
34 73.8800 494.2496
35 112.0109 489.2156
36 216.0590 576.2024
37 304.9366 654.3310
38 309.7247 671.7028
39 277.6294 660.2038
40 259.6963 666.3578
41 289.0476 672.8061
42 272.3374 673.7435
43 238.4777 695.7646
44 307.6421 593.3286
45 302.4935 572.6997
46 119.4068 442.8484
47 249.8007 518.7101
48 256.4055 587.0599
49 253.4446 574.9528
50 154.5737 578.9936
51 299.1358 544.7712
52 166.8229 418.3817
53 138.4639 427.6894
54 84.5572 364.8384
55 256.6043 422.6681
56 225.4529 443.7061
57 218.8663 677.6686
58 120.6718 680.5488
59 271.8813 596.8014
60 289.9556 601.7082
61 237.7737 674.7393
62 246.1931 673.7331
63 124.6734 415.0902
64 255.6013 594.4246
65 205.6260 415.2720
66 199.1739 398.1908
67 161.3535 307.4892
68 105.2288 388.6567
69 182.3308 350.2607
70 105.0245 434.1564
71 87.3124 419.1331
72 307.4996 665.4648
73 284.5582 668.4660
74 266.5684 670.4851
75 277.0990 599.4735
76 242.0382 674.2270
77 253.7998 679.3331
78 248.3999 673.0162
79 283.7804 592.2011
80 275.0040 671.1614
81 292.2064 671.7120
82 311.7756 671.7892
83 312.7686 726.6780
84 312.5753 706.1296
85 312.0522 694.1956
86 311.6243 684.3682
87 312.1043 677.4774
88 273.4543 676.8723
89 271.1317 679.3043
90 268.1911 684.7001
91 265.9242 691.7477
92 240.0480 646.5498
93 83.8805 582.1514
94 325.1714 604.5080
95 261.7928 675.8491
96 257.9262 676.8308
97 298.5236 610.7328
98 263.5600 605.0293
99 294.4269 606.5053
100 230.5374 532.5854
101 199.3315 550.1887
102 250.4636 583.1959
103 113.5826 332.7028
104 135.4466 365.1200
105 156.9430 401.7816
106 258.9027 709.2095
107 246.1960 396.2170
108 230.5029 341.9327
109 214.1032 291.9142
110 162.3783 489.1318
111 117.8371 516.2210
112 244.3099 471.9525
113 131.5050 463.9976
114 262.2387 504.2450
115 269.2563 580.4558
116 98.1033 532.3980
117 134.5605 528.9205
118 162.3531 533.6691
119 200.3970 526.0458
120 227.3198 514.2314
121 246.3839 502.4008
122 285.6139 474.8658
123 106.9715 575.0250
124 113.8532 463.8701
125 315.1213 602.0796
126 254.6331 540.1536
127 65.0972 490.4861
128 260.1922 489.9491
129 247.9440 583.2409
130 143.5628 473.1437
131 266.0969 565.6139
132 98.3854 631.0617
133 242.1463 463.9903
134 282.0823 553.3537
135 174.3893 726.0072
136 179.4461 746.9845
137 87.3448 581.2483
138 143.7764 701.6550
139 79.2108 453.0652
140 268.8766 784.8012
141 316.8861 604.5603
142 238.2115 556.7025
143 94.8620 494.5764
144 179.5997 477.7087
145 197.4427 477.1091
146 249.8241 683.2892
147 115.4522 615.9875
148 309.2385 804.6212
149 245.4204 785.8161
150 215.7007 770.3429
151 285.2376 335.9872
152 349.7059 801.9620
153 213.8716 473.7954
154 228.9588 468.9472
155 238.2030 466.1870
156 97.8934 460.4830
157 222.1137 449.1476
158 203.8933 444.2336
159 185.9411 445.0576
160 168.4608 451.3440
161 158.3869 459.2838
162 62.9801 441.8789
163 166.6989 476.2079
164 327.0579 623.4225
165 258.2626 634.5434
166 271.6735 594.7348
167 298.6679 627.4664
168 299.7367 442.2499
169 207.1549 749.7317
170 237.0759 767.6512
171 306.4751 794.3005
172 148.8810 719.1606
173 235.7474 457.9350
174 277.8450 510.8996
175 349.2217 790.4230
176 275.8879 798.1880
177 100.0539 625.8409
178 291.3099 677.6023
179 289.4373 682.5793
180 288.2676 690.4544
181 287.6265 701.1855
182 283.3566 720.3933
183 256.3262 673.5925
184 250.8216 672.5977
185 245.0250 670.2749
186 224.6987 661.1211
187 143.4320 624.9405
188 274.1687 488.3088
189 257.2564 450.2987
190 244.2460 454.1323
191 260.0626 670.6678
192 147.6543 672.9360
193 274.9019 448.4005
194 275.2389 742.6821
195 312.5360 515.3920
196 290.6930 498.8892
197 308.4707 492.0625
198 268.6396 545.5565
199 347.2315 771.3092
200 343.7724 745.7118
201 309.2812 750.1368
202 222.7599 707.7752
203 233.5704 601.3720
204 247.7532 728.3900
205 186.1446 603.8606
206 216.7902 623.6371
207 172.4762 637.5084
208 306.2451 775.7632
209 257.4215 557.0444
210 209.2300 726.3852
211 239.2987 746.9091
212 201.7107 684.4740
213 125.3246 650.0516
214 177.5485 691.6204
215 116.8726 666.1269
216 202.4898 649.3836
217 266.5777 525.2856
218 276.9942 589.7466
219 263.2427 593.7326
220 284.8517 576.2159
221 240.3572 438.3532
222 207.4848 433.5393
223 178.9919 435.3024
224 155.3288 440.7723
225 139.0319 449.8946
226 130.3272 480.9583
227 77.8811 537.6734
228 150.4894 505.9361
229 172.7679 509.5573
230 199.4439 506.0900
231 223.5872 498.3954
232 241.6153 489.5088
233 253.7338 481.4664
234 73.7893 535.8499
235 263.7183 597.5802
236 281.4648 531.3644
237 292.4762 590.9991
238 304.2250 598.6038
239 292.2936 593.2751
240 269.6610 602.3289
241 308.5074 600.8281
242 310.1213 603.4772
243 249.6394 465.5854
244 262.3665 469.5267
245 269.6097 473.0135
246 152.8629 465.0393
247 143.6216 463.5238
248 329.4665 516.0591
249 438.9690 436.7352
250 342.3311 595.0186
251 493.2605 347.6151
252 384.3514 463.2652
253 404.2343 462.0682
254 422.8557 458.5599
255 446.0011 443.6424
256 367.4408 460.8298
257 406.1093 414.0485
258 385.0812 417.2710
259 425.4673 414.7679
260 438.6655 419.0115
261 462.6515 454.8351
262 416.1404 742.9920
263 445.2758 430.6127
264 511.5549 435.1737
265 481.7477 439.3148
266 415.0552 548.5063
267 357.3766 646.7760
268 356.9435 664.7954
269 383.4303 644.6715
270 400.5921 645.5094
271 375.5993 660.0275
272 390.3385 656.1896
273 425.5761 668.0876
274 341.2339 588.5913
275 340.7102 567.3762
276 466.2582 397.1746
277 367.1157 502.7659
278 382.8362 569.4274
279 381.5711 557.1023
280 471.1447 534.9074
281 334.9570 539.8249
282 418.4812 385.4788
283 446.3881 387.4031
284 472.8642 314.9391
285 335.4787 412.1108
286 367.4518 425.0827
287 438.4033 645.5614
288 510.0122 624.8258
289 370.6451 582.9912
290 355.4208 592.6718
291 420.6916 647.6686
292 412.2025 648.9986
293 455.2213 371.9709
294 384.3641 576.4822
295 381.6388 392.1083
296 383.5644 374.0068
297 391.6884 278.1778
298 463.4642 342.1088
299 385.5820 324.0523
300 475.8915 385.3978
301 484.9560 367.1891
302 358.0180 658.0995
303 379.1950 654.4885
304 395.5017 651.3540
305 366.3145 587.0504
306 416.4666 648.2693
307 407.9019 656.3534
308 409.4804 649.1438
309 360.2183 581.4682
310 386.2645 654.6319
311 371.5861 659.9807
312 354.2759 665.5778
313 367.8456 718.5214
314 364.3319 698.3541
315 361.9035 686.8126
316 359.1643 677.4496
317 356.3411 670.9557
318 389.7416 659.4350
319 392.9313 661.1137
320 397.3277 665.4627
321 401.2426 671.5567
322 412.5596 621.7217
323 516.7958 522.1304
324 399.0641 655.4359
325 403.3871 655.1940
326 349.9154 603.4612
327 379.1920 588.8796
328 352.5447 598.3253
329 388.7959 510.8490
330 422.9591 519.3475
331 385.7353 564.3910
332 440.3789 290.7023
333 431.5454 326.7832
334 423.1072 367.0263
335 411.1530 686.5636
336 339.0380 383.9803
337 338.7787 327.9885
338 339.1928 275.9895
339 438.2812 452.3952
340 484.5021 466.2854
341 356.6872 457.3458
342 459.7009 420.6598
343 352.0149 492.0386
344 370.6931 566.4081
345 504.5830 476.6762
346 474.1322 482.5427
347 451.3951 493.9796
348 414.4560 496.7749
349 385.8507 492.6074
350 364.8098 486.4563
351 323.4700 469.6539
352 508.4174 519.2714
353 474.9606 415.7618
354 335.3062 599.1328
355 369.3645 524.4839
356 512.4267 430.4827
357 348.7383 478.0941
358 386.8899 563.8790
359 450.3726 432.8109
360 368.5347 551.5127
361 516.2471 572.3846
362 356.0701 449.1189
363 352.0423 543.6181
364 484.3713 680.5061
365 480.7284 702.1198
366 520.9120 521.0381
367 503.2968 649.5951
368 498.2513 397.4007
369 420.2351 761.5765
370 332.9003 602.3563
371 388.6516 535.8440
372 496.9962 440.1422
373 420.1201 446.1409
374 403.2098 450.2144
375 412.5837 659.0800
376 510.5750 560.4938
377 387.8196 792.5169
378 437.1239 756.3307
379 457.3610 733.6495
380 386.3457 451.3208
381 370.2616 450.3624
382 360.4745 450.1613
383 486.9092 408.5249
384 371.2862 429.5097
385 387.5718 420.0497
386 405.0679 416.3296
387 423.1630 418.0102
388 434.3660 423.1489
389 505.3618 383.7460
390 431.4488 441.3841
391 392.8209 615.3159
392 370.9134 580.7677
393 354.9746 619.3964
394 462.8610 711.5476
395 441.9159 736.4558
396 389.8288 781.5289
397 497.4721 668.3206
398 360.6234 441.4561
399 341.5642 502.2229
400 415.3586 776.6137
401 520.3356 566.6272
402 374.7589 665.0950
403 378.3924 669.3923
404 382.0165 676.3894
405 385.2690 686.5341
406 392.7480 704.0045
407 403.8139 651.7301
408 409.0138 649.1663
409 413.9291 645.2558
410 429.7824 631.3527
411 491.2548 575.9548
412 337.1646 479.7469
413 339.5502 439.4429
414 352.0292 440.0087
415 398.7951 650.2365
416 496.9607 622.8956
417 324.2463 441.8563
418 404.7150 723.0412
419 326.9948 493.8955
420 359.5602 533.0108
421 376.9225 739.8939
422 441.7670 675.6640
423 405.2367 577.2501
424 424.9766 701.9051
425 450.1652 566.7636
426 427.1562 593.9460
427 470.2429 595.3794
428 386.4061 763.6897
429 371.7911 541.3158
430 457.3661 689.7178
431 436.3982 717.3264
432 455.0869 647.5530
433 509.4758 595.6065
434 476.7889 648.2871
435 516.0255 609.1294
436 446.5178 614.4673
437 354.9461 513.2281
438 366.1613 577.2314
439 378.5209 577.6463
440 356.7330 566.2567
441 352.7897 423.4019
442 383.2061 410.4434
443 410.6385 405.3339
444 433.8794 404.6234
445 450.4559 409.2673
446 464.0221 436.4297
447 518.6645 477.3173
448 453.4134 464.9853
449 434.6519 474.0455
450 409.1381 477.8619
451 384.1866 476.8115
452 364.7068 473.0901
453 351.1913 468.5180
454 514.5018 475.6860
455 378.2165 581.6182
456 345.2170 522.5707
457 353.7035 582.3970
458 343.6149 593.0100
459 353.3711 584.5949
460 373.5303 587.8830
461 340.9028 596.2716
462 338.6991 599.3662
463 349.8490 452.4799
464 339.8122 459.3319
465 335.3844 464.2924
466 440.6439 427.3363
467 448.6244 423.5841
