# Image: /home/yaroslav/Projects/Diia.AIContest-AdAstrum/fixtures/FLUXSynID-processed/00ede72d6139/00ede72d6139_f_live_0_p_d1.jpg
# Mode: stream
# Status: fail
# Errors: strong_shadows_on_face: Strong shadows or uneven lighting detected (difference: 33.5); head_is_tilted: Head is tilted 18.1° (max: 10.0°); face_too_small_in_frame: Face occupies only 43.2% of frame (min: 50.0%)

# 2D Landmarks (index x y)
0 293.8000 553.7238
1 298.3978 482.0875
2 296.5334 511.8935
3 285.3389 427.7358
4 299.9630 462.2754
5 301.4509 441.1802
6 304.7768 395.6043
7 166.5529 396.4046
8 307.3912 358.4221
9 309.1586 335.5820
10 314.4056 266.2122
11 293.0927 563.7537
12 292.1619 573.2768
13 291.4079 578.9606
14 291.4193 582.8434
15 291.0343 589.6847
16 290.0675 599.5887
17 288.8695 611.5048
18 285.8959 636.5199
19 297.5010 494.7329
20 278.9053 497.6676
21 103.6126 349.1655
22 218.4310 414.0144
23 199.3617 414.4872
24 181.4712 413.2350
25 158.2952 404.3521
26 235.0617 410.2050
27 199.2419 364.4215
28 218.8297 367.1186
29 180.1661 366.2964
30 166.7023 373.0098
31 140.6217 417.9579
32 201.1435 669.9524
33 160.5469 392.2263
34 83.3803 422.1537
35 120.1973 407.3818
36 197.9097 484.0898
37 268.5538 550.2546
38 270.9024 573.3086
39 241.1812 560.2204
40 223.8782 573.0541
41 251.6114 576.9753
42 236.4747 582.7984
43 194.1710 608.8544
44 281.8056 481.1946
45 280.2133 462.5430
46 139.5238 355.5279
47 240.7537 439.6553
48 233.0682 485.8900
49 232.3010 477.7674
50 139.4875 484.7759
51 282.8652 442.9262
52 186.4949 331.9594
53 159.5707 339.6223
54 126.5244 313.4263
55 267.6395 351.0337
56 235.8516 374.6845
57 180.7950 591.8148
58 74.1489 606.3348
59 247.5039 497.7288
60 264.0352 504.2373
61 204.7631 593.7503
62 213.9982 592.3658
63 149.9956 330.0595
64 231.5509 497.5987
65 221.7515 334.6350
66 219.4429 320.6857
67 207.4258 269.2399
68 138.6104 320.8873
69 215.4185 293.2223
70 128.6428 351.2133
71 116.1752 350.8897
72 269.4025 562.8135
73 247.0631 569.9292
74 230.3913 578.0304
75 252.3643 502.5072
76 209.6385 593.5057
77 218.1828 592.9808
78 216.0879 591.2917
79 259.6150 485.8470
80 240.2938 583.4341
81 255.4282 580.0353
82 272.8131 578.4659
83 258.7863 634.7816
84 263.8222 609.4823
85 266.7238 597.2997
86 269.1957 587.5642
87 271.3163 582.0267
88 237.0867 586.0990
89 234.1556 588.0112
90 229.2555 592.9532
91 224.1884 600.0391
92 207.9910 551.6027
93 67.6298 514.5769
94 296.9430 502.5012
95 227.0111 589.2141
96 223.2048 590.0185
97 270.4154 512.7559
98 237.8064 511.8564
99 267.3932 508.6843
100 219.1230 450.9567
101 186.8628 462.5551
102 228.2237 488.7325
103 159.5021 285.7576
104 170.1575 300.6322
105 180.7269 319.3780
106 210.4247 618.5475
107 263.6612 327.5800
108 260.8013 295.0119
109 257.0765 264.1062
110 166.3612 410.4102
111 117.6898 431.9676
112 246.1440 405.3827
113 145.0430 380.9806
114 256.1604 426.6094
115 246.9261 474.8343
116 94.3833 447.2659
117 129.6527 442.5569
118 154.1451 447.4134
119 191.6093 444.4349
120 219.4207 437.3977
121 241.0663 428.7001
122 285.4805 399.9275
123 92.1758 485.0483
124 129.2183 380.0370
125 287.6055 493.7058
126 240.7284 455.0893
127 77.0195 432.1794
128 257.3870 418.2111
129 226.2163 493.1892
130 153.5355 393.7363
131 246.5113 465.4593
132 66.5953 559.3670
133 247.0203 399.2748
134 264.6667 451.7365
135 112.9491 636.2090
136 108.9791 666.0001
137 70.5905 498.9652
138 91.8628 612.6986
139 100.1636 384.4939
140 192.0824 693.8689
141 289.3188 501.3989
142 222.0786 470.2398
143 103.0185 413.8132
144 184.4784 401.7749
145 200.4496 403.9905
146 212.3580 597.2121
147 90.9669 523.3752
148 228.3409 727.7104
149 163.1939 703.0987
150 136.9851 688.0176
151 311.8909 299.8785
152 275.7489 734.5423
153 216.1503 404.0714
154 231.3863 402.3951
155 241.5217 401.1509
156 115.5388 380.2808
157 231.7867 387.9043
158 215.8739 383.1515
159 200.4204 381.0077
160 184.1987 382.4188
161 173.2080 386.1702
162 87.9455 386.3140
163 173.8072 398.9816
164 295.6343 525.5458
165 226.6711 538.3453
166 247.5920 492.7450
167 267.0435 527.6164
168 305.9250 378.8739
169 137.2828 659.4894
170 162.7108 677.0537
171 230.3813 706.5904
172 89.2887 641.6249
173 242.6075 394.3360
174 269.7730 425.4446
175 277.9551 713.2768
176 192.8634 716.3196
177 70.5148 540.8721
178 253.0038 582.7618
179 249.5499 586.8568
180 245.6910 594.3062
181 241.7033 605.1396
182 231.6589 627.4310
183 223.2369 588.7422
184 217.0537 586.9720
185 210.9177 584.0662
186 191.3459 570.3443
187 118.5841 528.0741
188 271.4283 411.8810
189 264.1126 385.0900
190 251.7865 388.4567
191 227.6925 586.8868
192 107.9942 578.6791
193 280.9162 381.6057
194 215.6315 648.7285
195 302.5594 425.2078
196 284.9136 414.2370
197 303.6328 410.5840
198 253.2501 453.4676
199 280.6681 687.5190
200 283.4832 659.8168
201 248.2704 657.2927
202 170.5889 616.8782
203 209.1670 509.1998
204 190.1098 636.0493
205 165.5169 505.8024
206 189.8004 527.7385
207 144.4405 539.0909
208 237.1991 682.4139
209 239.7089 466.7455
210 149.0468 633.3065
211 173.8899 653.4730
212 157.7576 593.1737
213 91.1548 557.3202
214 130.4822 597.4210
215 75.5345 579.2449
216 171.2435 555.5450
217 255.6640 440.0764
218 253.2400 482.1439
219 239.0797 491.4155
220 262.8560 467.1751
221 250.4612 367.8884
222 220.7608 355.0162
223 194.5370 351.5085
224 171.8979 354.6888
225 155.4192 364.1887
226 139.0556 400.5505
227 74.1242 459.4904
228 150.2223 424.2691
229 169.2041 428.4327
230 194.5284 428.6054
231 219.2813 425.0943
232 239.1503 419.5377
233 253.1855 413.3630
234 72.1963 473.9013
235 239.1823 499.0983
236 268.7019 438.0326
237 267.8032 479.7889
238 278.3035 492.2433
239 267.6947 485.0559
240 244.3950 506.8243
241 281.7170 492.8077
242 282.9788 500.3271
243 254.0844 399.6793
244 264.8641 403.1960
245 270.5941 403.8638
246 166.2629 389.3238
247 156.1873 381.5171
248 318.9259 430.3715
249 438.2608 418.1896
250 315.1955 500.2778
251 507.4026 382.1787
252 384.7559 426.9989
253 403.2544 430.3476
254 420.9576 431.9288
255 445.3466 427.4339
256 369.3415 420.9076
257 410.3554 382.7798
258 390.9404 382.3016
259 428.6641 387.5368
260 440.8219 396.1697
261 460.3539 443.5770
262 361.3641 682.8135
263 444.7306 415.4332
264 516.5648 457.9309
265 482.0295 437.3377
266 394.8358 498.4821
267 318.7421 552.9899
268 312.7590 575.7023
269 343.8788 565.8510
270 358.7169 580.4652
271 331.1275 581.2051
272 344.8702 588.7383
273 380.7327 621.1083
274 315.0984 483.7318
275 318.9440 465.4037
276 470.2688 384.4664
277 359.3226 448.7799
278 361.4051 495.0396
279 363.1040 487.1925
280 451.3829 508.2671
281 319.4142 445.8476
282 428.3284 354.6995
283 453.1622 366.1651
284 490.1002 343.2022
285 346.8503 358.7554
286 373.5615 386.7201
287 396.6377 605.7561
288 495.8182 642.1124
289 345.6253 504.5275
290 328.5500 508.6248
291 373.9845 603.1895
292 365.0371 600.4819
293 463.8008 358.4297
294 361.0194 506.5065
295 393.8631 350.8646
296 398.1252 337.5642
297 418.8890 286.3711
298 476.9945 349.7250
299 407.1964 310.0358
300 481.6074 381.7711
301 494.5309 382.7570
302 316.1716 565.3036
303 336.9008 574.7155
304 351.5257 584.5875
305 340.1965 508.3069
306 369.1025 602.0347
307 361.2486 600.8981
308 362.8915 599.2670
309 335.6477 491.4550
310 340.7743 588.6624
311 326.5912 583.6911
312 309.4746 580.4091
313 312.6314 638.5394
314 313.5784 612.6710
315 313.6424 600.0565
316 312.7419 590.0488
317 311.4932 584.4009
318 343.8289 592.0824
319 346.5232 594.4181
320 350.4571 600.1358
321 354.2396 607.9573
322 376.4520 562.4295
323 517.1729 552.5297
324 352.9331 596.2634
325 356.6598 597.4468
326 321.6131 516.1576
327 352.9168 519.3997
328 324.9398 512.5144
329 378.7395 463.0348
330 408.3983 479.1475
331 365.3042 498.1285
332 462.6410 310.7983
333 449.8120 324.9607
334 436.0263 343.0619
335 362.9308 628.8569
336 354.4151 336.5072
337 362.7325 303.7431
338 371.1960 273.0696
339 436.4322 431.6494
340 480.6824 461.0131
341 359.5855 414.6887
342 461.5509 407.7214
343 346.4447 433.7589
344 349.5448 482.4600
345 501.1195 480.2841
346 467.2709 468.9545
347 442.4517 469.6951
348 406.1903 461.0118
349 380.2346 449.7802
350 360.5266 438.0174
351 322.7295 403.0632
352 497.3989 517.0249
353 477.4360 409.6483
354 307.2926 495.1477
355 357.4562 463.7177
356 520.9803 469.1377
357 346.2720 425.3264
358 366.5150 502.7771
359 451.4678 418.2480
360 351.1597 473.1550
361 510.9006 596.9878
362 359.9556 408.6243
363 335.3593 456.8803
364 452.8102 664.0827
365 451.1425 695.0539
366 516.6968 535.8995
367 477.6351 644.6223
368 505.8356 418.1191
369 365.3121 708.1949
370 304.8119 502.5938
371 373.3169 481.2393
372 498.5521 446.4988
373 419.9741 420.1838
374 403.7201 419.7666
375 366.0955 606.0501
376 492.7327 555.3528
377 322.9489 735.6983
378 391.0160 722.4204
379 419.6202 711.8230
380 388.3346 417.5544
381 374.1967 413.8881
382 364.8950 411.1436
383 490.9603 411.8995
384 375.6207 400.0178
385 391.2133 397.9167
386 406.4916 398.1207
387 422.2310 401.9214
388 432.9303 407.3331
389 517.2928 421.7686
390 430.7947 419.4162
391 360.3150 546.7313
392 346.4465 499.7990
393 322.9135 530.9906
394 424.9535 682.8983
395 396.8403 696.2341
396 325.7380 714.7106
397 474.9002 674.5549
398 364.7162 404.7432
399 333.6453 430.4999
400 359.7786 730.4733
401 510.1690 577.1857
402 329.2731 587.3000
403 331.9089 591.6662
404 334.1663 599.6557
405 336.0884 611.1145
406 340.5736 635.0471
407 356.7178 595.6792
408 363.1499 594.8098
409 369.4375 592.7251
410 389.6987 582.9091
411 465.4639 554.7792
412 334.1152 417.1611
413 345.2278 392.2860
414 356.6515 397.4162
415 352.5770 593.5855
416 467.5238 607.0005
417 329.5877 386.0664
418 351.6399 658.9504
419 321.1696 417.1962
420 345.6836 460.2889
421 318.3742 662.5856
422 400.8495 633.8836
423 380.7900 521.1881
424 378.6153 650.1736
425 423.3124 525.0535
426 396.9512 542.4373
427 438.7605 561.1768
428 323.8750 689.5473
429 357.1467 475.2392
430 418.3721 654.4704
431 390.7681 670.6554
432 417.4922 611.9970
433 486.9209 588.9628
434 442.7427 621.8226
435 499.1874 614.5388
436 410.4817 572.5249
437 345.1128 446.7673
438 342.5134 488.8119
439 354.9256 499.7125
440 335.2894 472.4891
441 360.8741 377.7652
442 391.4893 370.3499
443 417.4802 371.1047
444 438.9104 377.8672
445 453.8029 389.8419
446 464.6348 427.2827
447 519.3389 496.4474
448 450.0472 447.8349
449 430.5423 448.9463
450 405.7961 445.0234
451 382.0673 437.7887
452 363.8842 429.4438
453 351.3986 421.2284
454 518.8467 511.3084
455 353.5946 507.0171
456 332.9760 442.9254
457 328.5405 484.4499
458 316.4019 495.0724
459 327.7495 489.7192
460 347.2514 513.7952
461 313.1965 495.3238
462 310.8301 502.4708
463 352.8471 407.8606
464 341.7934 409.6242
465 335.9939 409.2987
466 439.4497 411.6397
467 450.4754 406.2423
