# Image: /home/yaroslav/Projects/Diia.AIContest-AdAstrum/fixtures/FLUXSynID-processed/00ede72d6139/00ede72d6139_f_doc.jpg
# Mode: stream
# Status: fail
# Errors: strong_shadows_on_face: Strong shadows or uneven lighting detected (difference: 49.7); face_not_looking_straight_at_camera: Head is turned 178.7째 (max: 15.0째); head_is_tilted: Head is tilted 18.1째 (max: 10.0째); face_too_small_in_frame: Face occupies only 39.7% of frame (min: 50.0%)

# 2D Landmarks (index x y)
0 299.5803 601.7182
1 296.6719 535.6969
2 300.0528 558.5626
3 285.0271 476.0342
4 296.5975 515.7137
5 298.0848 491.6132
6 303.3416 437.1863
7 184.5333 439.1321
8 305.1534 400.5162
9 305.5730 377.8664
10 308.3421 295.4302
11 299.6170 611.3941
12 300.1662 618.9802
13 300.9172 622.2251
14 301.0818 624.9102
15 300.8224 631.9239
16 300.7089 641.3532
17 300.8912 652.4264
18 302.1037 674.4827
19 297.6266 546.7624
20 282.7390 547.5519
21 131.0175 386.4174
22 232.8935 454.0011
23 215.5272 455.5152
24 199.2778 455.3794
25 178.2694 447.3519
26 247.8738 449.3650
27 211.2310 412.2473
28 229.3356 412.9444
29 194.3568 415.1006
30 183.0968 421.2342
31 163.7869 461.2446
32 232.8222 709.9874
33 178.9081 435.6119
34 118.6532 462.1847
35 145.7306 451.9677
36 215.3270 529.1655
37 277.0643 599.1238
38 281.1118 619.1553
39 254.6140 606.6161
40 240.6603 616.3722
41 265.0187 621.2821
42 252.4311 624.7178
43 219.8055 648.0564
44 281.7573 535.7664
45 279.4338 516.6469
46 157.0575 405.8219
47 252.3017 481.9758
48 243.6336 535.6014
49 243.3598 525.9272
50 164.7062 530.4006
51 282.0213 494.1782
52 196.7730 384.7179
53 173.0292 391.8043
54 146.7273 352.3919
55 270.7514 397.4998
56 245.5472 417.7189
57 206.0933 631.0345
58 128.0901 638.9489
59 257.0390 546.2612
60 271.6864 551.4428
61 225.6094 630.9053
62 233.9430 628.9994
63 164.4159 381.3903
64 243.6634 544.8688
65 228.9212 385.6062
66 225.5390 371.1880
67 212.2980 306.6437
68 155.7819 365.7129
69 220.3494 336.5882
70 147.9427 399.9115
71 139.2942 393.7460
72 278.5918 610.7988
73 260.4113 615.6062
74 246.5421 620.8376
75 261.8979 549.6900
76 229.9251 630.2605
77 237.3304 631.8490
78 236.1502 627.9705
79 265.1117 538.1536
80 256.4516 623.8973
81 269.2360 622.5325
82 284.1043 622.1465
83 277.9281 674.4177
84 278.7008 651.6771
85 279.7550 640.1351
86 281.2025 630.7501
87 283.0193 624.8986
88 253.5566 626.7882
89 250.9732 629.0047
90 247.0752 633.9262
91 243.5749 640.8825
92 226.0035 595.7485
93 116.8883 548.3921
94 298.8712 551.8396
95 245.3322 628.0283
96 241.5389 629.0062
97 277.5353 559.4443
98 250.5857 556.8898
99 274.7485 555.6615
100 234.0054 493.7288
101 205.4039 506.9285
102 240.8664 535.2755
103 172.3539 325.0466
104 181.6250 345.8161
105 191.0630 371.2020
106 234.8131 658.7025
107 265.0535 374.4724
108 260.5748 334.4238
109 255.8817 297.9038
110 185.6674 452.9955
111 144.9319 475.9733
112 257.4238 444.3148
113 164.3361 427.7787
114 264.6156 468.9476
115 253.7553 526.9585
116 126.6696 491.0856
117 155.4382 487.0420
118 176.7655 491.9227
119 209.7634 487.4432
120 234.4579 478.9238
121 252.9912 469.3940
122 286.8614 442.6310
123 126.4895 528.9419
124 150.5998 427.2166
125 288.6665 546.1974
126 252.1301 499.0977
127 118.0766 466.5116
128 266.4504 458.6574
129 240.3294 537.6657
130 173.5958 438.1049
131 254.0221 515.4193
132 118.8863 592.9516
133 257.8649 437.5690
134 267.5588 502.6156
135 157.8789 674.5130
136 160.6466 699.5204
137 112.8065 539.2415
138 138.2697 651.0705
139 129.0430 425.3303
140 228.2916 731.4771
141 291.8506 551.1820
142 236.5822 513.9307
143 132.1312 457.6475
144 200.8166 443.4350
145 215.6041 444.7036
146 233.0367 636.0711
147 128.0806 566.5711
148 262.9081 759.1808
149 208.0611 736.9787
150 185.6339 721.8822
151 306.8527 334.6441
152 303.6086 762.8315
153 230.2018 443.8640
154 244.1585 441.2900
155 253.2475 439.5149
156 139.6983 426.0296
157 243.1588 426.5759
158 228.2352 422.6477
159 213.3126 421.6784
160 198.2620 424.4748
161 188.8917 429.0897
162 122.0205 422.1493
163 191.0558 441.3257
164 300.2846 572.1577
165 241.8509 583.4322
166 256.2837 542.7994
167 275.2746 574.6894
168 304.9785 419.0212
169 180.6104 697.4327
170 203.2191 714.8880
171 260.9243 742.9583
172 142.8558 674.2777
173 253.2960 432.7269
174 273.9068 470.8744
175 302.0517 745.9303
176 232.8186 749.7865
177 115.8668 580.2571
178 267.1103 625.2611
179 264.2151 629.6206
180 261.4375 636.8840
181 259.1272 647.2348
182 253.7486 667.8004
183 241.2622 627.3767
184 235.6661 626.3315
185 230.2026 623.8606
186 212.5464 612.1625
187 149.6999 572.8010
188 276.2004 454.4776
189 271.0034 425.2174
190 260.6992 428.4010
191 245.6792 625.0519
192 145.9301 620.5147
193 283.8516 422.9011
194 242.9046 688.9056
195 299.9889 472.5991
196 285.4609 459.9031
197 301.5843 455.1610
198 260.9557 500.4003
199 301.6053 723.5162
200 301.8735 697.1964
201 271.0625 696.8211
202 202.0960 657.3296
203 226.1274 553.5679
204 220.6684 676.2529
205 187.3829 552.0759
206 209.6139 572.6775
207 171.5355 584.1996
208 263.7241 721.5300
209 250.8870 512.4733
210 186.6481 673.4634
211 209.3640 693.2899
212 187.9741 634.3476
213 131.0917 599.2974
214 166.4366 638.9839
215 122.8026 617.8954
216 195.0342 598.8706
217 263.5128 484.7480
218 259.2414 534.9797
219 248.7674 541.5336
220 265.5413 520.7597
221 257.7375 411.8578
222 229.8673 403.3442
223 205.6275 402.0645
224 185.4622 405.4112
225 171.5932 413.5319
226 161.4040 444.8780
227 113.1858 499.9706
228 172.4995 467.7598
229 189.4742 471.6291
230 212.0371 470.5503
231 234.2259 465.7279
232 251.6601 459.1771
233 263.5406 452.5657
234 117.9114 507.5238
235 249.9901 547.1528
236 272.0720 486.0662
237 270.1604 534.1369
238 280.9805 544.0820
239 271.3079 538.1510
240 255.4888 553.0149
241 283.5349 545.1878
242 286.2878 550.2081
243 263.7465 438.6116
244 272.9283 442.3510
245 276.8815 444.1303
246 183.2943 432.6598
247 174.4386 428.0615
248 315.8196 475.9590
249 438.0480 437.5771
250 316.6816 547.3630
251 507.6234 383.5710
252 386.1106 452.6999
253 404.0791 454.0660
254 421.5510 453.8220
255 445.5848 445.7028
256 370.8667 448.3682
257 407.5123 410.9629
258 388.8845 411.9381
259 425.4549 413.4912
260 438.0218 419.3075
261 460.9401 459.7416
262 376.6595 711.6310
263 444.5642 433.9258
264 519.5466 460.3789
265 482.1519 450.3354
266 397.3933 528.5274
267 323.0089 598.6451
268 320.4618 618.9520
269 348.4212 606.1417
270 365.2064 615.5132
271 338.9192 620.9025
272 353.8562 624.0917
273 391.1329 648.0368
274 312.5455 535.5297
275 314.7400 516.4223
276 466.1769 404.0002
277 360.2414 481.4861
278 360.2504 535.0534
279 362.1010 525.5784
280 454.3566 529.2551
281 315.1885 494.1450
282 420.2958 383.7952
283 446.8069 390.4255
284 486.4024 349.2721
285 341.6601 397.3330
286 372.7694 417.0976
287 405.9099 630.6937
288 514.3100 640.8361
289 346.7635 545.7567
290 331.0164 551.1724
291 384.5547 630.0868
292 376.5005 628.2525
293 457.1542 379.9521
294 362.0389 544.5330
295 385.6366 384.9631
296 388.9725 370.4781
297 410.0602 304.3879
298 471.1321 363.3832
299 397.6510 335.1638
300 477.9518 398.0033
301 492.6154 391.3949
302 321.8814 610.4671
303 342.8410 615.1185
304 359.1758 620.1067
305 342.2611 549.3055
306 380.2149 629.3655
307 371.3516 631.0600
308 374.6770 627.2526
309 334.8311 537.5006
310 351.0609 623.2711
311 336.0057 622.1233
312 318.9260 621.7661
313 327.4096 674.6087
314 324.2218 651.4211
315 322.8798 639.7426
316 321.4929 630.4622
317 320.3742 624.6950
318 353.6869 626.0680
319 356.1189 628.1863
320 359.7845 633.2945
321 363.5810 640.2829
322 381.9718 595.2248
323 529.8318 548.1838
324 363.9254 627.4015
325 367.1199 628.2602
326 324.4870 559.4439
327 355.9879 556.7367
328 327.5803 555.4575
329 380.0472 493.0091
330 410.0399 505.8119
331 366.0782 534.8091
332 455.5243 322.3085
333 441.0876 343.8758
334 426.9260 370.0682
335 374.5631 658.8353
336 347.3604 374.1292
337 354.6456 333.5143
338 362.7252 296.6165
339 436.7893 451.3541
340 481.3813 474.5310
341 361.1534 443.6461
342 459.8009 426.0110
343 346.8725 468.5777
344 347.1008 526.4129
345 503.0536 489.6737
346 467.7767 485.3819
347 442.8661 490.5047
348 407.4345 486.2233
349 381.6165 478.0228
350 362.0439 468.8449
351 321.1018 442.4688
352 501.4402 527.8684
353 475.4193 425.4711
354 307.1057 546.0371
355 357.9729 498.6685
356 528.2440 464.9407
357 347.4469 458.2761
358 368.6967 537.3101
359 450.8452 436.4304
360 348.7962 515.0224
361 526.4425 593.7337
362 361.7142 437.0163
363 332.0082 502.3352
364 467.3724 677.2151
365 469.9673 703.2570
366 524.3717 538.8557
367 492.2427 653.4003
368 506.5540 423.1623
369 382.2667 733.7936
370 306.2884 551.1186
371 375.0501 513.4798
372 499.1992 456.0000
373 419.8812 441.8145
374 404.1822 443.1703
375 376.0313 635.3419
376 500.0507 566.4169
377 345.6728 760.7700
378 410.1206 740.3877
379 438.2952 725.6153
380 389.1705 442.4491
381 375.3171 440.1215
382 366.3379 438.6878
383 489.6869 424.0607
384 376.5893 425.9217
385 391.5693 421.8232
386 406.5236 420.5568
387 422.2494 423.0100
388 432.8097 427.4818
389 520.8927 419.8857
390 430.5994 439.7857
391 364.3314 583.0480
392 346.5827 542.2029
393 326.3231 574.4002
394 439.7562 700.2151
395 412.6465 717.8080
396 345.1527 744.2645
397 494.1909 677.4483
398 366.1483 432.3077
399 332.2784 470.6328
400 379.9016 752.4051
401 520.8650 580.7259
402 338.1797 624.7546
403 340.5870 628.9880
404 343.0536 636.3487
405 345.6855 646.8450
406 353.5619 668.1340
407 367.3892 626.6471
408 372.6541 625.4752
409 378.1866 622.9652
410 397.2264 611.5144
411 472.1867 572.5234
412 333.6312 454.3142
413 345.2652 425.0582
414 357.4900 428.0094
415 363.9279 624.3906
416 478.7312 621.4605
417 328.3354 422.8362
418 366.0394 689.9738
419 318.7436 459.7743
420 344.6668 500.0258
421 334.4269 697.4735
422 411.4554 658.1127
423 384.1487 553.2468
424 390.9354 677.4232
425 427.4150 551.4311
426 401.6763 572.3101
427 445.4759 583.9668
428 341.2655 722.5230
429 357.1155 512.1223
430 430.2888 675.2976
431 404.2225 695.3440
432 426.6166 634.6503
433 497.2013 599.8825
434 453.1897 640.2363
435 512.3373 619.4058
436 417.7110 598.5364
437 344.7007 484.3685
438 340.5921 534.3450
439 354.4295 540.9615
440 331.6989 520.3668
441 358.5716 411.6017
442 386.9564 402.6036
443 412.1799 400.6886
444 433.9522 403.7241
445 450.1899 411.7190
446 464.5263 443.2038
447 524.5509 498.9615
448 450.4356 466.0329
449 431.0241 470.1659
450 406.6863 469.1822
451 383.4776 464.5314
452 365.5783 458.3940
453 353.0531 452.0063
454 529.2026 506.5527
455 354.5133 546.7127
456 330.6588 485.8215
457 326.3066 533.6914
458 316.8809 543.7783
459 326.8863 537.7124
460 349.7361 552.9426
461 313.2162 544.9503
462 312.4834 550.1301
463 354.6102 438.1580
464 343.1612 442.0466
465 336.5409 443.9365
466 439.1629 430.9872
467 448.6434 426.2704
