# Image: /home/yaroslav/Projects/Diia.AIContest-AdAstrum/fixtures/FLUXSynID-processed/00000bb0d1b9/00000bb0d1b9_f_doc.jpg
# Mode: stream
# Status: fail
# Errors: strong_shadows_on_face: Strong shadows or uneven lighting detected (difference: 39.1); face_not_looking_straight_at_camera: Head is turned 178.1째 (max: 15.0째); head_is_tilted: Head is tilted 15.8째 (max: 10.0째); face_too_small_in_frame: Face occupies only 48.7% of frame (min: 50.0%)

# 2D Landmarks (index x y)
0 307.1657 629.3175
1 301.4874 557.2182
2 304.7703 579.9690
3 282.7111 491.8141
4 300.0282 536.1830
5 299.0490 509.4198
6 298.0324 446.5424
7 166.8262 450.6560
8 296.6232 408.1239
9 295.4070 383.4003
10 291.6303 282.7353
11 307.7976 639.6526
12 308.5126 647.1207
13 309.2083 649.9308
14 309.8716 654.6767
15 310.2830 662.3837
16 310.8221 672.3199
17 311.6472 683.5148
18 313.6448 702.7014
19 302.6210 568.1487
20 285.6385 568.2158
21 100.6062 388.2268
22 220.7478 464.9927
23 202.2329 467.7343
24 184.5157 468.2646
25 161.0004 459.7638
26 236.2257 459.0600
27 194.1286 423.3755
28 213.7234 422.6875
29 176.2998 427.2064
30 164.5889 433.4336
31 146.3813 474.8810
32 244.7148 738.8259
33 160.5364 446.7715
34 95.0934 472.8695
35 124.9850 465.1109
36 211.4650 549.4126
37 284.2848 627.3452
38 289.7546 647.9661
39 262.1313 635.8787
40 248.6235 646.6167
41 273.7446 650.7270
42 261.0706 654.5690
43 227.8051 678.9880
44 285.3905 557.6212
45 281.4156 537.7405
46 133.2694 418.9588
47 245.6706 495.8093
48 241.9404 556.5920
49 240.6749 546.0203
50 157.5552 552.1407
51 281.7833 512.6877
52 176.6683 397.1586
53 150.4065 404.8322
54 114.9946 351.2481
55 259.6231 406.9942
56 231.4308 426.3124
57 212.6468 661.8230
58 125.6041 659.0280
59 256.9044 567.0975
60 273.4137 572.2903
61 234.1865 661.9965
62 242.2947 659.7134
63 139.4520 392.9340
64 242.5658 566.2115
65 212.8332 396.8080
66 207.9638 380.4324
67 185.0176 299.1543
68 127.6327 370.3838
69 198.0538 336.6590
70 122.2961 411.4729
71 111.4542 400.0716
72 286.6923 639.6890
73 268.7435 645.2041
74 254.9714 651.0454
75 262.3717 570.5201
76 238.5035 661.2825
77 245.9171 662.6475
78 244.0783 658.2436
79 265.9607 558.7581
80 264.9020 653.1639
81 277.8818 651.3808
82 292.8390 650.4998
83 289.1204 703.9956
84 288.9120 683.5921
85 289.4543 671.7563
86 290.3247 661.8312
87 291.6904 655.2839
88 261.9887 657.2493
89 259.4548 659.6283
90 255.7633 664.9070
91 252.3990 671.7442
92 230.7816 623.1586
93 102.0977 562.8183
94 303.6701 572.7233
95 253.6115 658.2135
96 250.0070 659.6716
97 280.5681 581.3755
98 251.0873 578.6902
99 277.1069 577.0239
100 227.2748 509.3686
101 198.4394 525.3113
102 238.6754 555.7078
103 141.5615 320.9163
104 155.1819 348.4942
105 169.1747 381.4718
106 244.1505 688.7333
107 251.5143 381.6997
108 242.4746 331.8696
109 233.4774 287.5893
110 169.5489 465.9495
111 127.2721 491.3449
112 245.9923 453.2400
113 143.6306 440.0186
114 257.8042 481.3318
115 252.7541 547.6278
116 109.1689 507.1064
117 140.5848 504.2216
118 165.0565 509.5842
119 200.3754 503.2655
120 225.7500 492.6405
121 244.6244 481.3964
122 280.3464 452.8118
123 114.9970 549.0128
124 127.9782 439.8864
125 293.0052 567.6857
126 247.5668 515.1982
127 93.7099 474.6481
128 258.3882 469.3605
129 238.3292 557.7765
130 154.9932 449.9747
131 251.8348 534.9008
132 109.8608 610.2560
133 245.6677 445.5458
134 266.2151 521.5518
135 164.2167 700.6462
136 167.9241 723.6569
137 99.4704 556.7161
138 141.0484 675.4827
139 102.9474 433.2355
140 241.5549 759.2734
141 295.9595 572.2751
142 232.1722 531.7789
143 110.0619 470.5257
144 184.8975 455.2294
145 201.1400 455.9784
146 241.6903 667.0006
147 121.8318 588.9938
148 278.4939 784.9438
149 220.3912 763.0609
150 195.9338 747.3135
151 293.2489 330.1419
152 320.0116 786.6626
153 216.9256 454.0196
154 231.5810 450.1537
155 241.0369 447.7719
156 115.3758 437.6358
157 229.0359 432.7761
158 212.7957 428.6661
159 196.3967 428.4003
160 180.1872 432.6735
161 170.4458 438.6092
162 94.2410 426.7691
163 174.0291 453.0605
164 305.6888 595.3469
165 245.5178 608.9758
166 256.0142 563.5950
167 279.7725 598.9764
168 297.6431 426.4806
169 189.1430 724.7591
170 214.2374 742.3181
171 275.7682 770.5827
172 145.7677 696.7438
173 240.4629 439.9796
174 269.1690 484.7901
175 318.2062 771.2193
176 247.1179 776.0856
177 108.2827 600.3212
178 275.4608 655.8891
179 273.0006 660.6853
180 270.4930 668.3480
181 268.6205 678.7691
182 264.1498 697.4993
183 249.8808 657.7684
184 244.1682 657.0587
185 238.5084 654.6458
186 218.4798 641.6563
187 146.6457 597.0703
188 269.3679 465.6403
189 260.1168 433.0720
190 248.3471 436.3712
191 253.8302 654.8976
192 147.4293 646.0458
193 274.9449 431.2223
194 253.9622 718.0971
195 298.7133 487.5474
196 281.0301 473.0250
197 298.3725 467.3785
198 257.6108 517.5902
199 316.5704 749.9562
200 315.0635 724.6251
201 283.4695 725.8540
202 208.9139 687.4596
203 225.0062 575.5905
204 229.7456 705.7792
205 184.6282 575.4127
206 210.1576 597.4128
207 171.2963 610.0501
208 277.5161 750.2610
209 247.4695 530.3927
210 193.5362 702.3721
211 219.0455 721.9614
212 192.9025 664.2092
213 128.9962 623.0919
214 170.6187 666.8665
215 120.3677 640.0857
216 197.8375 626.8709
217 258.6989 499.6423
218 259.4826 555.8401
219 247.9394 562.7678
220 266.0363 541.5745
221 245.1895 421.0373
222 214.3301 414.4782
223 187.6043 414.4230
224 165.5958 418.1030
225 150.7397 426.2710
226 141.8242 457.3858
227 94.2138 514.1968
228 157.0106 482.3944
229 176.0260 486.4110
230 200.4650 484.3213
231 223.7574 477.8383
232 241.6810 469.7893
233 253.9590 462.1799
234 97.9578 518.7201
235 249.3668 568.4526
236 269.1596 502.5123
237 272.2452 555.5207
238 284.0874 564.9106
239 273.2144 558.9648
240 255.9351 574.4964
241 287.1837 566.6171
242 289.8823 571.1256
243 252.3550 446.9733
244 263.4008 450.9981
245 268.5487 453.4205
246 164.9675 442.9653
247 155.3390 440.1410
248 315.5010 490.3836
249 436.0659 438.7325
250 322.0104 566.5504
251 506.1427 368.6771
252 383.3867 457.5964
253 402.3025 458.4498
254 420.4794 457.1968
255 443.7614 447.1408
256 366.9276 453.2282
257 404.5759 414.6352
258 385.0984 415.4269
259 422.7885 416.9795
260 435.5052 421.9681
261 461.2023 460.4617
262 389.9858 733.2903
263 442.4078 434.6100
264 520.8681 452.9686
265 483.2255 448.6983
266 400.1170 540.5752
267 330.2224 624.8588
268 328.0037 645.9595
269 354.9578 631.1044
270 371.0920 640.1646
271 345.7016 647.0518
272 359.9443 649.3200
273 399.2755 670.9521
274 317.9804 556.0089
275 319.0006 535.8251
276 465.9230 404.8915
277 359.5468 490.4629
278 366.1842 550.6821
279 366.9149 539.9434
280 457.2631 538.0379
281 317.1204 511.0445
282 417.0115 387.7275
283 445.2551 392.9103
284 484.1788 333.3743
285 334.2064 404.1812
286 367.9959 420.4520
287 412.4946 652.3175
288 517.5197 642.9938
289 352.8079 562.4152
290 336.4342 569.3550
291 390.1230 654.1719
292 381.8897 652.5246
293 455.7776 380.1327
294 367.9477 560.2996
295 380.0527 390.3061
296 383.1137 373.5409
297 402.1572 288.5820
298 469.1747 354.8063
299 390.5175 327.9721
300 477.8590 396.2951
301 491.9805 382.5761
302 329.4779 637.4092
303 349.5306 640.9818
304 365.3407 645.2220
305 347.9622 566.4043
306 385.6144 653.6883
307 377.9406 655.8845
308 379.9993 651.3230
309 340.6322 554.9910
310 356.5855 648.2692
311 342.3014 648.0260
312 326.0905 648.6052
313 338.7006 701.7918
314 334.8166 681.2922
315 332.6849 669.5899
316 330.5162 659.8285
317 328.6717 653.4553
318 360.5227 652.0307
319 363.2200 654.1649
320 367.5141 659.2075
321 371.8679 665.8713
322 387.1895 615.4806
323 531.0000 543.6732
324 369.9889 652.3036
325 373.4344 653.3166
326 330.0447 579.0268
327 361.3647 573.5231
328 333.0249 574.3409
329 380.4121 502.0844
330 411.5599 515.1338
331 370.9884 549.3997
332 451.0189 305.9393
333 436.6918 335.9527
334 423.1573 371.2124
335 383.7244 682.3636
336 339.2437 378.3552
337 344.6433 327.1321
338 350.9765 281.8132
339 435.5160 453.8079
340 483.3924 474.8290
341 356.3353 448.5027
342 458.7968 426.4193
343 344.9687 477.3449
344 352.5232 542.8007
345 505.6203 488.7387
346 469.9325 488.6074
347 444.6788 496.2026
348 407.7924 493.3988
349 380.8243 485.2679
350 360.0582 476.0790
351 317.0275 451.1956
352 504.2347 531.1087
353 475.9231 424.4132
354 312.5131 566.8540
355 358.8238 509.9170
356 527.8789 454.2026
357 344.2393 465.5825
358 372.8533 551.3185
359 448.7766 437.3191
360 352.9075 530.0373
361 528.5812 592.3314
362 356.2490 440.8987
363 335.0620 518.2900
364 474.2011 688.6521
365 476.7106 712.6478
366 526.4896 537.6833
367 496.8763 661.2116
368 506.7842 414.2150
369 396.6129 753.8973
370 311.5257 571.5476
371 376.9822 524.9582
372 500.9540 452.5423
373 417.9184 444.5386
374 401.7644 446.7671
375 382.9750 659.9646
376 502.8077 571.9666
377 361.7302 782.3238
378 422.4043 756.4615
379 448.1406 738.7752
380 385.8676 446.2849
381 370.9044 443.8583
382 361.2302 442.5544
383 490.4943 420.6021
384 371.6133 426.7375
385 387.4475 421.3062
386 403.4698 419.8224
387 419.9965 422.6024
388 430.6563 427.4944
389 519.7030 406.4488
390 428.7306 441.5712
391 370.0325 602.9128
392 352.7583 558.8242
393 332.3950 596.3577
394 449.6647 715.1513
395 424.6860 735.0848
396 361.1685 767.5991
397 499.0043 683.2006
398 360.8077 434.9375
399 331.1634 482.0137
400 394.4203 771.4519
401 523.2787 582.3431
402 345.9024 652.2321
403 348.7506 656.7269
404 352.1468 664.2171
405 355.5134 674.5238
406 363.8773 693.1667
407 372.8845 651.3178
408 378.2196 650.0647
409 383.6419 647.1583
410 402.6001 632.6730
411 475.4767 582.0461
412 330.5392 462.9214
413 339.1438 429.8445
414 352.0059 431.9792
415 368.9973 648.8857
416 482.9342 631.6988
417 322.0930 429.2319
418 377.7191 713.1248
419 316.6517 471.4270
420 346.3689 513.3565
421 347.4854 723.3261
422 420.6341 678.2968
423 388.8559 567.8264
424 401.5132 698.7646
425 430.9034 563.9024
426 406.4328 588.1893
427 449.8422 597.3169
428 356.1976 747.2877
429 359.5639 524.9917
430 440.0013 692.3955
431 415.7719 714.5407
432 433.9484 653.3033
433 500.3326 606.9134
434 459.6153 654.6543
435 515.5854 623.5874
436 423.0115 616.2340
437 344.5955 495.5530
438 346.5774 551.6140
439 360.7404 557.2126
440 336.6702 538.2115
441 352.3554 416.7847
442 382.3831 407.6709
443 408.9797 405.3471
444 431.7829 407.0745
445 448.6490 413.6689
446 464.0700 443.0004
447 526.6399 494.5312
448 450.6067 468.6305
449 431.3761 474.2767
450 406.0302 474.5414
451 381.6860 470.4077
452 362.5583 464.3452
453 348.9663 457.9768
454 529.7304 498.8840
455 360.7390 563.1293
456 331.4424 499.6418
457 332.0810 552.5488
458 322.2771 563.1923
459 332.5927 556.0761
460 355.3649 569.8686
461 318.7072 565.1222
462 317.8662 569.9365
463 349.2809 442.9575
464 337.9536 447.8697
465 331.8751 450.7273
466 437.0880 431.2859
467 446.4025 427.6669
