# Image: /home/yaroslav/Projects/Diia.AIContest-AdAstrum/fixtures/FLUXSynID-processed/00f24f0be51f/00f24f0be51f_f_doc.jpg
# Mode: stream
# Status: fail
# Errors: strong_shadows_on_face: Strong shadows or uneven lighting detected (difference: 71.8); face_not_looking_straight_at_camera: Head is turned 179.6째 (max: 15.0째); head_is_tilted: Head is tilted 17.3째 (max: 10.0째); face_too_small_in_frame: Face occupies only 49.7% of frame (min: 50.0%)

# 2D Landmarks (index x y)
0 306.1853 626.1616
1 306.5591 549.5400
2 305.9198 574.5910
3 288.8738 485.1706
4 306.4887 528.5850
5 305.8095 502.6004
6 304.2478 441.9949
7 166.9193 440.8465
8 303.9360 395.7784
9 304.3754 369.2080
10 304.7916 279.9247
11 306.1257 636.5320
12 305.8392 644.1621
13 305.4712 647.1383
14 306.1287 649.8815
15 306.3357 657.2680
16 306.3163 667.1452
17 306.0798 678.4621
18 305.0795 699.6565
19 306.2193 561.0898
20 288.3275 561.1632
21 98.8247 374.7831
22 220.9817 458.9511
23 202.0599 460.6835
24 184.0187 459.8815
25 160.0709 449.2098
26 237.1421 453.4560
27 197.8090 407.8773
28 217.4534 409.3263
29 179.1820 410.9757
30 166.3501 418.1219
31 144.3773 463.6277
32 230.9503 734.3590
33 160.5373 435.7705
34 87.1240 459.8239
35 122.9884 451.0644
36 208.7074 541.1019
37 282.5522 623.1208
38 285.5195 644.1102
39 258.0523 630.6024
40 241.7048 639.9072
41 267.7424 646.0598
42 253.0061 648.8696
43 216.0881 670.8126
44 290.6004 549.1886
45 287.7800 529.2875
46 136.7729 397.6397
47 246.6003 489.8122
48 244.7144 548.1042
49 242.9872 538.1300
50 151.1179 540.9312
51 288.3572 504.9755
52 182.0515 373.5685
53 155.6566 381.5929
54 118.7823 337.2548
55 264.6297 390.1002
56 234.8781 415.8302
57 201.3025 652.7688
58 100.3847 651.9492
59 258.8336 559.2373
60 274.7818 565.6232
61 223.2938 653.5229
62 231.2880 651.9288
63 144.9498 369.1732
64 243.9071 558.3853
65 217.6944 374.7039
66 214.3762 358.4190
67 196.7655 288.6624
68 132.0401 352.4078
69 207.3838 321.9944
70 125.0815 390.0535
71 111.9474 383.3214
72 283.7806 635.6266
73 263.6832 640.2012
74 247.6380 644.7837
75 263.7201 563.3874
76 227.5789 653.0290
77 236.1591 654.8597
78 233.0307 650.8654
79 269.6524 550.0653
80 256.2565 647.7941
81 271.0391 647.0850
82 287.5979 646.8597
83 279.6333 699.5504
84 282.3984 677.3313
85 283.9160 665.4073
86 285.3249 655.7536
87 286.7305 649.6111
88 253.6582 650.4572
89 251.1769 652.6073
90 247.3108 657.5000
91 243.4341 664.2687
92 224.6430 615.6967
93 82.4770 552.8430
94 306.0971 566.5118
95 243.8690 651.3407
96 240.4052 652.3148
97 281.4999 575.1912
98 250.5866 571.9276
99 278.2737 570.5378
100 226.5780 502.4217
101 195.7676 516.4095
102 239.8258 548.1528
103 149.6521 307.6950
104 162.1085 330.9629
105 175.2390 357.9778
106 232.8319 682.0419
107 258.8468 363.3973
108 253.3952 321.7135
109 246.8324 280.7836
110 168.6243 456.4545
111 123.5258 479.0663
112 247.4864 447.7101
113 144.8940 424.6205
114 260.0811 475.7624
115 256.9225 538.7315
116 102.4191 494.3400
117 136.9698 492.4421
118 162.1050 498.9423
119 198.6028 494.9723
120 225.2061 486.0555
121 245.3051 475.7845
122 285.9973 447.3870
123 104.8405 536.6358
124 128.7999 422.4582
125 296.7430 560.1628
126 248.5389 508.7233
127 81.2102 462.8516
128 260.3438 464.1070
129 237.8749 550.7514
130 154.6500 437.9242
131 255.5386 526.7403
132 87.0839 601.5692
133 247.3937 440.0049
134 271.5755 513.5716
135 144.1905 694.3184
136 143.6008 719.3679
137 84.4718 545.2322
138 120.0097 668.1200
139 99.2650 418.7562
140 225.5938 755.7091
141 298.6076 565.6788
142 231.4129 524.7775
143 106.1378 456.2325
144 185.3523 447.3057
145 201.7458 449.0563
146 231.4761 658.9751
147 107.8545 577.6199
148 261.0535 783.8295
149 200.1751 760.0878
150 173.7735 743.7957
151 304.6380 323.9207
152 302.8304 787.2177
153 217.7980 447.9355
154 232.7958 444.6710
155 242.4631 442.3626
156 114.7934 420.0015
157 231.2576 426.0308
158 215.1430 420.7081
159 198.9883 419.2168
160 182.3566 422.3582
161 171.8591 427.8528
162 87.1139 414.2205
163 174.3052 444.1602
164 305.9264 591.1064
165 242.0566 602.4279
166 258.6650 555.2348
167 279.3858 593.8384
168 303.7455 419.3029
169 170.7279 719.2375
170 196.8646 737.8525
171 260.9767 768.2292
172 120.3015 691.2044
173 242.5145 434.1664
174 273.5166 478.7218
175 303.6758 770.8310
176 228.5102 773.8349
177 89.6490 590.0734
178 268.9798 649.5146
179 266.4085 653.9575
180 263.6898 661.2556
181 261.0985 671.7962
182 253.6437 692.0290
183 239.9763 650.8347
184 234.5883 649.6288
185 229.1282 646.8418
186 209.4830 633.1781
187 134.8291 586.1966
188 273.4095 460.2362
189 263.4106 425.3875
190 251.2403 429.1949
191 243.7673 648.4883
192 130.8618 636.8959
193 279.8868 422.9084
194 241.5344 713.1398
195 305.2380 481.7434
196 287.0171 467.2036
197 304.7254 462.4782
198 260.5548 510.6362
199 304.3176 748.5878
200 304.7546 722.3948
201 272.4412 722.2058
202 196.0535 679.5611
203 222.1165 568.1288
204 216.6891 699.4060
205 178.3139 565.6665
206 204.3849 589.1468
207 161.1839 600.0220
208 264.9330 747.0609
209 248.8130 523.4450
210 178.4372 695.3173
211 204.3164 716.3194
212 180.5562 655.0264
213 112.1730 612.9642
214 155.4195 658.3010
215 99.5957 631.2751
216 188.7110 617.5781
217 261.3525 493.4659
218 263.5026 546.8664
219 250.6486 554.2363
220 271.5095 532.6669
221 248.6399 408.3437
222 218.2990 397.2941
223 191.9729 395.3111
224 169.8283 398.9140
225 153.8967 408.3440
226 140.9139 444.3865
227 82.8919 501.9087
228 154.9354 471.7015
229 174.3749 477.0939
230 199.5241 476.5501
231 223.4834 471.5774
232 242.3463 464.2315
233 255.3836 456.9942
234 81.6531 507.8086
235 251.0673 560.5809
236 273.9882 495.5702
237 277.1699 546.5324
238 287.4997 557.2652
239 277.2637 550.3772
240 256.5176 567.4908
241 290.9435 558.8877
242 292.5289 564.2976
243 254.4375 441.2029
244 265.8345 445.6128
245 271.9134 447.9261
246 165.6511 432.0621
247 156.2335 426.1213
248 321.0980 485.6944
249 433.2742 446.9702
250 323.0740 561.5250
251 497.8303 381.7014
252 381.3198 462.7670
253 400.1405 464.9039
254 417.6912 464.2520
255 439.7463 455.1896
256 365.1640 456.8562
257 404.9733 413.9617
258 385.6055 414.1336
259 422.8185 418.0034
260 434.7747 425.3943
261 455.4957 468.9237
262 375.4358 734.9797
263 439.2898 442.7801
264 508.2531 465.9412
265 475.7750 457.1114
266 396.8603 542.7769
267 329.3042 622.8660
268 325.5590 643.8945
269 352.7308 629.8901
270 368.0263 638.8568
271 342.7689 645.4711
272 356.4956 647.9634
273 391.6871 670.4298
274 322.1274 549.4333
275 324.4087 529.6434
276 463.8572 406.0277
277 358.8081 491.4460
278 364.3239 549.1479
279 365.2720 538.9759
280 451.3690 543.7724
281 322.9455 505.4551
282 422.0615 381.4235
283 446.7183 390.2117
284 480.8777 344.1218
285 342.3663 392.8617
286 368.1791 419.6072
287 405.8057 652.3152
288 492.0178 656.2917
289 350.7242 559.8381
290 335.5088 566.0978
291 385.4998 652.2242
292 377.2799 650.6897
293 456.9477 378.2150
294 364.7618 559.1964
295 388.0631 380.5122
296 392.1691 364.2895
297 409.5424 293.2260
298 468.9917 359.9028
299 399.4184 327.0344
300 474.8683 398.5397
301 486.6348 390.7727
302 327.8544 635.3407
303 347.0834 639.4126
304 362.2609 643.7229
305 345.9037 563.9127
306 381.1325 651.6510
307 373.4097 653.8844
308 375.1228 649.7483
309 341.1123 550.7316
310 352.7431 646.8671
311 338.7497 646.4632
312 322.8139 646.5582
313 330.0800 699.6704
314 329.3355 677.3750
315 328.4180 665.3788
316 326.9459 655.7279
317 325.1962 649.5316
318 356.6018 649.6702
319 359.1781 651.8488
320 363.0764 656.9296
321 366.7841 663.8907
322 383.3818 615.5782
323 508.8945 558.3868
324 365.4104 650.3846
325 369.1243 651.3113
326 329.4799 575.3692
327 357.9206 572.2910
328 332.2184 570.9138
329 378.5007 504.2923
330 408.6050 518.6378
331 368.0991 548.9624
332 453.2241 313.9424
333 441.7179 338.0830
334 429.1039 365.8632
335 375.5015 681.8748
336 349.1444 366.7118
337 355.2312 324.2935
338 361.7336 283.1549
339 431.9282 461.5499
340 475.7275 484.1243
341 354.8508 450.8493
342 455.0534 432.1302
343 345.7131 477.2566
344 353.0655 539.6949
345 495.2707 499.5863
346 463.4665 496.6586
347 440.0906 502.2395
348 404.9657 497.6397
349 378.8936 488.4505
350 358.9823 477.8920
351 321.6780 448.1903
352 493.2257 541.0571
353 470.8722 429.6252
354 315.5925 560.4432
355 357.9544 510.0151
356 511.3068 468.9618
357 344.4357 466.0203
358 369.3396 551.5032
359 444.9580 444.9482
360 353.4528 527.7214
361 504.3612 606.7566
362 354.6727 443.3556
363 338.5666 514.2944
364 455.4943 696.5212
365 453.3383 721.8349
366 510.0182 550.6112
367 477.4520 671.2995
368 497.7108 425.3394
369 379.5298 756.5280
370 313.4452 565.7804
371 374.5367 526.1365
372 491.5209 462.3574
373 415.9828 452.3355
374 400.0922 453.7256
375 377.9562 658.0795
376 490.2739 581.6370
377 343.7157 784.4111
378 401.3667 761.3198
379 425.8433 745.5320
380 384.2028 452.2452
381 369.2491 448.3452
382 359.6159 445.8009
383 484.1788 427.0772
384 370.8518 430.0570
385 386.9051 425.7101
386 402.7803 425.1165
387 418.7134 428.9235
388 428.6902 434.6100
389 507.4072 420.9059
390 426.3723 449.6796
391 366.7794 602.4451
392 351.2384 555.9598
393 331.5039 593.8489
394 430.8472 720.9576
395 406.4098 739.1432
396 345.4089 768.7375
397 474.0732 694.6260
398 359.6077 437.6616
399 334.3865 479.7466
400 375.0288 774.7820
401 505.0679 594.9091
402 342.3335 649.1749
403 345.0247 653.6138
404 347.8492 660.9988
405 350.1007 671.6963
406 355.4864 692.1417
407 368.8794 649.7484
408 374.4572 648.2834
409 379.8848 645.5899
410 397.8806 632.7658
411 466.2453 589.0940
412 333.2803 461.4170
413 340.8929 427.8336
414 351.6644 432.1929
415 364.6477 647.4252
416 469.1005 639.6770
417 326.5822 424.3125
418 365.8802 713.4742
419 321.8888 467.7698
420 347.3526 511.6122
421 336.2433 722.3710
422 409.3800 680.1751
423 384.5409 568.9550
424 389.5676 699.9000
425 426.2596 567.6230
426 401.7935 590.0658
427 442.5084 601.9881
428 342.7317 747.4933
429 358.3890 524.4867
430 425.0638 696.6218
431 400.7304 717.2679
432 424.3557 655.7039
433 485.7338 616.4864
434 447.0171 660.1378
435 495.8305 635.5489
436 416.8616 618.2299
437 345.6819 494.5815
438 347.1607 547.7119
439 358.9317 555.0068
440 339.8248 533.4058
441 355.8214 411.7925
442 385.9320 402.5277
443 411.5515 401.9853
444 432.7076 406.5202
445 447.2733 416.2320
446 458.5087 450.8580
447 511.7342 507.7663
448 445.6825 476.3887
449 427.5601 480.7537
450 403.3209 480.0064
451 379.5921 474.6074
452 360.9312 466.9826
453 348.1942 459.3604
454 509.8884 513.6435
455 358.0503 561.2896
456 335.1029 496.3985
457 334.7825 547.1541
458 324.1420 557.7721
459 334.2604 551.0377
460 352.4983 568.0248
461 321.2179 559.2891
462 319.2411 564.7053
463 348.1512 444.1979
464 338.2481 447.7870
465 333.5171 449.6676
466 434.6093 438.9887
467 443.8896 433.4899
