# Image: /home/yaroslav/Projects/Diia.AIContest-AdAstrum/fixtures/FLUXSynID-processed/00028290bd21/00028290bd21_f_live_0_a_d1.jpg
# Mode: stream
# Status: fail
# Errors: image_blurry_or_out_of_focus: Image is blurry (sharpness score: 67.48); strong_shadows_on_face: Strong shadows or uneven lighting detected (difference: 88.4); face_not_looking_straight_at_camera: Head is turned 174.4° (max: 15.0°); face_not_looking_straight_at_camera: Head is tilted up/down 17.7° (max: 10.0°); head_is_tilted: Head is tilted 19.8° (max: 10.0°)

# 2D Landmarks (index x y)
0 340.8274 656.0230
1 362.2462 576.4546
2 342.3396 600.4319
3 331.7278 497.6655
4 364.2258 551.9855
5 358.4643 520.0035
6 337.8235 442.5899
7 151.0490 433.2429
8 332.2218 388.4915
9 333.9289 357.6366
10 325.2068 237.2547
11 339.4999 667.6491
12 336.1638 675.4015
13 331.9541 677.4477
14 332.6885 683.5303
15 334.1119 692.7769
16 334.2925 704.4988
17 332.4050 717.4403
18 323.9699 739.7266
19 356.3637 588.8885
20 327.0264 588.0483
21 20.4179 340.4002
22 221.7103 454.9196
23 198.3627 456.8043
24 174.4346 456.1132
25 138.7686 442.3832
26 241.1764 449.3561
27 193.5717 393.8973
28 218.5111 395.6804
29 168.6932 397.5141
30 150.1381 405.7725
31 116.5201 459.5368
32 230.5245 783.9510
33 140.0205 426.7135
34 12.2093 448.3030
35 83.0116 444.6131
36 210.7393 556.1110
37 311.6971 652.6428
38 309.3915 675.4444
39 275.9050 659.1742
40 249.0863 666.6400
41 282.7806 676.1694
42 259.8811 676.9435
43 207.8138 702.3635
44 342.9493 576.2768
45 341.8184 552.7776
46 113.2528 386.7272
47 257.6738 494.7377
48 270.3062 569.4677
49 265.7015 556.0287
50 130.0994 554.0029
51 337.6363 522.8182
52 184.8194 362.7685
53 145.6956 370.0358
54 62.2564 297.3888
55 287.3507 383.6586
56 238.9030 403.5830
57 189.2156 679.7252
58 5.4492 679.2229
59 285.1131 582.7456
60 304.3639 590.5066
61 212.8872 677.9840
62 221.9549 676.9243
63 129.0434 354.1576
64 263.9299 579.3190
65 231.9566 366.1386
66 228.9940 346.2598
67 188.3984 244.1269
68 97.7792 325.1467
69 213.0863 293.2894
70 91.9858 375.8432
71 57.7044 359.5496
72 310.9181 666.5234
73 281.0796 669.9143
74 255.6547 672.3109
75 289.2951 587.2033
76 217.9342 677.5488
77 232.7845 683.3943
78 223.6369 676.2198
79 307.0156 576.0558
80 260.1222 674.7456
81 282.9619 676.0395
82 307.2489 677.0004
83 293.0607 741.1382
84 303.0491 716.9356
85 306.1174 703.1025
86 307.3023 691.3473
87 307.5273 683.5774
88 257.8342 681.0322
89 255.6983 683.7946
90 251.6179 689.8609
91 247.0803 698.0629
92 229.9276 641.2732
93 -21.6448 556.2933
94 349.4542 593.9328
95 241.1195 679.7611
96 237.7191 680.6084
97 312.4236 601.4369
98 267.5898 593.7790
99 308.7619 596.3306
100 231.5422 508.3845
101 192.7689 525.0073
102 257.6105 566.2335
103 116.9298 264.3206
104 148.1307 301.9226
105 175.7144 343.1546
106 231.5279 719.0100
107 282.9370 352.4661
108 271.0645 292.9263
109 255.1553 236.2057
110 152.1465 451.6039
111 87.0146 477.7317
112 253.9556 443.5770
113 119.1753 415.3507
114 276.5983 479.5818
115 292.1942 561.1705
116 51.7508 494.7664
117 110.0904 494.2043
118 147.1150 502.4557
119 195.0758 497.9890
120 228.0941 487.6947
121 252.8468 476.6930
122 315.4244 448.7981
123 54.8580 545.9849
124 95.0751 413.1412
125 345.0001 588.2982
126 263.3529 518.5799
127 -20.7853 444.7474
128 272.6706 464.2745
129 249.5527 567.2802
130 130.4734 428.9597
131 286.8401 545.0356
132 -15.0022 616.7213
133 251.9168 434.8452
134 312.8640 531.5058
135 98.2176 736.6152
136 84.3347 764.8009
137 7.0052 553.3811
138 57.0216 704.5863
139 32.2994 399.7202
140 221.7973 808.3625
141 340.7626 593.0130
142 239.6220 536.1278
143 54.4871 449.3763
144 178.5857 441.3837
145 199.6550 443.3379
146 226.6718 687.9310
147 53.4518 595.7076
148 261.2528 835.5026
149 176.7298 812.8587
150 135.0527 794.3455
151 330.9592 295.6900
152 307.6739 834.5809
153 218.5476 441.9510
154 236.0934 438.4998
155 246.9252 436.7223
156 69.6709 407.9648
157 232.2149 416.0443
158 212.0212 407.8126
159 192.1634 406.1790
160 170.9774 410.2826
161 156.9865 417.1090
162 -5.4769 386.5087
163 162.9819 437.7045
164 340.3889 618.5208
165 255.9132 627.9287
166 287.8952 579.3298
167 308.5461 621.3888
168 331.2264 414.4658
169 140.4349 766.3525
170 179.4289 788.6486
171 268.7115 820.4459
172 41.2119 729.1036
173 246.2673 427.6346
174 303.1203 486.9101
175 316.7008 818.9203
176 219.0518 827.2897
177 10.5891 608.1797
178 282.1329 682.2784
179 279.9230 688.0340
180 277.3990 697.2168
181 274.0253 709.7495
182 259.6682 732.5819
183 236.8886 676.5387
184 232.0294 674.8053
185 225.9704 671.5956
186 205.3197 658.6894
187 99.1799 607.9196
188 296.4704 462.7600
189 274.9363 418.8305
190 257.6547 421.1631
191 239.7264 673.6814
192 83.4948 667.7859
193 300.4810 418.0845
194 243.4409 758.3009
195 351.2693 493.6352
196 323.4421 474.4972
197 344.7079 469.0629
198 286.8802 524.2509
199 321.7295 795.2155
200 323.0446 765.4208
201 284.3262 767.8788
202 183.2404 715.8012
203 227.9487 587.3210
204 210.2754 740.8626
205 169.2367 585.5237
206 203.8954 611.9905
207 140.4106 625.1824
208 276.1427 797.3056
209 267.3201 537.0550
210 157.0527 737.1424
211 193.0338 762.6355
212 163.7643 686.2146
213 54.6006 638.2535
214 124.3986 693.2339
215 23.6494 658.9489
216 179.0132 642.6791
217 283.3090 502.4300
218 300.7944 572.1363
219 278.2461 577.6056
220 316.8344 556.0622
221 260.0378 400.0823
222 225.0072 387.2172
223 192.2865 383.8358
224 161.6736 387.0390
225 136.3301 397.1538
226 110.3422 437.0743
227 7.0476 500.2973
228 133.4482 469.3530
229 161.7731 476.1556
230 195.0698 475.5257
231 224.7942 469.9508
232 247.3916 462.2424
233 263.5998 454.8790
234 -23.0199 500.0323
235 274.6775 583.3110
236 309.6917 508.6263
237 323.3038 573.4743
238 330.2986 584.9744
239 318.9684 577.3780
240 278.0607 590.4180
241 336.7640 586.8894
242 332.8061 591.7049
243 261.7921 436.6642
244 276.6283 442.1894
245 287.8996 446.1804
246 148.1841 422.3314
247 134.9756 415.4764
248 366.2876 497.2313
249 446.8301 431.5171
250 365.6426 586.8346
251 481.1447 351.5324
252 392.5351 454.8248
253 412.6517 456.0886
254 430.6346 454.6488
255 449.2552 440.5530
256 376.5892 449.4184
257 424.1574 395.7618
258 401.7266 397.7788
259 442.8670 399.1491
260 453.0654 407.0571
261 461.8495 457.7266
262 385.8126 770.6733
263 451.4961 425.4911
264 481.5860 448.4914
265 473.8916 443.0803
266 420.9691 552.8198
267 364.9102 651.2755
268 356.6236 673.9115
269 385.4968 655.3048
270 396.3593 662.2068
271 371.5048 673.1450
272 382.2771 673.4851
273 406.9641 694.4000
274 377.3870 575.4552
275 381.2170 552.2079
276 478.7030 387.5640
277 380.6558 493.9153
278 401.8056 566.8451
279 399.2261 553.6754
280 468.6422 548.4582
281 374.7489 522.3643
282 448.1710 364.6215
283 468.7436 371.4001
284 476.8059 310.2474
285 370.0825 384.0653
286 382.0413 405.5533
287 422.4517 671.8930
288 442.6195 660.0393
289 386.8637 580.4195
290 371.9150 588.9310
291 405.6986 673.3537
292 396.4563 672.8971
293 475.8988 356.7421
294 397.9048 576.5820
295 416.2344 367.4588
296 421.7574 348.3562
297 427.7710 254.3548
298 477.2228 332.6898
299 424.6834 299.2474
300 484.2981 378.1738
301 483.9098 366.3541
302 361.9558 665.0391
303 378.6237 666.4734
304 390.0379 668.2706
305 381.0799 584.8991
306 401.4224 673.3578
307 395.0893 678.9668
308 392.7691 672.0410
309 385.7866 573.6578
310 375.6229 671.8127
311 364.2822 673.6394
312 350.2358 675.8583
313 350.3782 737.8502
314 356.8381 714.3440
315 357.5147 700.7844
316 355.8861 689.5818
317 352.6281 681.9907
318 379.3929 677.5672
319 382.8783 679.9632
320 387.1235 685.4874
321 389.9091 692.8418
322 411.1070 636.2524
323 455.4831 548.1455
324 385.3925 676.0786
325 390.4510 676.6874
326 365.3802 599.8589
327 388.4369 591.0243
328 368.7189 594.7393
329 398.2635 506.9980
330 429.0076 522.4445
331 398.6196 563.6222
332 460.7559 277.2233
333 458.6772 309.3726
334 454.3998 345.8827
335 392.5692 710.7322
336 380.1219 354.0710
337 383.4256 296.5171
338 384.3600 242.3006
339 443.5078 449.6205
340 477.3284 475.1465
341 366.8607 443.4659
342 465.9351 414.7524
343 369.9274 479.1411
344 397.3472 559.1991
345 488.8773 490.9601
346 472.3298 491.4135
347 454.5493 500.0618
348 420.8884 496.3988
349 394.5479 486.8295
350 376.2424 476.2223
351 353.5534 448.8319
352 492.0563 538.7347
353 476.4176 412.9165
354 365.5289 587.7748
355 383.7094 517.4259
356 466.2163 447.3902
357 363.8404 464.2507
358 394.8705 564.6196
359 454.4819 427.9015
360 393.2739 543.2708
361 451.3522 602.9088
362 365.3859 434.3665
363 385.3273 530.3833
364 439.7601 714.2536
365 422.0867 739.4054
366 483.4480 544.7776
367 456.2066 683.6089
368 482.7237 404.2411
369 383.7743 792.5507
370 357.0676 592.7949
371 397.4861 534.1022
372 481.2610 447.8407
373 430.9266 440.3438
374 414.0095 443.2003
375 398.4916 682.9794
376 486.7138 584.7077
377 346.8527 826.1969
378 388.6555 791.3160
379 403.8602 769.4936
380 396.3275 442.3291
381 380.0913 438.6741
382 370.1012 436.5930
383 482.1874 409.1399
384 382.2143 415.8512
385 399.3955 408.0299
386 418.4883 405.6009
387 436.0136 409.2812
388 444.9090 416.1569
389 477.0266 394.5451
390 440.8712 436.0583
391 397.1638 624.0113
392 389.8964 576.9316
393 366.6598 619.5768
394 419.7039 743.9215
395 401.5253 767.8770
396 357.0439 811.6517
397 433.0712 705.8481
398 370.8946 426.8642
399 369.0840 486.4296
400 371.8219 810.8087
401 477.3864 594.8307
402 368.2444 679.5804
403 371.9695 684.8578
404 375.0432 693.4826
405 376.2284 705.2769
406 374.5526 726.1345
407 391.2184 672.8406
408 397.9948 670.7383
409 403.7193 667.1604
410 421.2893 652.4455
411 475.8465 597.8877
412 361.1624 462.5469
413 357.4560 418.8948
414 365.1687 421.7188
415 384.5565 670.3553
416 465.6464 651.9526
417 350.6917 418.1636
418 379.4870 747.7776
419 360.6294 474.2317
420 381.8728 522.9755
421 354.4998 762.3513
422 418.1820 703.0752
423 408.8253 583.5254
424 399.1249 728.2473
425 449.1013 579.5211
426 425.9029 606.6852
427 459.1541 615.7545
428 359.7755 789.9750
429 387.4700 535.4377
430 425.3188 719.2071
431 403.9343 745.5864
432 435.7726 674.6526
433 477.5935 623.7798
434 449.2445 677.1820
435 468.4435 641.0690
436 437.4130 635.1730
437 375.5568 501.6039
438 392.5820 569.7829
439 397.4630 574.9722
440 391.1769 554.5014
441 374.3151 400.0696
442 406.9003 388.0163
443 434.4463 385.7264
444 454.7744 389.2675
445 465.1970 398.3790
446 463.1299 435.4445
447 484.6412 496.1161
448 455.4937 467.3456
449 439.8815 474.4992
450 416.1065 474.5714
451 391.9953 469.4975
452 374.2641 462.0729
453 362.8359 454.7833
454 457.9987 497.3476
455 393.1270 580.6782
456 375.8762 507.8222
457 386.5285 571.5232
458 370.9184 583.3256
459 381.9122 575.1534
460 385.9222 587.9408
461 370.0653 585.8893
462 362.3150 590.7646
463 360.6663 436.3942
464 354.0836 442.3449
465 354.3898 446.3885
466 449.0876 421.1843
467 457.7569 415.3899
