# Image: /home/yaroslav/Projects/Diia.AIContest-AdAstrum/fixtures/FLUXSynID-processed/001bd789984b/001bd789984b_m_live_0_a_d1.jpg
# Mode: stream
# Status: fail
# Errors: image_blurry_or_out_of_focus: Image is blurry (sharpness score: 55.64); face_too_close_or_cropped: Face occupies 73.0% of frame (max: 70.0%)

# 2D Landmarks (index x y)
0 297.7150 637.2374
1 293.5932 558.0990
2 295.5238 584.8302
3 274.1313 482.1813
4 292.9439 533.2197
5 292.4967 502.4301
6 292.3486 431.6697
7 142.3327 436.4419
8 291.2868 382.3102
9 290.6946 352.3781
10 288.8310 243.3146
11 298.1492 648.7804
12 298.5581 657.9650
13 298.8965 662.1669
14 299.7590 677.6376
15 299.9685 687.2542
16 300.3738 699.5958
17 300.7574 713.3090
18 301.3313 736.7529
19 294.1322 571.5652
20 274.0596 571.7849
21 64.0795 362.3875
22 203.2453 454.1098
23 182.2432 456.7672
24 161.6910 456.6021
25 134.6337 445.9670
26 220.9948 447.4183
27 174.0750 399.1551
28 196.3530 399.3936
29 153.3886 403.4600
30 139.6231 411.7294
31 117.0796 462.8557
32 219.8570 774.6289
33 134.9598 431.7525
34 54.4070 460.8433
35 92.6957 450.4051
36 188.0756 548.3671
37 270.3986 634.6905
38 275.7526 659.0237
39 243.1348 645.0127
40 226.5959 657.8030
41 256.1753 662.6776
42 241.3551 668.0331
43 201.4684 699.1033
44 275.1538 558.1452
45 271.7260 534.3247
46 105.7004 392.6792
47 229.7630 488.4431
48 224.5932 556.1590
49 223.3439 544.1471
50 125.2666 550.2335
51 272.7709 505.6682
52 155.5203 365.2637
53 126.0554 374.9585
54 83.7292 318.7370
55 248.2700 379.2126
56 216.2869 405.4133
57 184.6168 677.5083
58 77.0577 684.1110
59 241.3033 569.1964
60 259.6782 575.7657
61 209.0063 678.4030
62 219.3350 676.6378
63 113.7617 361.2577
64 224.5417 567.3547
65 195.5035 365.0033
66 190.8041 346.2281
67 167.2349 258.8798
68 99.1571 338.5113
69 180.9374 299.7887
70 92.6602 384.2732
71 78.4734 374.0794
72 272.7243 648.7112
73 250.3335 655.8549
74 234.0916 663.2563
75 247.0078 573.3506
76 214.3547 677.8868
77 223.2055 681.7123
78 221.9728 675.1855
79 252.3441 560.1036
80 245.7247 666.8924
81 260.7996 664.1445
82 278.8679 662.8281
83 272.1675 736.8069
84 273.1474 712.2897
85 274.5257 697.9288
86 276.1228 685.4739
87 277.8968 677.5661
88 243.0846 677.1976
89 239.7182 680.1257
90 234.6662 686.3730
91 230.0698 694.4422
92 206.8242 632.3484
93 54.9488 569.4659
94 294.8331 577.4184
95 233.2894 677.1939
96 228.5937 678.5609
97 267.4323 586.0733
98 233.0488 582.0287
99 263.6076 581.1257
100 207.7605 503.4379
101 173.8174 520.2747
102 220.3803 555.4534
103 116.0118 283.3719
104 131.5177 312.9215
105 147.1747 347.4775
106 219.5416 713.4342
107 240.4113 349.0811
108 232.0418 296.0332
109 222.9148 246.9563
110 144.4023 453.4241
111 94.0421 480.8809
112 232.1515 440.5595
113 116.0923 420.5333
114 244.5917 472.0238
115 237.8297 546.0755
116 71.3196 499.4239
117 108.9330 495.0862
118 136.7020 501.3124
119 177.3017 495.6697
120 206.9352 484.7886
121 229.1133 472.5444
122 272.0710 438.5815
123 75.0343 547.8600
124 98.0374 419.2362
125 283.1156 570.7779
126 231.1309 510.2177
127 49.8224 464.5952
128 245.4214 458.8120
129 219.0529 558.1720
130 127.8761 434.2457
131 236.9103 531.5016
132 60.9999 625.8256
133 231.8073 432.2298
134 254.4128 515.9682
135 122.9477 730.1397
136 124.3803 760.3762
137 54.0543 559.6802
138 96.1706 701.0977
139 66.1079 413.9622
140 214.3170 800.2489
141 285.9784 576.6606
142 212.5799 528.8363
143 74.3053 456.7248
144 163.2921 442.2146
145 181.8080 443.4944
146 217.6513 686.3114
147 79.4500 595.4753
148 255.5718 833.4897
149 186.7147 806.2257
150 157.3223 787.7119
151 289.7705 295.9687
152 303.7268 837.0960
153 199.4842 441.7311
154 216.0587 437.5030
155 226.5535 434.7861
156 82.7361 416.7296
157 213.7062 418.6029
158 195.5986 414.0023
159 177.6684 413.2515
160 159.4324 417.2340
161 147.6321 423.2965
162 53.6073 407.8936
163 150.9260 439.4835
164 296.4095 601.6126
165 224.6710 616.3076
166 240.6543 565.2084
167 266.0059 605.0914
168 292.0603 407.1609
169 152.6132 758.1681
170 181.9962 779.5214
171 254.5505 814.4043
172 99.2296 728.9495
173 226.2054 426.3240
174 258.2397 475.0650
175 303.2028 817.0179
176 218.3964 822.1107
177 60.8628 611.7666
178 258.8460 677.0070
179 255.5627 682.8423
180 252.0620 692.3093
181 249.0219 704.9008
182 242.5397 726.8854
183 228.2714 672.7510
184 221.2540 671.3499
185 214.4745 668.1669
186 192.0821 653.3038
187 109.0935 603.7398
188 258.7558 453.7526
189 248.4912 415.4223
190 235.3091 419.5744
191 233.2534 669.7039
192 106.5591 663.3592
193 265.7415 412.3938
194 230.7747 750.0772
195 292.5151 477.7309
196 272.5186 461.2842
197 292.5022 455.1451
198 243.5298 512.4236
199 302.7009 790.6429
200 302.0581 761.2710
201 265.6089 761.2110
202 179.5905 709.5428
203 202.9923 578.4105
204 202.7499 733.1035
205 155.7476 577.8463
206 184.8587 603.1902
207 138.5392 618.3156
208 258.2106 789.3369
209 230.8798 527.1792
210 160.3886 729.0680
211 189.4964 753.4144
212 161.9430 681.1916
213 85.4867 636.5426
214 134.0840 686.7895
215 73.0901 659.3947
216 169.1095 636.4137
217 245.0872 492.3956
218 245.2381 556.2597
219 231.4892 563.6148
220 253.5876 538.9934
221 231.6072 397.8579
222 196.9565 387.3969
223 167.0264 386.5451
224 142.1182 391.4875
225 124.9157 402.5353
226 112.8310 442.2320
227 51.2295 509.6013
228 129.0089 471.1963
229 150.7080 476.1726
230 178.8374 474.8536
231 205.6378 468.4446
232 226.4356 459.5392
233 240.6114 450.9162
234 52.5853 517.1287
235 232.5301 570.2424
236 257.9178 494.8025
237 260.1468 555.7965
238 272.6585 567.7737
239 260.6632 560.4146
240 239.2674 577.4966
241 276.4113 569.5671
242 278.8922 575.2119
243 239.5322 433.0986
244 251.6182 437.6489
245 257.6306 440.0351
246 140.6604 427.8695
247 128.8795 421.1139
248 311.1816 481.7556
249 447.0701 432.3351
250 315.2469 571.0926
251 528.3268 356.4988
252 386.2132 451.6177
253 407.9692 453.5944
254 428.7977 452.6673
255 455.7188 441.6536
256 367.7834 445.6194
257 412.2226 395.2979
258 389.6851 396.3962
259 433.3942 398.9553
260 448.1320 406.9165
261 474.7906 457.9246
262 385.2169 772.6241
263 454.3133 427.5126
264 542.1655 455.3091
265 499.4588 444.8479
266 404.4612 544.8463
267 324.8778 632.9725
268 321.6741 657.5340
269 353.3014 641.5722
270 370.9341 653.0177
271 341.9490 659.8350
272 357.4568 663.9035
273 399.4779 694.2023
274 312.1635 557.4756
275 314.1762 533.6037
276 482.4007 386.1454
277 359.3983 486.4204
278 364.3422 553.7361
279 365.4678 541.7834
280 469.4176 544.8167
281 312.6175 505.0844
282 428.7798 359.5864
283 459.8928 368.7216
284 504.4075 312.7887
285 334.9179 377.2171
286 370.1074 403.1915
287 415.0036 671.8905
288 529.5746 680.2313
289 348.7322 567.1050
290 330.9134 574.4773
291 390.4750 672.5858
292 380.2925 671.1870
293 472.2500 354.4792
294 365.5974 564.9548
295 387.7053 360.7787
296 391.6838 341.7412
297 413.3883 254.8286
298 488.0281 332.1575
299 400.5144 295.6506
300 495.9679 377.6232
301 512.2916 367.8690
302 323.6274 647.0833
303 346.8464 652.5912
304 364.0115 658.6852
305 343.4597 571.5463
306 385.1533 672.1798
307 376.7114 676.8590
308 377.7646 670.0686
309 336.2588 558.3007
310 353.2225 663.0621
311 337.6266 661.4622
312 319.2699 661.3884
313 330.8404 735.7844
314 328.1853 711.0495
315 326.1644 696.6907
316 323.9030 684.2438
317 321.6030 676.4389
318 356.8934 673.5971
319 360.3114 676.4621
320 365.5007 682.5448
321 370.6403 690.6466
322 389.1496 628.0218
323 548.5379 564.8240
324 366.7902 673.0534
325 371.2306 674.0469
326 323.9200 584.9087
327 358.3765 579.7291
328 327.1997 579.9378
329 382.7004 500.6534
330 418.2724 516.2536
331 369.5229 552.9054
332 467.9466 277.8791
333 452.5247 307.1940
334 436.5543 341.3196
335 382.4775 709.8009
336 341.5211 346.8858
337 348.4790 293.8883
338 355.9949 244.7371
339 446.1040 449.1758
340 499.3351 475.4566
341 355.9926 439.1611
342 473.3163 415.3238
343 343.5543 470.6281
344 349.9609 544.0040
345 523.9065 493.6518
346 484.0841 489.6609
347 455.7643 496.3731
348 414.0201 492.0157
349 383.2458 482.0867
350 360.0357 470.6774
351 313.4990 438.0592
352 521.8248 541.8543
353 492.2466 413.3318
354 305.2909 570.5168
355 358.1743 508.2450
356 549.2541 459.4361
357 342.7156 457.4825
358 371.6735 555.6483
359 461.9391 429.6990
360 350.6977 529.5852
361 544.0528 621.6542
362 356.0658 430.8524
363 331.9142 514.6266
364 481.2542 726.0858
365 482.3950 757.2461
366 546.1330 554.4537
367 507.9150 696.5367
368 527.7469 408.0865
369 391.6067 798.4575
370 303.5229 576.3710
371 378.1205 526.1669
372 519.2307 451.0953
373 426.1655 438.7120
374 407.5210 440.4810
375 382.5245 681.3425
376 519.3675 589.7127
377 351.5579 832.9966
378 420.1639 804.4699
379 449.3688 785.1553
380 389.3347 439.1578
381 372.3715 435.4531
382 361.5522 433.1543
383 508.8135 410.4730
384 373.9375 416.6068
385 392.0375 411.6250
386 410.0693 410.5008
387 428.5578 413.7769
388 440.7388 419.3446
389 542.4323 402.3314
390 438.5633 435.6300
391 369.3708 613.0838
392 348.9653 563.0563
393 326.9785 603.6633
394 452.1273 754.9344
395 423.2676 777.1145
396 351.6463 813.6045
397 507.6928 725.5330
398 361.4872 424.7354
399 328.3800 474.0931
400 388.5233 821.0223
401 541.2088 606.6867
402 340.9962 674.6731
403 344.5132 680.2528
404 348.5155 689.8483
405 352.1492 702.4347
406 360.0754 724.6712
407 371.0495 667.8225
408 377.5345 666.1116
409 384.0837 662.5799
410 405.6123 648.1405
411 488.7307 598.0840
412 328.0184 452.7317
413 337.9694 414.0107
414 351.6117 418.0307
415 366.2471 665.1186
416 494.5303 657.9004
417 319.4810 411.4872
418 373.1980 747.8535
419 312.7920 460.6498
420 344.2069 510.6390
421 338.4556 760.0395
422 422.1522 705.2198
423 389.8256 575.1843
424 400.1652 729.7209
425 439.1641 573.1756
426 410.3012 599.1746
427 459.1050 613.0534
428 347.0619 788.2988
429 358.1181 525.0593
430 442.5670 725.2046
431 414.6380 750.4528
432 438.3396 675.9429
433 515.2538 630.9920
434 467.2082 681.7910
435 530.4921 654.5661
436 428.2524 631.4026
437 342.7979 490.8088
438 343.1158 554.3255
439 357.9776 561.2843
440 333.2091 537.5985
441 353.8004 395.7529
442 388.0929 383.8559
443 418.2759 381.9547
444 444.0529 386.3707
445 462.8120 397.0605
446 478.3312 437.0258
447 547.1797 504.2659
448 462.8086 466.4567
449 440.8189 471.8404
450 412.0022 471.3557
451 384.2107 465.8362
452 362.7027 457.6786
453 347.8087 449.5077
454 548.8984 512.1645
455 357.4579 567.9893
456 328.4434 493.5588
457 327.5179 554.5016
458 316.0644 566.9939
459 327.6313 559.0799
460 351.6133 575.5440
461 312.2892 568.9321
462 310.7535 574.8237
463 348.1341 431.8214
464 335.9465 436.6026
465 329.4568 439.1049
466 448.1077 423.7897
467 459.8409 416.2205
