# Image: /home/yaroslav/Projects/Diia.AIContest-AdAstrum/fixtures/FLUXSynID-processed/0065bd34bc30/0065bd34bc30_f_live_0_p_d1.jpg
# Mode: stream
# Status: fail
# Errors: face_not_looking_straight_at_camera: Head is turned 178.6째 (max: 15.0째); head_is_tilted: Head is tilted 18.6째 (max: 10.0째); face_too_small_in_frame: Face occupies only 42.0% of frame (min: 50.0%)

# 2D Landmarks (index x y)
0 306.3736 640.7291
1 310.4433 581.1956
2 307.5090 597.0121
3 294.8825 514.5279
4 310.9223 561.9087
5 310.6042 534.8018
6 308.8815 466.9946
7 179.1926 454.9447
8 308.1919 422.6679
9 308.4605 397.3074
10 307.9532 293.3053
11 306.1107 649.7100
12 305.7576 654.9048
13 305.3778 655.5737
14 305.3345 658.9384
15 305.4812 665.9860
16 305.4261 674.7243
17 305.2522 683.7467
18 304.1699 697.0546
19 309.5205 589.7650
20 292.4260 586.3408
21 107.8170 376.6096
22 231.2543 474.0293
23 213.3464 475.1683
24 196.0728 473.8723
25 172.8787 462.2715
26 246.3659 469.5784
27 206.9651 430.9881
28 225.9340 431.6023
29 189.7871 433.6899
30 178.0206 438.6629
31 157.6800 474.7272
32 238.6857 723.7990
33 172.4756 449.8215
34 100.5540 460.2129
35 135.8114 461.8771
36 218.7623 555.6129
37 284.7785 637.2290
38 286.8654 653.7393
39 262.1280 640.8716
40 246.9815 645.9608
41 270.2949 653.3853
42 256.6593 653.2976
43 223.2163 669.0423
44 295.6428 580.4050
45 293.7873 561.8926
46 148.7364 421.2584
47 254.4682 507.1067
48 252.3326 570.5117
49 251.2300 559.3290
50 164.8455 551.4603
51 294.4629 536.5735
52 192.9695 405.8536
53 167.2765 410.3583
54 126.0611 344.5768
55 271.5648 420.1365
56 242.7050 436.4238
57 209.6540 652.2722
58 120.2000 630.2773
59 264.5533 580.8452
60 279.4480 586.8771
61 227.8871 652.8068
62 234.9202 651.9045
63 156.3686 396.8695
64 250.9425 577.4722
65 227.1283 407.7418
66 223.5207 391.3131
67 201.3984 302.7527
68 141.6428 369.5585
69 214.5623 345.1789
70 136.5899 411.1584
71 122.2735 394.5160
72 285.6050 647.6582
73 267.0383 649.2180
74 252.0832 650.2728
75 268.8407 583.8607
76 231.5737 652.6592
77 239.9233 656.6071
78 236.5849 650.9796
79 275.3908 576.9197
80 259.4383 651.1847
81 273.3839 652.7492
82 288.7708 654.4159
83 281.2482 697.7745
84 283.7426 682.8628
85 284.7707 672.8550
86 285.8815 664.4210
87 287.1542 658.1876
88 256.0911 654.9596
89 253.8515 656.8566
90 250.6155 661.4037
91 247.5782 667.1272
92 232.6814 624.0372
93 99.2304 538.1943
94 308.5456 592.0778
95 246.7440 653.6757
96 243.5656 654.5461
97 285.3683 595.9122
98 256.6932 588.1162
99 282.5954 591.6219
100 235.8964 517.7081
101 206.7654 530.4483
102 247.7114 566.6919
103 155.7698 319.4623
104 171.2861 352.3557
105 186.0559 389.1433
106 238.8753 680.3231
107 265.6332 394.8837
108 258.5993 343.4378
109 250.5162 294.8766
110 181.3342 469.7421
111 137.5450 488.3397
112 256.1540 465.0564
113 157.3603 441.9836
114 267.1969 495.2571
115 264.1512 565.3198
116 117.8964 499.7781
117 151.0571 503.1670
118 175.2913 511.4001
119 209.8592 508.5743
120 234.8206 500.6009
121 253.2762 491.9377
122 291.7294 471.7540
123 122.0123 540.2947
124 140.9183 439.0329
125 300.7413 588.8635
126 256.4609 527.1858
127 93.4738 454.2439
128 267.2924 482.2280
129 245.7952 566.4384
130 167.4635 452.2507
131 263.2334 551.7973
132 106.2819 583.4983
133 255.8242 457.3759
134 278.4864 542.3843
135 162.6200 680.0252
136 163.6606 696.1893
137 102.9113 540.3659
138 139.1536 654.5818
139 110.5885 423.8239
140 235.8711 738.5104
141 301.7203 591.2223
142 240.2557 540.5568
143 119.2564 464.0589
144 197.5603 462.2258
145 213.1008 464.4705
146 235.9117 659.9646
147 125.8802 577.5577
148 267.7189 757.9366
149 215.7387 735.7738
150 192.0491 720.0516
151 308.3667 343.8667
152 302.0064 759.9098
153 228.1853 463.4924
154 242.6215 460.6928
155 251.6760 459.1355
156 126.6363 433.5568
157 239.6762 440.7424
158 223.7113 433.9180
159 207.4777 432.6857
160 191.5148 436.3134
161 182.0196 442.0252
162 97.7974 410.7870
163 186.7245 458.6402
164 307.0526 610.3115
165 249.0512 614.4659
166 264.6277 578.6277
167 283.1146 611.4627
168 308.1727 443.1019
169 187.3735 703.7767
170 210.6783 721.3268
171 266.5102 750.7747
172 140.2403 668.2691
173 250.9385 450.8175
174 280.0946 503.2304
175 303.1202 751.6586
176 240.3772 749.0437
177 109.4886 581.5075
178 270.4472 656.5820
179 268.1679 660.8302
180 265.9710 667.5450
181 263.9988 676.3619
182 258.0183 690.4719
183 243.6477 652.5153
184 239.1117 651.5286
185 234.4388 649.0427
186 217.9155 637.2179
187 150.3313 590.3286
188 279.7086 482.3557
189 269.8940 446.0597
190 258.3701 448.3981
191 247.1515 649.9565
192 147.7906 632.1592
193 285.5227 446.0008
194 247.2654 707.3856
195 309.9832 511.7184
196 292.9419 494.1281
197 309.4158 490.0899
198 267.8501 533.6961
199 303.8026 736.8423
200 304.0570 715.9384
201 274.7528 716.5441
202 206.7492 675.5894
203 231.1142 581.0720
204 225.4372 693.8549
205 190.1753 577.2629
206 214.4514 599.4480
207 174.4609 606.0688
208 268.7916 736.8262
209 256.8411 543.0583
210 192.3000 686.9237
211 215.3050 706.2726
212 192.5908 653.8829
213 130.7160 608.5116
214 170.7147 653.9787
215 119.5634 619.3292
216 199.5556 622.8160
217 268.5740 514.8945
218 269.8222 574.1227
219 257.4543 577.0541
220 278.1033 562.9214
221 255.9748 433.1368
222 227.2484 425.2761
223 202.2117 423.6765
224 181.1454 425.0736
225 165.9977 430.6791
226 153.8854 457.0862
227 99.0134 499.9298
228 168.4171 483.5759
229 187.0740 489.9729
230 210.9788 490.2337
231 233.4323 486.0555
232 250.8201 480.0045
233 262.8631 474.0199
234 95.6494 495.6164
235 257.4127 580.9793
236 280.7010 522.3028
237 282.9472 576.6055
238 292.0321 584.5153
239 282.5175 578.5680
240 262.1822 586.0877
241 295.3808 587.0020
242 296.2334 589.5722
243 261.9233 459.7070
244 272.2616 464.2123
245 277.9176 468.0131
246 176.6281 446.2721
247 168.6614 443.5869
248 324.5420 514.2871
249 430.0559 450.4462
250 323.9087 585.9190
251 490.5471 374.5020
252 379.2487 471.5670
253 396.8927 472.3062
254 413.4857 470.8093
255 434.7955 457.9043
256 364.5407 467.4811
257 403.9215 426.8389
258 384.7329 428.2618
259 420.9963 428.9900
260 432.0431 433.8453
261 448.3284 471.1532
262 365.8443 721.1174
263 435.9081 444.8030
264 494.4138 456.4740
265 467.6000 457.7690
266 391.5312 554.3658
267 327.4543 636.9348
268 323.8629 653.5050
269 348.1978 640.2704
270 361.2886 645.2855
271 338.9612 653.0597
272 351.1267 652.7924
273 380.8660 667.4413
274 324.6995 580.1083
275 327.5151 561.5676
276 461.1636 415.4427
277 357.8472 506.2104
278 361.8528 569.8512
279 362.4777 558.6757
280 441.5696 548.9026
281 326.2656 536.3578
282 421.3646 400.4776
283 445.4574 404.4144
284 477.6856 342.7267
285 343.9066 418.2262
286 368.1809 434.0830
287 394.2383 650.5928
288 463.4974 624.2063
289 349.2845 580.3884
290 334.8393 586.7339
291 376.5442 652.1421
292 369.6131 651.2891
293 455.8477 390.8539
294 361.7506 577.0603
295 387.8253 403.8060
296 391.9557 387.2569
297 410.7099 301.7765
298 466.6155 365.7485
299 399.9111 342.7867
300 471.3860 405.6512
301 481.3322 390.9087
302 326.0731 647.4844
303 342.9878 648.7522
304 356.1200 649.7314
305 344.6811 583.5136
306 372.8490 651.9069
307 365.4952 655.7166
308 367.8243 650.3242
309 341.2426 576.1413
310 347.7725 650.8461
311 335.3759 652.5476
312 321.3066 654.3676
313 326.7782 697.2020
314 326.2063 682.3104
315 325.5878 672.4490
316 324.4237 664.1051
317 322.8934 658.0294
318 350.9143 654.3078
319 353.1684 656.1451
320 356.3201 660.4997
321 358.9721 666.0429
322 376.1353 623.1391
323 485.0802 533.4746
324 358.7971 652.9674
325 362.0284 653.9128
326 328.7805 595.7133
327 354.8947 587.9521
328 331.6324 591.3814
329 375.1059 516.6394
330 402.9979 528.9547
331 364.6172 566.1057
332 452.4764 317.7088
333 440.8141 348.7941
334 428.1800 383.6285
335 366.5621 678.6773
336 350.7604 392.8463
337 357.2624 342.5101
338 363.9757 294.4479
339 427.3455 466.0041
340 466.1745 484.9446
341 355.3197 463.0790
342 450.7219 436.9537
343 346.5034 494.4431
344 352.5258 564.5897
345 482.1211 496.0492
346 454.6060 500.2213
347 432.6392 509.1358
348 399.8687 506.9166
349 375.7888 499.1754
350 358.3500 490.7364
351 325.2158 471.2323
352 477.6047 536.3977
353 465.3660 434.2448
354 317.9904 588.5209
355 356.2941 526.5048
356 495.2170 451.1400
357 345.4519 481.2560
358 365.1654 565.9467
359 440.0309 447.3533
360 352.7014 551.2010
361 476.8398 578.0450
362 355.4330 455.1082
363 340.1974 541.8286
364 431.8814 674.2115
365 426.6564 689.5901
366 488.7337 535.5913
367 452.4656 648.4558
368 488.2344 420.3921
369 367.0369 734.9844
370 315.2197 591.1322
371 370.9468 539.6622
372 481.0719 460.0630
373 413.1311 458.6127
374 397.9433 461.2655
375 369.1208 658.9944
376 471.6429 573.1810
377 335.5764 756.0012
378 382.1082 730.9091
379 402.3472 714.1107
380 382.7195 460.7448
381 368.4199 458.1721
382 359.5413 456.8549
383 476.9938 429.0295
384 371.0140 437.8865
385 386.4550 430.3503
386 402.6640 428.5142
387 418.4182 431.5237
388 427.4864 437.0886
389 495.6746 408.4714
390 423.3364 454.6054
391 361.4845 613.9539
392 349.9890 577.9698
393 330.3201 611.1191
394 409.9833 698.5551
395 388.8186 716.5483
396 338.9363 749.0467
397 446.2211 661.7109
398 360.1603 448.3044
399 336.5135 502.7119
400 360.8156 745.5904
401 480.3924 576.0181
402 338.2516 656.1068
403 340.7641 660.3167
404 342.8728 666.8097
405 344.4495 675.4349
406 348.9054 689.1481
407 362.2475 651.9729
408 366.8774 650.9812
409 371.4917 648.3690
410 388.4273 636.0036
411 451.4837 586.7200
412 335.5700 481.6577
413 342.7607 444.5086
414 353.1500 446.4226
415 358.5303 649.5817
416 449.4044 627.4800
417 329.3960 445.2324
418 357.9478 705.1459
419 325.3248 493.7735
420 347.4089 533.0349
421 332.6684 715.4977
422 396.0520 672.7903
423 378.8612 580.3112
424 378.2415 691.2357
425 417.7891 575.2081
426 394.1570 598.1306
427 430.2661 603.3040
428 338.2272 735.4466
429 356.1584 542.5134
430 408.1716 682.6732
431 386.4822 702.4693
432 410.4540 651.0391
433 464.7990 603.6765
434 428.9367 649.7059
435 470.0001 613.3066
436 406.5670 621.0446
437 346.0181 514.2310
438 346.9864 573.3293
439 356.9137 576.4399
440 341.1007 562.3410
441 356.4753 430.8364
442 385.1529 421.5862
443 410.2386 419.1823
444 430.8191 420.3417
445 444.4398 425.5575
446 452.1527 452.6410
447 494.2650 495.6887
448 438.8746 480.2260
449 421.4571 487.4241
450 398.5676 488.1181
451 376.9302 484.0411
452 360.3582 478.4218
453 349.0434 472.6044
454 490.2680 491.8473
455 355.8123 580.5717
456 337.0455 521.8334
457 336.0812 576.0155
458 325.5233 584.0480
459 335.0759 577.8176
460 350.4767 585.8767
461 322.9376 586.6186
462 320.3303 589.2223
463 349.7463 457.8113
464 340.2076 462.9700
465 335.7946 467.1161
466 432.3253 441.3290
467 439.9890 438.5852
