# Image: /home/yaroslav/Projects/Diia.AIContest-AdAstrum/fixtures/FLUXSynID-processed/0036d398ec92/0036d398ec92_f_live_0_p_d1.jpg
# Mode: stream
# Status: fail
# Errors: strong_shadows_on_face: Strong shadows or uneven lighting detected (difference: 35.3); head_is_tilted: Head is tilted 12.3° (max: 10.0°); face_too_small_in_frame: Face occupies only 36.5% of frame (min: 50.0%)

# 2D Landmarks (index x y)
0 315.7558 514.6219
1 319.7551 447.1760
2 314.8242 473.8949
3 300.3648 395.9147
4 320.6331 428.6529
5 319.2639 408.4487
6 313.8642 363.4626
7 169.2017 367.5753
8 313.3486 324.3645
9 314.2263 302.2889
10 312.1078 239.3072
11 315.5805 524.2963
12 314.7629 533.8386
13 313.0607 540.0441
14 314.2830 547.0588
15 314.5871 555.0649
16 314.4822 565.8252
17 313.4698 577.7809
18 310.2023 599.6138
19 317.9262 458.4879
20 299.0191 461.7791
21 90.0248 320.4266
22 223.4877 381.5018
23 204.5181 383.2843
24 186.0741 383.1419
25 160.7559 374.9248
26 239.5104 376.5785
27 200.9965 335.4175
28 220.3761 337.0081
29 182.1206 337.7124
30 168.6067 344.4237
31 143.6063 388.6496
32 228.0117 633.2401
33 162.3142 363.5760
34 77.5962 391.3023
35 120.4814 377.7948
36 213.6129 452.2374
37 293.1310 513.1382
38 296.5891 535.5767
39 268.7998 524.9904
40 253.8155 539.1358
41 279.6126 540.7968
42 266.3249 547.8275
43 223.3693 576.0853
44 303.5276 447.0697
45 301.2894 429.9368
46 138.6209 325.7529
47 250.3743 406.6478
48 253.5064 453.6079
49 251.0106 445.5871
50 153.4256 455.3169
51 301.0358 410.9182
52 186.7753 301.3906
53 159.5459 309.7406
54 114.7670 286.5704
55 271.3110 318.0452
56 237.3930 343.2056
57 210.5280 560.3601
58 79.3581 565.0732
59 268.1250 463.6417
60 284.6728 468.8161
61 237.7738 562.1014
62 246.5303 559.8504
63 147.8257 300.2841
64 252.3143 464.7557
65 223.3095 303.1680
66 220.4926 290.0380
67 201.6185 244.5048
68 131.6375 293.2039
69 213.2210 266.5282
70 125.5168 321.4693
71 108.0450 322.0769
72 294.8757 525.2481
73 275.0954 534.0611
74 260.5011 543.6281
75 273.2213 467.9518
76 242.7975 561.5692
77 249.7002 560.6240
78 247.4749 558.0125
79 280.1078 451.7671
80 269.4714 548.3621
81 282.3794 543.7905
82 297.7688 541.0152
83 284.5246 598.9654
84 290.2014 576.7361
85 292.9014 564.6599
86 295.0795 553.8822
87 296.5332 547.4378
88 266.3518 552.6762
89 263.6895 555.3093
90 259.2208 560.7818
91 253.9506 567.8896
92 234.4839 518.3526
93 62.3035 476.8082
94 316.1346 465.2613
95 257.3740 555.9636
96 254.2978 557.5147
97 291.1842 476.5606
98 258.9523 478.1502
99 288.1347 472.8592
100 229.7859 418.4948
101 198.9295 431.8306
102 247.3177 456.2584
103 150.2198 260.2168
104 164.7579 273.3553
105 179.7836 289.3363
106 238.2958 584.9390
107 266.9329 296.1648
108 260.9510 268.0930
109 253.7791 238.9330
110 169.9635 380.7623
111 121.2294 403.0296
112 250.0094 371.4030
113 145.5873 351.5963
114 264.9784 393.8512
115 267.0831 442.3707
116 97.1490 417.8270
117 135.9910 413.8034
118 162.4726 418.3894
119 200.3256 413.4858
120 227.5129 404.8689
121 248.4436 395.4524
122 294.6422 368.0529
123 100.3541 454.9232
124 128.1900 350.2862
125 308.4409 458.0232
126 253.3990 422.1015
127 64.8198 398.5766
128 264.1667 384.9535
129 244.3322 460.0728
130 154.8237 364.4329
131 264.7914 433.3203
132 66.0570 519.6954
133 249.7077 365.7235
134 282.6586 419.7785
135 132.2962 599.5220
136 124.3319 625.8326
137 72.5916 465.6243
138 108.0846 575.4024
139 92.4140 354.7500
140 218.4609 656.7792
141 309.0373 464.6590
142 236.0894 437.5178
143 101.7037 383.9770
144 188.5203 372.1604
145 204.9460 373.3734
146 243.9838 564.9021
147 103.2115 491.0310
148 255.1684 688.2460
149 184.5909 663.9307
150 155.7021 648.4016
151 313.6119 271.1245
152 303.4005 692.0063
153 220.4125 372.2164
154 235.0285 369.3860
155 244.5030 367.5324
156 112.2813 350.3357
157 234.3313 357.9165
158 218.0703 355.3775
159 202.9818 354.6565
160 186.8552 356.2287
161 175.7983 359.1896
162 73.9794 355.5985
163 177.2757 369.8978
164 314.8716 487.0308
165 251.1837 504.2097
166 268.3022 458.7208
167 289.1579 491.0144
168 312.3647 345.5763
169 158.3695 622.7042
170 186.1692 640.2301
171 258.5908 668.2630
172 100.1385 600.4073
173 245.2775 361.9655
174 281.7146 393.4532
175 306.6561 672.7154
176 217.4215 677.5919
177 76.8080 505.3188
178 280.4068 549.0758
179 277.3631 553.8564
180 273.7663 561.9631
181 269.8177 572.9267
182 258.7650 593.0032
183 255.2205 554.9112
184 249.3501 553.6020
185 242.9950 551.1291
186 220.3824 538.1999
187 136.2003 496.4705
188 280.0947 379.6210
189 267.4372 351.8909
190 254.3837 355.3425
191 258.4289 552.6137
192 127.0720 544.1667
193 286.3329 348.9159
194 242.3227 612.5860
195 317.3117 392.7575
196 297.1101 382.5268
197 315.6501 378.2761
198 268.0825 420.9014
199 308.6420 648.0262
200 309.4904 621.6726
201 275.2747 620.1106
202 196.1744 583.3150
203 228.2953 476.1166
204 215.8825 601.1596
205 184.0938 474.7086
206 211.2943 495.1659
207 165.7313 507.5031
208 265.5507 644.3631
209 254.9714 433.8514
210 172.1290 598.8401
211 198.5353 618.0477
212 183.6700 560.9817
213 106.1604 523.0701
214 152.9750 564.1047
215 86.2730 542.1922
216 196.2633 523.8046
217 267.6542 407.3855
218 274.0184 448.7721
219 260.0667 458.3048
220 283.4168 434.6706
221 252.5949 335.1796
222 222.3680 323.8152
223 196.2388 321.4518
224 173.4636 325.2570
225 156.5301 335.0011
226 139.8807 370.9570
227 72.0565 427.7015
228 154.6602 394.9076
229 174.8636 398.7458
230 200.9085 397.4137
231 225.4547 392.4309
232 244.6512 385.8034
233 258.3164 379.4798
234 62.8890 438.1426
235 260.1972 465.6951
236 283.5593 406.0300
237 289.0067 446.1847
238 298.8715 457.0827
239 288.4492 450.8066
240 265.6531 472.7199
241 302.6580 457.4896
242 303.0673 464.0975
243 257.4663 365.7034
244 269.3775 369.3972
245 276.6647 370.7769
246 168.5734 361.6158
247 157.3959 352.5148
248 332.8587 396.5438
249 434.5289 375.6990
250 331.0324 462.0719
251 486.9488 334.3597
252 384.0496 386.8105
253 401.9296 389.2736
254 418.6123 389.7815
255 440.2029 383.2818
256 369.3745 381.2518
257 408.8553 343.2111
258 390.1693 343.8620
259 426.0574 346.2997
260 437.0576 353.5289
261 453.3995 397.2046
262 380.8087 632.9926
263 439.9889 372.4979
264 496.1823 403.1096
265 471.3417 387.8873
266 398.3850 455.2627
267 337.0451 512.8196
268 331.0144 535.2191
269 357.4932 523.8148
270 368.6872 537.7044
271 345.0125 539.6283
272 355.1235 546.5959
273 389.7694 575.3930
274 334.6808 447.5445
275 338.0300 430.5935
276 464.9127 336.8491
277 363.7322 409.5439
278 370.3063 454.8751
279 370.7599 447.1976
280 448.1173 460.8884
281 335.9672 411.6962
282 429.8390 311.5674
283 451.2825 320.5832
284 474.0190 300.0154
285 352.8231 321.7093
286 373.3461 348.9245
287 402.0063 559.7179
288 477.2158 570.9414
289 355.2089 464.3782
290 340.8052 469.0133
291 379.0755 560.4129
292 369.9660 557.8641
293 460.4037 311.9728
294 368.3776 465.5001
295 398.2584 310.7532
296 402.2179 297.8767
297 411.7185 253.0825
298 467.9114 305.4483
299 406.2030 274.7230
300 473.5647 333.3198
301 480.5740 334.9295
302 334.7387 524.6495
303 351.1704 532.9195
304 362.0961 542.1335
305 350.0007 468.2016
306 374.1819 559.6993
307 369.7976 559.2457
308 367.7420 556.1420
309 349.3446 452.8198
310 349.9846 546.7879
311 339.4999 542.7119
312 326.8565 540.4216
313 334.1965 598.7120
314 335.7017 576.6446
315 335.0310 564.4020
316 333.0831 553.6254
317 330.8493 547.2500
318 354.9080 551.6797
319 358.2005 554.3803
320 362.8929 559.9353
321 367.2154 567.0360
322 384.2654 518.3454
323 491.4603 486.6995
324 361.0428 554.5868
325 364.9626 556.0298
326 335.6237 476.5362
327 360.5317 478.1338
328 338.0621 472.9941
329 381.4671 421.9909
330 409.6491 436.1696
331 371.7513 457.2312
332 451.2006 272.3395
333 445.1715 284.5505
334 436.7358 299.9442
335 376.3818 584.2445
336 359.8207 300.5267
337 363.4875 272.4713
338 367.0844 243.5032
339 432.4752 388.1843
340 471.3770 412.0926
341 360.1986 375.5662
342 455.2390 361.6099
343 352.1881 396.2582
344 361.7523 444.0838
345 488.0836 427.7667
346 461.2610 421.7095
347 439.9273 424.9465
348 406.4832 418.6416
349 381.7497 409.0136
350 363.2964 398.8221
351 330.8928 369.3734
352 485.5559 463.0204
353 468.8633 360.9368
354 326.6479 458.3714
355 363.1749 424.2602
356 494.5426 411.0762
357 350.0286 387.6203
358 371.3497 461.1794
359 445.6751 373.6239
360 361.6192 434.9302
361 487.7141 527.7113
362 359.8976 369.7152
363 349.4562 421.0522
364 452.7583 602.0172
365 449.8187 627.5900
366 497.3131 475.0874
367 469.3380 579.8094
368 488.0519 367.2800
369 386.1951 656.4495
370 322.9287 464.8397
371 377.3753 439.8191
372 484.4820 394.7439
373 417.9406 379.0783
374 402.3303 379.6550
375 374.6750 563.5279
376 480.7611 498.0274
377 348.8778 688.0094
378 406.3219 663.5251
379 427.9611 648.5938
380 387.2950 377.9115
381 373.6828 374.4285
382 364.6910 371.9758
383 479.1219 361.8960
384 374.5406 363.3306
385 389.5030 361.9343
386 404.3214 361.6670
387 419.3774 363.9647
388 429.4711 367.5343
389 493.3387 369.2855
390 427.8411 377.5308
391 369.9063 504.1966
392 356.8556 459.9442
393 338.6484 490.9661
394 433.0419 623.3962
395 411.2943 639.9933
396 352.0680 668.2716
397 464.1489 604.1272
398 364.4433 366.6408
399 343.2487 394.9931
400 381.4506 676.9899
401 492.1281 513.0654
402 344.5504 548.5848
403 347.8186 553.3028
404 351.3703 561.5728
405 354.2496 572.5338
406 358.2583 592.6018
407 363.2515 553.0633
408 370.0062 551.9512
409 376.0437 549.4472
410 395.6699 537.8765
411 458.9985 501.6789
412 341.1526 381.5666
413 347.3469 355.3416
414 357.1040 359.4224
415 358.8324 550.8995
416 461.2927 548.4999
417 334.6482 350.9861
418 369.7962 612.2274
419 332.3648 383.5027
420 355.1178 422.6170
421 341.2586 619.7317
422 410.2052 583.7154
423 385.6224 477.5930
424 392.5498 600.9477
425 424.4085 478.6981
426 401.8667 497.0494
427 437.7704 511.0983
428 348.9681 644.3295
429 363.9632 435.6423
430 427.1117 599.7995
431 405.0631 617.9562
432 422.6075 562.0507
433 476.0781 528.8818
434 443.6669 566.9186
435 484.1429 548.5345
436 414.1056 525.3895
437 352.8112 409.3103
438 355.7240 450.1950
439 364.6537 459.6165
440 351.1319 435.7789
441 363.1338 339.8230
442 392.8111 330.7042
443 417.4007 329.9754
444 436.9271 334.9830
445 449.4818 345.1759
446 456.8856 380.2002
447 499.3147 438.7607
448 445.2071 402.7166
449 428.0140 405.3628
450 405.0051 403.0247
451 382.3455 397.1450
452 365.0637 389.7954
453 353.3226 382.8529
454 492.1125 449.3134
455 362.2877 466.4372
456 345.1301 407.3236
457 345.5457 447.1468
458 333.4593 457.4218
459 343.4431 451.7353
460 355.8838 473.1116
461 331.5503 458.0710
462 327.8250 464.3477
463 353.5640 369.4362
464 344.1646 372.4239
465 340.2603 373.1203
466 435.4648 370.3270
467 445.4691 362.0578
