# Image: /home/yaroslav/Projects/Diia.AIContest-AdAstrum/fixtures/FLUXSynID-processed/0036d398ec92/0036d398ec92_f_live_0_e_d1.jpg
# Mode: stream
# Status: fail
# Errors: image_blurry_or_out_of_focus: Image is blurry (sharpness score: 21.14); strong_shadows_on_face: Strong shadows or uneven lighting detected (difference: 47.8); head_is_tilted: Head is tilted 13.0° (max: 10.0°); face_too_small_in_frame: Face occupies only 42.1% of frame (min: 50.0%)

# 2D Landmarks (index x y)
0 310.4730 518.1641
1 314.5359 450.4413
2 310.2759 477.8209
3 297.2493 399.4241
4 315.6795 431.9064
5 315.1471 411.9409
6 312.1805 367.5413
7 169.4979 370.0259
8 313.0372 327.8115
9 314.4683 305.3360
10 314.7012 240.3255
11 310.2048 527.7700
12 309.3256 537.5931
13 307.7958 544.1424
14 308.5198 552.3093
15 308.5338 560.3668
16 308.1794 571.2619
17 307.0396 583.3077
18 303.7768 605.3306
19 312.8054 461.9193
20 294.9221 465.2899
21 93.6743 320.8751
22 222.7057 385.3870
23 203.8456 386.7866
24 185.6055 386.1081
25 161.0640 377.3012
26 238.8250 380.6670
27 202.0283 336.4489
28 221.4679 338.5398
29 183.0928 338.7116
30 169.4684 345.6965
31 143.6291 390.7825
32 222.5745 636.9977
33 162.9231 365.7525
34 78.6775 392.6414
35 121.1063 379.5629
36 211.3040 455.4278
37 288.4023 516.3168
38 291.6889 539.0390
39 264.6457 528.1728
40 250.1800 542.4073
41 275.2936 544.2853
42 262.6237 551.4521
43 219.9310 579.7843
44 298.6841 450.1596
45 296.7523 432.9272
46 140.5197 327.0454
47 248.8117 410.4215
48 250.7947 456.7666
49 248.5664 448.9212
50 151.5389 457.9028
51 297.1436 414.1476
52 188.6976 302.9660
53 161.5705 311.0549
54 118.7943 286.6734
55 271.6538 321.0065
56 238.2758 345.5456
57 207.7648 563.6847
58 78.3571 568.6435
59 265.2449 467.0998
60 281.2419 472.4837
61 234.8742 565.7630
62 243.8538 563.6929
63 150.4036 301.4792
64 249.8033 468.1072
65 224.7754 305.2029
66 222.2130 291.9699
67 204.7808 244.4970
68 134.8281 293.8549
69 215.6349 267.4181
70 127.7786 322.6038
71 110.8539 322.7717
72 289.9858 528.4165
73 270.7769 537.3060
74 256.7470 547.0399
75 270.1763 471.5541
76 239.9784 565.3262
77 246.2783 564.6046
78 244.9502 561.8870
79 276.4678 454.9022
80 265.9603 552.2028
81 278.2565 547.5430
82 293.0674 544.8446
83 278.5702 604.0627
84 284.2871 581.7106
85 287.0842 569.5702
86 289.5458 558.7255
87 291.2822 552.3246
88 262.6211 557.0914
89 259.7327 559.6436
90 254.9777 565.0397
91 249.5565 572.0731
92 231.2018 521.6409
93 62.7799 479.3448
94 311.3066 468.9060
95 254.1696 560.1721
96 250.9826 561.6162
97 287.2500 480.1996
98 256.0974 481.7679
99 284.4658 476.5068
100 228.0675 422.0755
101 197.0990 434.8199
102 244.9116 459.6865
103 154.0351 260.2432
104 167.9027 274.0818
105 182.1593 290.8113
106 233.9296 588.9944
107 267.8315 298.7131
108 262.7227 269.4053
109 256.4996 239.3146
110 169.8567 383.4018
111 120.9496 404.9186
112 249.5239 375.4968
113 146.6057 353.2531
114 263.4902 397.6858
115 263.7757 445.3374
116 96.9293 419.5359
117 135.1212 415.9560
118 161.2016 420.9300
119 198.9894 416.6905
120 226.1958 408.5405
121 247.1852 399.3991
122 292.9906 371.8799
123 99.2980 457.0638
124 129.4956 351.8003
125 303.5895 461.3297
126 251.3923 425.8000
127 66.8335 400.1263
128 262.9770 388.9110
129 242.0880 463.6819
130 155.4660 366.5002
131 261.8365 436.5213
132 65.8597 522.7557
133 249.6350 369.6588
134 279.1927 422.9019
135 129.5812 602.9642
136 121.5146 629.6220
137 72.1150 467.6779
138 105.9424 578.7974
139 94.3679 355.7591
140 212.8670 660.2399
141 304.3841 468.2204
142 234.0330 441.1173
143 102.3306 385.5141
144 188.2240 375.1989
145 204.3836 376.8060
146 240.4533 568.8165
147 101.7526 493.5899
148 248.4894 692.4067
149 180.0673 667.4048
150 152.0558 651.9238
151 314.9993 273.0765
152 295.8841 697.2977
153 219.8353 376.0026
154 234.6070 373.4043
155 244.2648 371.5952
156 113.8145 351.6611
157 234.6209 360.4006
158 218.6290 356.9577
159 203.4905 355.7908
160 187.3741 357.3663
161 176.3351 360.6833
162 76.9457 356.5203
163 177.2488 372.6451
164 310.1796 490.8541
165 247.6361 507.6457
166 265.2198 462.0397
167 284.9519 494.5652
168 311.5308 349.3940
169 154.9438 626.0128
170 181.7827 643.4992
171 251.7978 672.4363
172 98.1341 604.2562
173 245.3272 365.4475
174 279.5305 397.1265
175 299.0751 677.9455
176 211.7450 681.1835
177 75.7021 507.9221
178 275.8557 553.6611
179 272.6542 558.3411
180 268.8053 566.4827
181 264.6118 577.4859
182 253.5457 597.5453
183 252.1486 558.7018
184 246.1929 557.2446
185 239.8212 554.6177
186 217.5088 541.4581
187 134.1108 499.1985
188 278.5442 383.4111
189 267.2922 355.4425
190 254.4940 358.8376
191 255.5736 556.5277
192 125.1019 547.2448
193 285.6961 352.4849
194 236.9887 616.7329
195 314.0556 396.5081
196 294.7727 386.2685
197 313.1104 382.2753
198 265.5194 424.3811
199 301.3303 653.3901
200 302.6984 627.3245
201 269.0519 624.9606
202 192.8538 586.7609
203 225.8111 479.6149
204 211.5896 604.8717
205 181.6687 477.6623
206 208.5828 498.4109
207 163.3655 510.4378
208 259.0136 648.7747
209 252.6928 437.4224
210 168.8475 602.1687
211 194.2146 621.4434
212 180.9728 564.1582
213 104.5502 525.9200
214 150.4547 567.2840
215 84.7088 545.2434
216 193.7267 526.9408
217 265.5951 411.0648
218 270.4552 451.8448
219 257.1570 461.4880
220 279.4997 437.6062
221 253.1188 337.9432
222 223.5628 325.6096
223 197.4929 322.7702
224 174.7964 326.5418
225 157.7684 336.4102
226 140.5642 372.8620
227 72.3579 429.3127
228 154.3052 397.2494
229 174.0917 401.4865
230 199.9240 400.7659
231 224.4533 396.2568
232 243.7009 389.8573
233 257.4420 383.5627
234 64.0952 440.1467
235 257.4243 469.0997
236 280.6885 409.4351
237 284.8315 449.2001
238 294.5620 460.4270
239 284.4760 453.9616
240 262.7379 476.3248
241 298.0220 460.7733
242 298.6204 467.6183
243 257.1966 369.6494
244 268.6606 373.3724
245 275.6324 374.6640
246 169.1584 363.4109
247 158.2181 354.2164
248 329.6237 400.6493
249 436.2629 382.3956
250 326.0829 466.1684
251 492.6400 340.9760
252 385.0004 393.2646
253 402.9258 395.9980
254 419.8611 396.7003
255 442.1653 390.2454
256 370.2418 387.4208
257 410.4294 347.3382
258 391.3428 347.8815
259 427.9713 350.9945
260 439.2880 358.9222
261 455.5644 404.7287
262 374.3761 640.2671
263 442.0125 378.9557
264 501.7434 411.7106
265 474.5249 395.6473
266 396.6900 462.0646
267 331.8113 516.9629
268 325.6306 539.4843
269 352.2428 529.1119
270 363.3802 543.6927
271 339.5476 544.7534
272 349.6125 552.3451
273 384.4262 582.8800
274 329.3304 451.2290
275 333.1003 434.2554
276 467.2505 343.2488
277 362.6318 415.4408
278 365.9475 460.2865
279 367.0033 452.8266
280 448.1910 469.2078
281 331.8907 415.5591
282 430.7929 316.6901
283 452.9547 326.2892
284 479.2037 305.4429
285 352.8395 325.8251
286 374.3167 353.2807
287 397.1065 567.3119
288 478.9858 582.6334
289 350.5963 469.5112
290 336.0080 473.7702
291 373.6821 567.4035
292 364.3965 564.6473
293 462.4580 317.8775
294 364.0703 471.1411
295 398.6658 315.2828
296 402.7868 302.3064
297 415.4857 255.9816
298 471.4139 311.1184
299 408.2271 278.2755
300 476.5639 339.8770
301 484.9061 341.4159
302 329.3270 528.7998
303 345.7420 538.0259
304 356.6685 547.9607
305 345.3936 473.2951
306 368.6972 566.5403
307 364.1360 566.0282
308 362.2694 562.8823
309 344.5725 457.2911
310 344.6972 552.5915
311 334.1790 547.8753
312 321.6334 544.9742
313 327.7999 604.9796
314 329.2748 582.7144
315 328.7337 570.3345
316 327.0506 559.3816
317 325.0121 552.9274
318 349.1278 558.0120
319 352.4238 560.8582
320 357.1293 566.5880
321 361.3981 573.8921
322 379.9226 524.8704
323 496.6029 497.2117
324 355.3818 561.1624
325 359.2415 562.7075
326 330.8381 481.0973
327 356.2669 483.7927
328 333.2373 477.5859
329 380.5787 428.4157
330 409.1412 443.1880
331 368.0394 463.1412
332 455.7387 276.5190
333 447.9585 289.2746
334 437.9732 305.1448
335 370.8136 591.4965
336 360.1778 304.3329
337 365.0747 275.1775
338 370.1487 245.4202
339 434.0859 395.2069
340 474.0792 420.2210
341 360.9200 381.4341
342 457.6741 368.2477
343 350.9930 401.6685
344 357.2794 448.8530
345 491.4077 436.5927
346 463.0786 429.7907
347 440.7763 432.5519
348 406.5857 425.5519
349 381.5934 415.4660
350 362.9792 404.8237
351 329.3830 373.8481
352 487.6557 472.5481
353 471.6954 368.0614
354 321.4624 461.9885
355 361.1729 430.0468
356 501.1676 420.0128
357 349.5960 393.0922
358 368.1082 467.3780
359 448.0665 380.3327
360 357.7696 439.9804
361 491.3405 538.9964
362 360.7161 375.3868
363 345.5621 425.4338
364 450.0972 612.4059
365 447.6159 638.4855
366 501.2408 485.2684
367 468.5760 590.8541
368 493.0567 374.7779
369 379.3822 663.7571
370 317.9854 468.6529
371 375.5380 446.1514
372 488.5654 402.8907
373 419.2053 385.8277
374 403.5627 386.2060
375 369.0686 570.5134
376 481.9964 508.1413
377 341.3795 694.3336
378 400.5777 671.9684
379 423.7172 658.2585
380 388.4846 384.3265
381 374.7760 380.6321
382 365.5988 377.9091
383 482.8032 369.1975
384 375.6477 367.9613
385 390.7752 366.0494
386 405.7582 365.7987
387 421.0273 368.5569
388 431.2519 372.8100
389 499.6100 377.0097
390 429.3915 384.2817
391 365.4456 510.2043
392 352.1914 464.9078
393 333.8523 495.5470
394 428.7323 632.8964
395 405.7135 648.3663
396 344.5191 674.5279
397 463.8946 615.7089
398 365.3252 371.9563
399 341.0450 399.7283
400 374.5285 684.3160
401 494.9211 524.0074
402 338.7170 554.6350
403 341.8829 559.4465
404 345.2829 567.9374
405 348.0427 579.0858
406 352.1760 599.4508
407 357.7378 559.4660
408 364.5263 558.4528
409 370.6761 556.0959
410 391.0174 544.9394
411 458.6698 510.9978
412 339.8540 386.4577
413 347.7914 360.1720
414 357.8570 364.4771
415 353.5125 557.2281
416 460.0307 558.6439
417 334.2550 355.3544
418 363.7934 619.3913
419 329.9892 387.8212
420 352.2725 427.7838
421 334.5728 626.1455
422 405.3284 591.8778
423 382.5478 484.2637
424 387.1584 608.6841
425 422.8703 486.4221
426 398.7641 504.1971
427 435.7770 519.6506
428 341.7355 650.6523
429 361.1706 441.3598
430 422.5946 608.7619
431 399.5786 626.1019
432 418.4244 570.3317
433 476.3365 539.3603
434 440.5957 576.2970
435 485.4504 559.8075
436 410.5907 533.0458
437 350.7640 414.5489
438 350.9369 454.7579
439 360.0008 464.7885
440 346.3378 439.9479
441 363.7455 344.3154
442 393.7135 335.0286
443 418.7070 334.6243
444 438.6279 340.2740
445 451.6239 351.1268
446 459.5089 387.4447
447 504.1925 448.1279
448 446.9101 410.1535
449 429.1447 412.6067
450 405.6338 409.9215
451 382.8081 403.6140
452 365.4139 395.8886
453 353.5526 388.5502
454 498.3206 459.0253
455 357.7146 471.8010
456 342.0591 411.9055
457 340.4030 451.2055
458 328.4497 461.3949
459 338.4599 455.8874
460 351.4131 478.4980
461 326.3780 461.8425
462 322.8834 468.3265
463 354.2197 374.9003
464 344.3633 377.6695
465 339.8721 378.1344
466 437.3457 376.2438
467 447.7355 368.3180
