# Image: /home/yaroslav/Projects/Diia.AIContest-AdAstrum/fixtures/FLUXSynID-processed/013cfc72cfbc/013cfc72cfbc_m_doc.jpg
# Mode: stream
# Status: fail
# Errors: face_too_small_in_frame: Face occupies only 43.6% of frame (min: 50.0%)

# 2D Landmarks (index x y)
0 310.3781 585.9460
1 308.3414 522.0617
2 308.6716 544.7442
3 289.7157 463.9923
4 307.6684 502.4800
5 306.3715 478.7428
6 303.5380 424.5564
7 168.1768 431.2638
8 301.8002 389.7855
9 301.2237 365.9624
10 298.0502 268.1845
11 310.7283 595.2954
12 310.9117 602.7552
13 310.9112 606.1742
14 311.4760 613.7596
15 311.9000 620.8301
16 312.2107 630.3433
17 312.4246 641.3951
18 312.2707 661.7056
19 308.4225 532.8729
20 292.0780 533.8098
21 92.2080 372.0979
22 221.2687 445.5187
23 202.4178 447.6549
24 184.5752 447.3588
25 160.9396 439.8422
26 237.4414 439.9994
27 198.0644 404.9603
28 217.1331 404.6894
29 180.1734 408.3515
30 167.8854 414.2255
31 144.0716 453.4359
32 241.2889 699.4098
33 162.1611 427.9497
34 84.9487 454.1282
35 121.5694 444.5109
36 213.0148 520.0397
37 288.5467 584.4618
38 292.5768 603.8309
39 266.3388 593.7748
40 251.9594 605.3780
41 276.6729 607.5451
42 263.9213 612.5474
43 229.1966 640.0424
44 293.0288 522.4358
45 289.9540 503.8196
46 135.0807 399.7694
47 248.3057 471.4790
48 249.4964 523.7541
49 247.8011 514.6154
50 153.9740 524.0588
51 289.8024 481.8364
52 182.3067 378.5994
53 154.6524 385.9443
54 111.3572 334.9856
55 265.2321 388.8963
56 234.3911 408.3915
57 214.5497 623.9109
58 106.0545 636.3762
59 263.9343 533.7516
60 280.0158 538.2514
61 237.2781 622.5183
62 245.4613 620.1146
63 142.8511 374.4319
64 249.5062 533.1166
65 219.0133 378.7327
66 214.6020 362.6921
67 188.7880 283.0038
68 127.8694 352.7786
69 203.4824 319.3648
70 122.3065 392.8658
71 107.4026 382.3974
72 290.3325 595.7420
73 272.2665 602.1755
74 258.0870 609.2453
75 269.2045 536.8663
76 241.6800 621.6504
77 249.0800 622.6380
78 247.0406 618.9955
79 273.1350 525.1159
80 267.1817 611.6715
81 280.1204 608.6767
82 294.8651 606.9685
83 288.4261 662.7869
84 290.6124 641.3475
85 291.6972 629.6996
86 292.7900 620.1664
87 294.0632 614.2792
88 264.8255 617.0524
89 262.4663 619.1833
90 258.6782 624.1565
91 255.1078 631.0549
92 233.9426 585.9072
93 83.0891 544.2148
94 308.4482 537.8405
95 256.3492 618.7117
96 253.0409 619.7774
97 286.5167 546.1635
98 257.0757 544.9189
99 283.4582 542.3260
100 228.6093 484.0637
101 198.1237 498.4688
102 245.0561 523.9966
103 141.9876 304.7167
104 158.5223 331.0712
105 174.7489 363.3516
106 244.4520 649.1389
107 257.8964 364.1616
108 248.6924 314.7455
109 239.0222 271.9290
110 169.3948 445.2645
111 123.0056 468.7679
112 247.9277 434.4289
113 144.3467 420.5035
114 261.3489 457.8075
115 260.6313 514.8126
116 102.1068 484.5885
117 137.2197 480.0458
118 163.0650 484.3651
119 199.7186 478.9618
120 226.3947 469.6294
121 246.4473 459.2134
122 285.7299 430.5098
123 106.5213 524.1711
124 127.0734 420.2551
125 299.3772 532.4646
126 251.4095 488.3627
127 77.9980 458.2290
128 261.1193 447.6324
129 243.5504 526.6978
130 155.5232 430.8494
131 259.2753 503.7255
132 90.2546 589.8988
133 248.0502 427.3359
134 274.0671 490.7001
135 153.6409 669.5121
136 153.3577 694.4531
137 85.9760 534.9922
138 127.3767 647.4808
139 95.5892 415.1923
140 236.7812 720.0668
141 301.4846 537.3901
142 235.0243 503.8206
143 104.4358 450.1770
144 185.9169 435.5163
145 201.9957 436.7294
146 244.6426 627.1236
147 111.4941 562.8634
148 272.7191 744.4443
149 211.8400 727.2444
150 184.8878 714.4225
151 299.5854 313.6713
152 313.6713 745.7492
153 217.8775 435.3121
154 232.8170 431.9380
155 242.8055 429.6542
156 112.2453 418.4985
157 231.8019 415.6471
158 215.8219 411.9509
159 200.0241 411.4893
160 184.0063 415.0895
161 173.8218 420.3976
162 81.9658 410.6573
163 175.2331 433.3163
164 309.2397 557.8525
165 250.3891 571.9987
166 263.1911 530.2645
167 284.7698 561.0314
168 302.4559 406.8661
169 181.3781 690.6194
170 207.8535 705.8773
171 271.8516 729.1507
172 128.1385 671.0164
173 243.1252 422.0859
174 274.7145 459.1653
175 313.6926 729.5946
176 240.5105 737.4177
177 93.2522 577.1345
178 278.2279 615.0877
179 275.7122 619.4965
180 273.1569 626.8446
181 270.9025 637.1550
182 264.0201 656.9900
183 252.8765 617.0484
184 247.3466 616.4501
185 241.6091 614.4439
186 220.6234 603.9057
187 139.7329 568.0557
188 273.9001 442.7648
189 263.2645 414.3722
190 251.2791 418.0989
191 256.3158 614.5229
192 138.1046 616.3688
193 279.2890 411.6366
194 251.6264 678.5079
195 305.3838 460.0523
196 287.4339 447.9285
197 304.4369 442.6311
198 263.2665 489.0396
199 313.3944 708.5472
200 312.7420 683.6583
201 281.3860 684.9059
202 207.8310 650.2743
203 229.0554 543.5338
204 227.9438 667.4687
205 183.5806 544.6767
206 211.8601 564.0277
207 168.1487 578.2081
208 274.7664 708.9084
209 252.6392 501.5061
210 189.3524 666.7604
211 215.0940 684.6547
212 192.0479 628.2979
213 117.5389 595.8444
214 165.4162 633.7766
215 104.9188 614.9792
216 197.9205 591.9766
217 263.3734 473.4562
218 267.1193 522.2366
219 255.3763 529.3540
220 274.4835 508.2361
221 248.9509 402.8471
222 218.6601 396.1128
223 192.3629 395.5034
224 169.9534 398.8834
225 153.5497 406.8481
226 140.4135 437.3424
227 82.4536 493.9776
228 155.1203 460.1243
229 174.7679 463.5712
230 200.0231 462.2673
231 224.1621 456.8603
232 243.0484 449.3730
233 255.9315 441.9768
234 80.1564 501.5010
235 256.4863 534.9632
236 275.6425 474.3832
237 280.1107 521.0007
238 290.7122 530.3483
239 280.3370 524.8268
240 262.3697 540.7118
241 293.7720 531.5126
242 295.8864 536.4212
243 254.9128 428.2089
244 266.0212 431.2030
245 271.9306 432.6044
246 167.5377 424.3441
247 157.1084 420.9212
248 320.9954 463.1917
249 434.6343 423.7641
250 324.0562 533.0052
251 506.1805 361.2581
252 383.1923 441.0284
253 402.1965 441.9434
254 419.9245 440.4545
255 442.2829 431.9855
256 366.5803 436.4285
257 403.8442 399.3247
258 384.7610 399.9567
259 421.7998 401.7507
260 434.1513 407.0035
261 460.0461 444.5144
262 383.2554 695.0187
263 440.2589 420.3499
264 517.8033 442.4458
265 481.7018 434.5907
266 398.7144 514.3885
267 331.9358 582.8871
268 329.1142 602.5205
269 354.4025 590.4885
270 369.2122 600.9435
271 344.9669 605.0537
272 357.8991 608.8925
273 392.9801 634.3650
274 323.4353 521.6036
275 324.9199 502.8021
276 466.4312 390.5913
277 359.6643 468.2047
278 364.4338 520.2485
279 365.0478 510.8965
280 456.2996 515.0431
281 322.9959 480.8631
282 419.0350 371.8258
283 446.6521 377.8696
284 485.8664 325.0171
285 337.8414 386.6267
286 367.7577 404.6528
287 406.3182 617.1905
288 505.8543 625.5421
289 350.9704 530.9891
290 335.6134 536.5457
291 384.7298 616.9387
292 376.4402 615.0283
293 457.8627 365.7319
294 364.8946 529.4563
295 382.7564 373.8768
296 386.4648 357.6291
297 406.9401 277.1705
298 471.1838 343.3656
299 395.0064 314.0179
300 478.6320 383.2314
301 492.5819 372.2173
302 331.0138 594.2587
303 349.1837 599.2323
304 363.5495 605.2291
305 345.9990 534.5136
306 380.3407 616.2366
307 373.5520 617.9437
308 374.4956 614.0874
309 341.9376 523.0415
310 354.1677 608.2314
311 341.2620 606.3494
312 326.6949 605.7544
313 335.9916 661.2117
314 333.9473 639.8576
315 332.5491 628.2669
316 330.7358 618.9571
317 328.9150 613.1299
318 357.4844 613.6084
319 360.1636 615.5522
320 364.2318 620.3835
321 368.1987 627.0498
322 384.6546 580.7252
323 522.4997 532.6489
324 365.6618 614.5910
325 369.1816 615.3530
326 330.3085 544.7418
327 358.0687 541.5650
328 332.6468 540.8221
329 380.0364 479.5678
330 411.3460 492.0363
331 368.1990 520.0192
332 454.2092 296.3880
333 440.1575 323.1738
334 425.8930 356.0452
335 378.5376 644.5049
336 343.8008 361.6727
337 350.1798 311.8879
338 356.7947 268.8028
339 434.4408 437.6415
340 482.1356 458.6597
341 355.7822 431.5313
342 457.8369 412.1068
343 345.9940 455.3817
344 353.3355 512.0238
345 503.3193 473.4315
346 469.1843 470.3520
347 444.3203 476.0489
348 407.7589 472.8034
349 380.6615 465.0848
350 359.9386 455.9568
351 321.1512 429.5469
352 501.4212 512.9771
353 475.1006 410.7293
354 317.3645 532.0055
355 358.5209 485.0808
356 523.2270 446.4043
357 344.8303 445.3255
358 369.4779 522.6009
359 447.0178 422.9633
360 353.3182 500.9164
361 518.1697 578.5961
362 355.0717 424.4633
363 338.3830 488.6652
364 464.9098 660.5734
365 465.1775 685.7552
366 520.7530 523.2984
367 488.3292 637.4732
368 505.6242 404.2503
369 388.3474 715.4658
370 315.3398 537.0196
371 375.5145 499.4825
372 499.0313 439.4483
373 417.5861 428.8578
374 401.7595 431.0641
375 378.1224 622.2118
376 498.8338 551.8929
377 353.7745 742.0935
378 411.3145 721.3687
379 436.4882 707.1391
380 385.7896 430.5942
381 370.5197 428.1147
382 360.4354 426.4866
383 489.7315 408.2570
384 370.4034 411.8458
385 386.1433 407.3207
386 401.7920 406.0894
387 417.7781 408.8120
388 428.2547 413.4601
389 517.6950 399.2949
390 427.8630 426.1234
391 367.4191 567.9392
392 351.6918 527.5551
393 333.3806 559.3934
394 439.6829 683.0402
395 415.1241 699.7354
396 354.7809 726.7272
397 487.1966 661.2774
398 359.5355 418.9840
399 334.2304 457.5535
400 384.6361 733.2004
401 516.2489 565.6300
402 344.5295 612.8329
403 347.3571 616.9714
404 350.3989 624.1174
405 353.1379 634.3283
406 359.7710 653.9182
407 368.9857 612.5314
408 374.5643 611.4882
409 380.0056 609.2115
410 398.9825 597.6037
411 472.6442 558.2348
412 333.1172 441.1345
413 340.0847 412.1595
414 351.5418 415.2964
415 365.1118 610.2837
416 476.9890 606.5747
417 325.1964 410.2975
418 372.3268 674.6680
419 321.4021 446.9584
420 347.5665 486.5042
421 343.7665 682.9194
422 413.3438 643.6806
423 385.1729 538.4161
424 394.6235 662.2048
425 429.4412 537.1536
426 403.7207 557.9064
427 446.6775 569.6899
428 351.3977 706.5938
429 358.6279 498.2038
430 431.4915 659.4190
431 407.7604 678.8256
432 427.3969 620.7088
433 494.8966 585.1850
434 452.5724 625.1775
435 507.4532 604.1310
436 419.5872 584.7124
437 345.8637 470.9949
438 347.7486 519.9063
439 359.2631 526.1402
440 340.0294 506.3699
441 353.5987 399.7746
442 383.3156 391.2611
443 409.5710 389.3657
444 431.9458 391.8323
445 448.3062 398.9856
446 462.5858 428.5053
447 522.1711 482.1965
448 449.7847 451.5928
449 430.9256 456.0924
450 405.8780 456.2910
451 381.4384 452.2818
452 362.1702 446.0335
453 348.9633 439.3301
454 522.9078 489.8523
455 358.2585 531.7641
456 334.9971 472.6990
457 335.5594 519.3386
458 325.3574 529.4409
459 335.1668 523.2859
460 352.7105 537.8440
461 322.6972 530.7322
462 320.6815 535.8303
463 348.5677 425.7250
464 338.5170 429.1736
465 333.4872 430.9486
466 434.7582 417.0918
467 444.9433 413.2115
