# Image: /home/yaroslav/Projects/Diia.AIContest-AdAstrum/fixtures/FLUXSynID-processed/013cfc72cfbc/013cfc72cfbc_m_live_0_a_d1.jpg
# Mode: stream
# Status: fail
# Errors: image_blurry_or_out_of_focus: Image is blurry (sharpness score: 33.93); strong_shadows_on_face: Strong shadows or uneven lighting detected (difference: 43.2); head_is_tilted: Head is tilted 25.0° (max: 10.0°)

# 2D Landmarks (index x y)
0 288.9108 600.2057
1 275.1309 525.4211
2 285.5078 557.1259
3 262.3981 465.6507
4 274.8342 502.7322
5 277.9986 478.8162
6 288.8207 427.0882
7 139.9443 446.7934
8 292.4357 387.1398
9 292.3778 361.4352
10 298.4900 283.2933
11 290.0940 611.0459
12 291.6920 620.7417
13 293.2941 625.6439
14 295.0115 651.6021
15 294.4009 659.4507
16 294.1199 670.3694
17 294.4282 684.5545
18 295.7083 715.2129
19 278.2044 540.0239
20 261.0407 544.8266
21 80.0158 406.8076
22 202.0185 458.3116
23 179.7053 460.9474
24 158.8566 461.8887
25 131.9591 456.4435
26 220.8504 452.1929
27 171.8745 408.2649
28 195.6795 408.4179
29 149.8675 412.8792
30 135.4403 422.0039
31 114.8741 473.0721
32 200.1439 759.1018
33 132.8682 444.2909
34 65.6280 488.1269
35 94.2338 466.0473
36 173.6172 535.5060
37 254.1735 599.5479
38 261.5903 623.1804
39 221.0354 611.1477
40 202.6450 625.1098
41 237.8195 627.8283
42 220.8948 634.5986
43 181.2854 674.0656
44 255.9368 526.7084
45 252.7283 505.4342
46 104.6067 407.4521
47 223.7051 483.4296
48 207.4163 534.4255
49 207.8459 525.0537
50 109.2051 541.7535
51 257.0764 482.9116
52 152.8788 373.9497
53 123.5975 386.7420
54 97.2845 364.5455
55 247.4091 383.8417
56 216.9343 414.0059
57 162.9215 650.9002
58 84.3745 695.0971
59 226.4731 546.0902
60 246.9056 551.7076
61 185.5039 649.5204
62 197.7585 648.0854
63 113.1958 377.6122
64 208.2342 546.2648
65 193.6271 372.1062
66 189.0862 356.7835
67 177.3500 303.1372
68 105.0664 370.2289
69 184.8309 327.1620
70 94.6045 404.4764
71 87.2806 406.7721
72 257.1007 612.9254
73 229.9414 620.9109
74 211.5622 629.8891
75 233.0807 550.3349
76 191.3159 649.0003
77 202.2696 655.9548
78 201.6738 647.6045
79 236.1880 534.2635
80 227.1067 633.8646
81 244.3839 629.4158
82 266.3011 627.0200
83 259.1637 714.2494
84 260.2114 683.6599
85 261.9062 669.6596
86 263.9646 658.7813
87 267.0575 652.2555
88 226.2497 652.8778
89 221.8337 655.3145
90 215.9336 661.0594
91 210.8594 669.2914
92 185.1488 605.9833
93 71.0223 594.1463
94 281.7031 548.4158
95 215.1340 652.5395
96 208.6359 652.7764
97 254.7885 560.4108
98 217.9160 560.1880
99 250.9779 556.3767
100 199.3291 497.3464
101 161.7394 512.4886
102 205.0260 536.7980
103 128.0907 328.9882
104 136.2837 342.6686
105 145.6153 361.0379
106 200.0119 690.4513
107 239.9115 358.0634
108 235.7543 322.3346
109 231.9613 289.9004
110 141.5432 461.0001
111 91.8379 490.5495
112 232.8746 445.5258
113 114.5089 434.3386
114 239.7311 467.7933
115 220.4726 522.2931
116 70.3782 511.1428
117 102.9781 498.5130
118 127.8188 499.6742
119 169.6418 493.0279
120 201.8631 483.2541
121 226.2714 471.6038
122 267.7528 434.5168
123 67.0571 550.7547
124 99.1871 435.9388
125 266.6355 540.1050
126 221.2853 499.8155
127 69.6525 501.4679
128 243.4663 458.1936
129 205.0039 541.1672
130 125.3754 446.5237
131 221.4464 511.1366
132 73.7511 643.8968
133 233.2412 439.0288
134 238.9319 494.7299
135 110.6259 721.3161
136 118.1266 758.3165
137 58.0166 573.3680
138 87.9832 697.4536
139 77.4383 445.3149
140 194.5891 789.4893
141 272.7181 548.1562
142 201.0977 517.6336
143 79.1170 475.6641
144 160.7134 448.8718
145 179.6127 448.9187
146 196.1516 660.4709
147 67.9825 593.7663
148 240.6088 828.3673
149 170.8461 800.6370
150 145.2745 782.7557
151 294.8857 320.6357
152 296.9564 833.0026
153 198.0047 447.2481
154 215.9594 443.9651
155 227.4446 441.4835
156 87.3955 438.4486
157 213.8562 431.1568
158 194.6434 429.3179
159 176.4683 429.2832
160 158.1267 432.5675
161 146.0365 437.3542
162 71.8710 449.4634
163 148.4938 448.1014
164 287.3402 571.6623
165 205.6892 590.0579
166 225.0677 541.6022
167 251.7919 576.3034
168 292.2749 409.2518
169 137.2040 747.6754
170 164.4831 768.5960
171 237.1970 803.0016
172 100.0003 732.6621
173 227.1521 435.2628
174 249.7010 465.0595
175 293.8578 807.7480
176 200.8033 816.3125
177 61.7884 620.0821
178 244.3487 652.0407
179 239.7833 657.0309
180 235.4973 665.6654
181 231.9346 678.2772
182 225.0274 704.5653
183 206.7662 641.4484
184 198.0087 639.8874
185 190.3046 637.2489
186 168.9644 626.3767
187 91.3892 593.8861
188 254.6152 449.6823
189 250.0113 421.0035
190 237.2701 426.4488
191 213.5843 638.4653
192 90.8807 654.0923
193 265.4264 415.3306
194 212.7301 730.5805
195 281.8022 460.6862
196 264.4768 450.6721
197 285.1671 444.1768
198 231.6487 497.2236
199 293.0937 776.3254
200 294.5078 742.7248
201 250.7038 741.3543
202 161.0487 687.7385
203 188.0021 560.7311
204 184.4319 713.1450
205 137.1205 562.9967
206 166.6053 583.5758
207 118.3617 602.0058
208 240.6157 772.9836
209 218.7605 512.4606
210 142.6470 712.8708
211 171.2402 737.8182
212 142.4873 658.6491
213 73.0656 632.7565
214 115.8757 670.9546
215 70.4529 662.7147
216 148.5070 613.7894
217 236.4769 482.3891
218 227.8307 530.5324
219 214.7761 540.4322
220 235.2827 512.5739
221 232.5200 404.2474
222 196.1320 394.2742
223 164.5849 394.2552
224 138.8194 401.4413
225 121.8469 414.5862
226 112.1900 456.0783
227 58.9308 530.1266
228 124.7787 477.8405
229 145.8292 479.2905
230 174.5360 476.7200
231 202.9515 470.3988
232 225.4708 462.0508
233 240.5245 453.4794
234 71.4024 548.4327
235 216.9294 547.6501
236 245.9286 478.9937
237 241.5339 526.8932
238 257.7634 539.4058
239 243.9765 532.7839
240 224.2864 554.8928
241 260.4011 539.7768
242 265.6875 547.4638
243 241.1767 438.0856
244 252.3365 440.5343
245 256.5937 440.7840
246 138.5321 441.1411
247 125.6578 433.0212
248 302.5667 463.9861
249 470.1109 436.7438
250 305.6155 542.9504
251 572.8354 386.7502
252 401.0268 450.8582
253 424.4768 451.8193
254 447.9472 451.4945
255 482.5016 445.4004
256 381.7229 446.7389
257 427.3241 401.0749
258 403.5344 402.6418
259 451.9347 404.1982
260 469.9512 412.1958
261 503.2340 459.2358
262 400.9206 756.8646
263 479.2668 434.3802
264 587.8171 470.9761
265 532.2667 451.3296
266 420.8266 525.3141
267 325.8344 595.7990
268 325.0917 620.3489
269 367.2483 604.1666
270 394.9047 615.5943
271 355.4064 622.3697
272 379.3067 627.2525
273 430.4795 664.8446
274 296.5737 524.9216
275 298.9286 503.2236
276 506.4518 396.3269
277 367.5705 477.5528
278 367.5784 527.5177
279 370.2312 518.1600
280 498.9864 526.4947
281 300.7585 481.2297
282 443.0237 368.4718
283 478.7244 378.2053
284 539.8467 344.6992
285 340.5492 382.3592
286 383.4664 409.1826
287 450.4396 638.9947
288 589.8754 687.4594
289 350.0295 540.6012
290 328.4379 548.1167
291 427.6794 638.2064
292 415.8359 637.8808
293 493.0892 368.1857
294 372.4739 539.2045
295 397.8199 367.8953
296 401.7048 352.1336
297 432.5504 289.8149
298 515.5387 355.0537
299 414.3679 318.2595
300 523.3957 391.6411
301 547.3128 390.0670
302 325.9686 609.4133
303 360.4567 614.6860
304 386.4681 621.3148
305 344.9697 545.3965
306 421.6458 638.0814
307 407.0577 646.4385
308 412.6097 638.0767
309 329.8985 529.8609
310 375.7233 627.0602
311 351.6692 624.5992
312 324.0789 624.4415
313 334.7591 712.2860
314 331.4335 681.0247
315 329.7659 666.7820
316 327.7893 655.8862
317 326.1338 649.7164
318 378.7965 645.9195
319 382.6203 648.0323
320 388.2065 653.5650
321 393.5783 661.7248
322 411.6242 596.3143
323 610.1425 581.2681
324 394.8561 644.5657
325 400.8180 644.1565
326 320.6863 557.6829
327 367.1332 554.0239
328 324.3263 553.1157
329 395.2613 489.3166
330 436.6764 501.0252
331 377.6297 529.1696
332 495.1719 311.3633
333 473.3048 330.2772
334 452.3110 354.3194
335 406.1496 683.8156
336 346.7424 355.9533
337 357.3899 316.8186
338 369.4682 281.8544
339 469.7305 449.6959
340 531.1727 474.3694
341 369.3135 441.5399
342 500.1456 422.8234
343 348.4796 463.4852
344 346.2137 516.7226
345 562.0879 494.2590
346 512.5459 482.4835
347 479.2881 485.2731
348 431.6378 482.2321
349 396.6413 475.2226
350 369.8869 466.0079
351 312.2866 433.0749
352 562.7198 533.8148
353 521.4802 422.7270
354 290.5664 538.9497
355 365.2012 493.8865
356 606.5259 484.5494
357 350.0041 454.2619
358 383.2063 533.6611
359 489.8759 435.8244
360 349.3617 505.7199
361 605.7894 633.1080
362 370.7477 435.5184
363 324.0423 490.9726
364 525.0197 716.4369
365 529.6821 756.9922
366 596.4003 558.5036
367 558.1622 690.2784
368 568.6117 427.7878
369 407.7304 789.1667
370 291.5491 547.3294
371 389.9666 509.6465
372 556.1949 459.6876
373 444.5359 439.1899
374 423.4799 440.1997
375 413.8790 650.6515
376 565.3493 579.0036
377 356.6561 828.9185
378 447.8482 801.6232
379 486.7438 783.0926
380 404.3891 440.0972
381 387.3201 438.4800
382 376.4887 437.0883
383 541.7911 423.2844
384 388.5248 426.2936
385 406.7711 423.1875
386 424.6588 421.9246
387 445.2946 423.7865
388 460.7713 427.8421
389 593.9798 430.4980
390 459.2164 438.0283
391 383.5496 582.4867
392 348.5445 535.9502
393 326.3555 572.8794
394 487.3921 744.3907
395 450.0495 767.4816
396 354.4746 802.8280
397 562.6285 728.8135
398 375.9924 431.4409
399 326.5808 461.9235
400 405.5268 817.3735
401 594.4208 607.1833
402 354.3955 647.3413
403 358.1159 651.8478
404 361.5854 660.4744
405 365.2210 673.3016
406 374.8657 700.4781
407 401.5130 632.3288
408 408.9832 629.8251
409 416.2444 626.3049
410 436.4245 614.6666
411 527.9412 579.7461
412 329.5534 447.0833
413 347.6760 418.7510
414 364.0751 423.0057
415 396.4114 630.5477
416 540.5811 643.1611
417 323.8967 413.9962
418 388.8803 727.4756
419 307.5264 449.1487
420 344.5857 492.4816
421 342.2616 739.9730
422 452.3555 679.4467
423 405.5147 551.8601
424 424.5552 707.6843
425 464.2148 550.5899
426 432.2678 573.1948
427 492.0728 589.3192
428 349.6893 771.9446
429 363.9863 506.3396
430 475.4990 706.7419
431 439.7235 734.2461
432 472.4343 647.6691
433 564.2220 620.1211
434 506.7410 661.5928
435 584.0506 652.3693
436 458.2541 601.8302
437 345.1382 477.9667
438 337.6953 525.6304
439 359.4777 533.9977
440 323.0204 508.5849
441 364.5677 400.9242
442 400.7726 389.1052
443 433.1461 386.9170
444 462.5064 392.1121
445 485.7742 404.0380
446 507.8758 443.2461
447 594.5960 513.8168
448 488.9568 464.1704
449 462.1466 467.0586
450 429.3988 466.5449
451 398.5390 462.7245
452 374.9413 456.6434
453 358.4776 449.3976
454 609.0802 533.4556
455 361.4101 541.4878
456 323.4910 475.8285
457 315.6237 523.6805
458 304.1965 537.4313
459 317.5620 529.5736
460 356.8205 549.4765
461 298.7433 538.2797
462 299.7298 546.0750
463 360.4885 435.0005
464 345.3802 438.0031
465 335.4319 438.3369
466 470.6726 431.4065
467 485.6154 422.7280
