# Image: /home/yaroslav/Projects/Diia.AIContest-AdAstrum/fixtures/FLUXSynID-processed/011d70276dce/011d70276dce_m_live_0_a_d1.jpg
# Mode: stream
# Status: fail
# Errors: image_blurry_or_out_of_focus: Image is blurry (sharpness score: 62.06); strong_shadows_on_face: Strong shadows or uneven lighting detected (difference: 69.0); face_not_looking_straight_at_camera: Head is turned 175.8째 (max: 15.0째); head_is_tilted: Head is tilted 31.9째 (max: 10.0째)

# 2D Landmarks (index x y)
0 286.2738 659.2789
1 271.3863 589.5413
2 283.4757 608.8707
3 262.4179 504.4310
4 270.4923 564.5700
5 273.8559 530.1818
6 287.4087 446.1882
7 169.5765 432.7033
8 291.7684 396.0789
9 291.2065 366.7383
10 297.6280 247.2938
11 287.5466 670.3303
12 289.8065 676.8147
13 292.6448 677.4301
14 293.9361 700.8681
15 292.8590 710.3515
16 292.6152 721.9981
17 293.5582 735.3024
18 297.6360 756.5831
19 274.4963 601.1606
20 258.3172 595.9686
21 122.4237 352.4327
22 225.2530 449.7039
23 206.3208 451.5277
24 187.5551 451.7577
25 163.7748 441.6514
26 239.9760 445.1733
27 193.1727 403.7285
28 214.2891 403.9814
29 175.1444 407.4463
30 164.1584 414.1803
31 149.6407 457.3019
32 226.7099 784.4636
33 162.7878 429.1652
34 113.8854 448.3538
35 132.6704 445.1722
36 194.1431 551.2714
37 257.6666 653.8108
38 264.9963 674.6495
39 231.6754 654.5376
40 218.4492 658.7447
41 246.0773 671.6556
42 233.2866 670.5234
43 204.9156 693.5428
44 254.2265 588.0205
45 251.0968 563.9477
46 137.3248 397.7928
47 236.8480 493.3705
48 215.2397 570.4426
49 217.2743 556.3756
50 143.5920 543.6905
51 256.1591 531.9807
52 174.6764 377.1031
53 151.4214 383.7056
54 133.3371 314.1107
55 254.8155 392.4452
56 232.8052 408.9148
57 188.5704 667.0936
58 143.0761 660.4963
59 229.9973 584.2611
60 246.9927 594.0359
61 204.7112 668.8760
62 214.8823 670.1033
63 143.2429 369.4918
64 216.5804 578.3450
65 208.6237 378.1988
66 203.8567 359.7594
67 192.0249 261.4744
68 138.1894 340.5619
69 198.6687 308.1464
70 129.5468 387.5914
71 125.5688 371.0908
72 260.6091 666.7345
73 239.3764 665.5115
74 225.7139 665.0029
75 235.3343 588.3297
76 209.3852 669.4612
77 218.5688 681.9090
78 218.8735 669.9745
79 237.3258 582.1621
80 239.0398 668.6687
81 252.2699 671.4364
82 270.1614 675.2669
83 267.7411 753.5310
84 265.2208 731.0989
85 265.6297 717.5772
86 267.4493 705.9928
87 270.4306 698.0272
88 237.8677 686.1423
89 234.0714 688.6493
90 229.2585 694.0078
91 225.8904 700.9035
92 202.9216 634.6434
93 128.2753 546.3837
94 278.7731 604.5844
95 229.6363 680.4104
96 223.7346 680.5083
97 254.8678 606.0276
98 224.9137 591.7937
99 250.8814 600.5749
100 218.0947 504.9893
101 186.7891 519.1157
102 215.7124 565.0022
103 154.1644 282.7880
104 161.3037 318.7498
105 168.4954 358.8280
106 220.8204 716.1169
107 246.3674 363.4998
108 241.3235 304.6646
109 238.1153 250.6129
110 172.0485 448.5242
111 131.0601 473.1808
112 248.6295 440.1470
113 147.3973 420.9369
114 249.2646 479.9600
115 225.0661 566.0863
116 115.1013 488.6326
117 139.9036 487.5378
118 160.6939 495.5821
119 195.7288 492.7338
120 222.4058 484.0191
121 240.9733 474.4884
122 270.1389 451.8366
123 112.3744 534.4247
124 134.4268 418.9237
125 263.8162 599.5635
126 233.2118 518.1295
127 121.9527 445.4790
128 254.0516 463.6006
129 217.5371 564.3551
130 158.0294 431.3379
131 227.6737 548.7236
132 132.2756 601.6885
133 247.8939 432.1520
134 241.3133 538.3832
135 160.2934 717.9660
136 172.5771 746.1340
137 110.1811 542.4491
138 140.9764 685.0264
139 119.5605 405.9017
140 225.5348 810.2610
141 269.6755 603.1819
142 217.0950 533.2965
143 121.2453 449.3458
144 188.7184 437.1175
145 205.9196 438.0250
146 214.1810 684.6057
147 115.1696 580.9564
148 263.2443 847.5639
149 212.7704 807.3610
150 194.0813 781.0435
151 293.5140 304.8934
152 306.2379 855.3090
153 221.9405 436.6348
154 236.5920 433.8069
155 244.8013 432.8010
156 125.4655 414.2162
157 231.8757 419.8000
158 215.4094 415.5414
159 198.0396 414.8779
160 181.4007 418.3743
161 171.5851 423.5419
162 118.8098 393.3800
163 177.2996 435.0934
164 285.4477 624.8401
165 217.5229 624.0539
166 228.4459 582.0917
167 254.8415 623.9149
168 291.9108 419.1725
169 182.6789 752.2805
170 203.7796 781.1188
171 257.4525 830.7763
172 156.8553 708.9883
173 242.6021 426.8739
174 254.5376 490.4418
175 301.3021 837.9646
176 233.8932 830.8465
177 115.5175 593.3004
178 251.8720 692.6370
179 247.8621 698.2426
180 244.5265 707.0593
181 242.4554 718.7708
182 240.4363 737.6102
183 221.8045 669.0473
184 214.8469 666.1641
185 208.8749 662.0392
186 191.3866 648.5769
187 131.4750 593.8580
188 260.2814 464.8156
189 260.0270 420.3951
190 249.9301 421.8228
191 228.1373 666.7844
192 136.9638 650.3031
193 270.5215 421.9706
194 234.3655 758.9647
195 278.4909 501.1991
196 265.6811 479.2803
197 282.8967 474.5654
198 239.0007 526.8339
199 298.6849 811.8538
200 298.1116 781.3220
201 263.6493 776.9971
202 192.3291 703.4287
203 204.1682 582.2810
204 212.1221 734.0348
205 164.4679 577.0625
206 188.4570 604.4631
207 151.7890 612.4624
208 257.6869 806.1695
209 229.3176 537.3011
210 181.4198 723.5197
211 204.9359 754.9986
212 175.0505 671.2930
213 122.4926 621.1965
214 156.7746 676.3362
215 125.3629 640.9193
216 175.4397 630.7846
217 244.5091 504.1814
218 230.2278 577.9940
219 220.3388 579.2927
220 236.4247 564.5936
221 244.6234 405.0025
222 212.6651 395.7067
223 185.4740 394.7479
224 164.3009 398.2905
225 151.7433 406.8201
226 147.3199 438.3698
227 109.8399 494.6733
228 158.5955 465.7016
229 176.5741 471.4329
230 201.5191 470.7258
231 225.1366 465.5652
232 242.4211 458.9642
233 253.6737 452.6971
234 126.6527 495.4005
235 222.5788 583.4581
236 249.5721 513.8505
237 241.4625 582.6303
238 255.1906 593.7736
239 243.6931 585.1488
240 229.0950 590.0470
241 257.9428 597.1752
242 262.9775 600.4539
243 253.8168 434.4878
244 262.4307 441.4734
245 264.2538 447.0589
246 166.3592 427.0569
247 157.1261 421.2066
248 297.3528 504.8273
249 452.0751 435.0390
250 302.8932 597.2142
251 561.7843 347.0942
252 387.0254 450.6530
253 408.0339 452.8632
254 429.9781 453.6078
255 463.6694 443.8334
256 369.9569 446.0370
257 418.5329 403.0639
258 395.6462 402.8858
259 440.3526 407.2534
260 455.8756 414.4904
261 483.6367 458.9047
262 388.2160 792.2293
263 462.8082 431.1371
264 571.4473 448.3918
265 514.0253 446.2694
266 406.1372 553.5172
267 319.3157 654.8726
268 320.1460 675.4701
269 356.4108 657.6561
270 381.8213 661.9945
271 347.3508 673.8292
272 369.5293 672.6569
273 415.8191 698.4346
274 291.1533 588.7577
275 292.6326 564.3917
276 491.2492 396.8226
277 359.6085 494.4223
278 358.8864 572.5057
279 361.2830 558.0455
280 476.5131 547.3109
281 294.3097 532.4213
282 429.6837 374.1908
283 464.3922 381.8504
284 529.7782 307.3730
285 333.2988 391.0778
286 376.3900 408.2657
287 434.1388 671.7057
288 568.0657 671.6824
289 344.1827 586.4531
290 324.6390 595.3443
291 415.3356 672.0573
292 405.3221 672.5579
293 479.0114 366.6677
294 364.0285 580.2985
295 385.7872 375.7109
296 389.5762 356.5081
297 423.6051 256.0834
298 502.6912 335.9959
299 403.0847 303.9172
300 508.7837 385.7581
301 534.4582 367.8199
302 319.7807 668.0581
303 350.8615 668.1621
304 375.0817 667.9268
305 339.8971 590.2896
306 410.2541 672.2504
307 396.0565 684.6255
308 402.7591 672.5023
309 324.1272 584.4093
310 367.4072 669.9806
311 345.3868 672.7913
312 320.3673 675.7755
313 331.5969 755.5095
314 326.5318 732.7215
315 324.1351 719.2053
316 322.7839 707.5206
317 321.7922 699.4985
318 370.4502 688.3700
319 373.4282 691.0250
320 377.9450 696.7259
321 382.2993 704.1581
322 397.2817 637.5197
323 591.8966 551.2294
324 385.6629 682.7373
325 390.4772 682.7722
326 316.0818 607.0922
327 359.4162 593.4851
328 320.1766 601.5713
329 383.0772 506.3026
330 419.4223 521.1038
331 368.3360 566.6825
332 485.1129 275.9677
333 460.4313 313.7288
334 438.2790 355.1665
335 393.6464 720.8351
336 339.0131 361.0791
337 350.0012 302.5327
338 363.5491 247.6382
339 450.7828 450.6879
340 510.5270 475.2121
341 359.5955 441.1706
342 483.2670 421.5630
343 342.5491 480.7435
344 338.2790 568.0309
345 540.6383 491.4912
346 490.4160 489.9259
347 458.1773 497.5003
348 414.5775 494.2341
349 383.7937 485.1721
350 361.5792 475.5237
351 308.7113 451.9503
352 538.4218 539.0478
353 504.9017 419.0484
354 286.7547 600.1607
355 357.1633 519.2353
356 592.5251 444.4543
357 344.1702 464.3562
358 373.7415 565.8669
359 471.6128 432.9179
360 341.5914 550.2064
361 585.8487 609.8859
362 362.3129 433.2463
363 317.3142 539.4251
364 499.8533 731.1773
365 505.8347 761.0345
366 575.0539 547.8012
367 532.6189 697.3574
368 554.5649 403.7003
369 394.6335 819.3424
370 288.3950 603.5965
371 378.9811 534.7461
372 538.2132 450.4095
373 426.1346 439.0044
374 406.8472 439.1886
375 401.8117 687.8299
376 539.6404 587.6383
377 353.8395 853.0989
378 430.5827 819.8378
379 465.3786 795.5216
380 390.0402 437.4812
381 374.7302 434.5780
382 365.7762 433.8195
383 526.0445 413.4883
384 381.4170 420.4861
385 400.0859 416.0799
386 417.6911 416.1346
387 436.0640 419.9586
388 448.3779 425.2852
389 581.5804 389.6200
390 440.7756 437.3852
391 371.9919 626.4235
392 342.2858 584.4161
393 320.4270 625.1161
394 464.9215 765.3382
395 431.5380 793.1626
396 350.3802 836.0624
397 539.1659 722.4527
398 368.1911 428.1791
399 321.2733 491.1538
400 393.9909 840.1876
401 571.0505 601.3010
402 347.4753 694.7638
403 350.3965 700.4477
404 353.3677 709.4485
405 356.4570 721.3267
406 366.2008 741.1568
407 391.5277 671.3819
408 397.2661 669.1159
409 403.2650 665.2052
410 420.5174 652.0286
411 503.3952 599.9582
412 325.1171 465.2109
413 341.8294 420.3469
414 357.5620 422.1292
415 387.2667 668.5646
416 515.2940 659.5563
417 320.1275 421.6873
418 377.7135 764.7563
419 303.2762 479.5611
420 337.7196 527.8985
421 338.1992 780.3036
422 434.1548 710.9456
423 393.2783 584.4363
424 408.7374 741.3067
425 444.7658 580.7842
426 416.2430 607.8299
427 470.2909 618.0351
428 345.2486 810.4116
429 355.6253 538.3445
430 453.9789 733.9464
431 422.0716 764.9363
432 452.2878 677.9577
433 538.2434 629.9458
434 482.8887 685.6858
435 559.3120 651.3726
436 440.3116 634.9422
437 338.8523 504.9854
438 330.6779 580.2818
439 351.7870 581.6655
440 316.0899 566.1383
441 356.4780 404.7998
442 390.2470 394.7667
443 420.9863 393.5100
444 448.6688 397.3553
445 470.0646 406.3774
446 489.6575 439.8643
447 575.7765 497.2735
448 468.2404 467.6039
449 442.6549 473.1963
450 412.2791 472.1165
451 385.2368 466.6439
452 365.1544 460.0330
453 350.9230 453.5023
454 593.3524 497.1269
455 354.4030 585.5825
456 317.2820 514.4931
457 309.9677 584.3012
458 300.9583 595.2501
459 312.9088 587.2257
460 350.1751 591.8818
461 294.9982 598.2059
462 296.9328 601.5418
463 353.2881 435.3313
464 339.7128 441.9306
465 330.8317 447.2941
466 456.2706 428.9970
467 468.7683 422.0624
