# Image: /home/yaroslav/Projects/Diia.AIContest-AdAstrum/fixtures/FLUXSynID-processed/011d70276dce/011d70276dce_m_live_0_p_d1.jpg
# Mode: stream
# Status: fail
# Errors: strong_shadows_on_face: Strong shadows or uneven lighting detected (difference: 37.0); face_not_looking_straight_at_camera: Head is turned 177.3째 (max: 15.0째); head_is_tilted: Head is tilted 20.9째 (max: 10.0째)

# 2D Landmarks (index x y)
0 313.4739 605.7155
1 308.6329 539.4032
2 309.0899 556.5590
3 287.5867 463.7900
4 307.3412 517.2649
5 305.1128 486.1033
6 299.7475 410.6827
7 170.6842 405.5259
8 298.2077 371.0756
9 297.3685 345.7607
10 291.5810 234.0375
11 314.1629 615.6544
12 314.3680 621.8386
13 314.1798 622.9328
14 315.0218 628.5999
15 315.6717 636.8668
16 316.2402 647.3183
17 316.8281 658.3986
18 317.1672 677.1336
19 308.9817 549.3816
20 289.5615 546.3785
21 95.2496 334.1829
22 224.6078 420.1628
23 206.8462 422.9456
24 189.0887 423.9608
25 164.5612 414.8206
26 238.9287 414.5665
27 196.9780 382.2244
28 215.6759 380.7848
29 180.0546 386.0469
30 168.7051 391.5631
31 150.0400 430.7921
32 247.7348 714.3381
33 163.3693 401.5610
34 91.6438 423.8846
35 126.7454 420.9412
36 215.9125 514.7558
37 290.2316 603.1622
38 295.0189 622.1686
39 267.4410 609.7476
40 253.7288 618.1067
41 278.2957 623.6416
42 265.4979 625.8066
43 231.7815 648.0735
44 292.1204 539.6361
45 288.7254 518.0575
46 137.6184 378.9350
47 248.3249 457.9257
48 246.1015 529.6993
49 244.7534 516.9064
50 163.1043 513.6076
51 288.2605 489.0691
52 182.7012 359.7628
53 156.0772 366.5609
54 111.7886 298.4358
55 263.8668 369.3578
56 232.5236 383.4480
57 216.4115 629.7781
58 118.3443 617.1931
59 259.8372 540.8066
60 276.0762 546.7281
61 237.6260 630.5674
62 245.3203 628.6816
63 144.2263 353.6149
64 245.4454 537.6354
65 218.7468 359.3525
66 213.7642 342.2213
67 185.4989 248.9921
68 128.6420 324.1858
69 201.1839 292.4312
70 125.4108 369.6606
71 110.5013 352.2459
72 292.6487 615.2358
73 273.9801 618.9909
74 260.0571 622.5925
75 264.7117 543.8032
76 241.7073 629.9225
77 249.8068 633.0674
78 246.7641 627.0585
79 270.8030 536.8263
80 268.3026 623.5432
81 281.5063 623.0746
82 297.1298 623.1364
83 292.7676 678.6220
84 294.1954 658.7386
85 294.9892 646.6300
86 295.6455 636.3097
87 296.6290 629.1214
88 265.9222 628.8042
89 263.5519 631.4843
90 260.2536 637.0812
91 257.0552 643.9372
92 235.0441 593.5635
93 94.4390 513.9272
94 308.9466 551.8964
95 256.9365 628.6488
96 253.7215 630.0972
97 283.8341 556.5940
98 253.2222 549.2761
99 279.9244 551.9606
100 231.0492 470.9266
101 203.3376 487.0905
102 242.0503 525.4413
103 140.3678 269.4100
104 157.7783 303.6481
105 174.6784 342.9162
106 247.8478 660.0109
107 256.1762 343.5041
108 245.0215 287.7276
109 234.2469 238.2303
110 173.8258 421.4659
111 130.7117 447.6480
112 247.6817 409.2793
113 147.3269 397.5176
114 260.1013 444.0544
115 258.1404 523.7492
116 111.3456 462.9131
117 145.7152 461.5641
118 170.7387 468.2002
119 205.1627 462.3583
120 229.5367 451.6723
121 246.9983 440.8274
122 282.4783 416.6987
123 118.1710 506.7804
124 130.6442 397.1514
125 298.8651 548.8978
126 250.5836 480.5395
127 85.6314 420.7689
128 260.1340 429.5130
129 241.0246 525.4590
130 158.3979 405.4290
131 256.8993 508.0568
132 102.3009 564.6350
133 245.9798 401.3011
134 272.0750 496.4981
135 162.8829 668.3064
136 164.0383 690.7442
137 97.5487 512.0765
138 138.8186 639.9064
139 100.3759 383.9418
140 243.5352 736.1610
141 300.8385 551.4165
142 235.6050 496.6131
143 110.5738 425.2921
144 190.0212 409.9370
145 205.8390 410.4551
146 245.6876 637.1596
147 124.0145 548.9815
148 279.7794 762.2558
149 219.7876 737.2616
150 193.5275 718.5413
151 294.3601 286.7042
152 320.5636 762.7739
153 220.6861 408.2354
154 234.4078 404.5177
155 242.5458 402.8101
156 116.6167 393.2793
157 229.3839 387.4432
158 213.3733 382.8138
159 197.5103 382.7687
160 181.8943 387.6066
161 172.6742 393.8080
162 87.1379 372.1032
163 178.7121 407.9247
164 310.3227 571.4746
165 249.2947 580.5744
166 259.6490 538.5693
167 284.4304 574.0801
168 298.5090 388.7210
169 188.8098 695.9329
170 214.8761 716.7228
171 278.5815 748.5834
172 139.9733 659.4778
173 240.7354 395.5151
174 272.7417 452.1768
175 320.3730 748.1320
176 247.7268 752.8308
177 105.8301 558.2978
178 279.9272 628.9334
179 277.7167 634.1511
180 275.6470 642.3880
181 273.5986 652.9703
182 267.8092 671.0727
183 253.5729 627.3437
184 248.4396 626.6639
185 243.0856 624.2324
186 222.8260 610.7232
187 150.6464 559.6772
188 271.6314 429.0673
189 261.2634 391.1371
190 248.8401 393.1514
191 256.7674 624.0677
192 148.3547 610.2603
193 276.3739 392.0562
194 257.3910 692.1168
195 303.1374 459.8124
196 284.5320 440.9244
197 301.4557 435.4778
198 261.8280 487.1737
199 319.5339 726.1163
200 318.2229 699.4136
201 287.2871 701.1347
202 212.0949 656.5702
203 228.3972 543.0393
204 233.0383 677.4983
205 189.6708 540.9795
206 214.5616 565.3031
207 175.5489 575.6914
208 281.2077 727.2373
209 251.1401 498.4295
210 195.1504 672.6110
211 221.2850 695.0301
212 196.6094 631.7781
213 129.7666 584.7591
214 172.4093 633.8758
215 117.5971 600.8662
216 201.9610 593.9619
217 261.8593 465.9579
218 264.5870 533.7821
219 251.8348 537.0359
220 272.2655 520.4370
221 247.7167 380.2615
222 218.3551 375.0433
223 192.5123 375.3197
224 170.6863 378.6942
225 155.5282 385.4880
226 144.7798 413.2464
227 91.8013 467.4020
228 161.7250 438.6775
229 181.0672 443.4716
230 205.2389 441.2224
231 227.4679 434.6971
232 244.2325 427.0225
233 255.6436 420.1114
234 89.7507 466.9612
235 252.4301 541.2621
236 273.9851 473.5533
237 278.1524 536.1796
238 288.9162 544.6547
239 278.2858 538.5124
240 258.3008 546.5736
241 292.6772 547.2349
242 294.2568 549.8235
243 252.8070 403.7677
244 264.2644 409.2585
245 269.8322 413.7445
246 167.4659 398.2538
247 159.2939 397.1205
248 318.8729 461.9854
249 424.4431 393.2433
250 326.9726 543.6244
251 488.9086 314.0378
252 373.0499 412.6873
253 390.9885 413.5215
254 408.4856 412.5840
255 431.0728 401.5571
256 358.1127 408.6335
257 398.1488 373.5674
258 379.2555 373.5380
259 414.9457 376.0899
260 426.1313 380.3502
261 446.8535 414.8608
262 387.0140 704.3754
263 431.0397 388.9329
264 499.9558 401.1507
265 468.1604 402.4323
266 393.9903 503.8637
267 335.8111 599.6120
268 333.2409 619.0520
269 358.7150 602.0965
270 372.8788 607.9147
271 349.5319 617.5984
272 362.1699 617.3864
273 396.2476 635.0004
274 324.7364 537.3677
275 325.5924 515.6617
276 456.0805 364.2866
277 354.9828 451.9108
278 366.7422 521.6119
279 366.1355 508.8400
280 444.5582 496.7087
281 322.0210 487.0263
282 411.8924 350.7934
283 437.7751 354.6637
284 471.0691 280.8108
285 332.3574 367.0803
286 362.4297 377.4894
287 408.8346 614.8148
288 490.5740 593.1250
289 354.4981 534.2923
290 339.7436 542.2517
291 389.5925 617.5524
292 381.5082 616.6762
293 447.9226 340.6777
294 367.8525 529.1583
295 376.5041 353.5800
296 380.2136 335.9805
297 396.9888 239.1234
298 458.9611 308.8022
299 386.9376 284.4412
300 466.6142 353.7381
301 477.9533 334.2086
302 335.1443 611.7528
303 353.6244 612.2465
304 367.5467 613.3559
305 350.1052 537.8278
306 385.3670 617.5092
307 378.1265 622.1234
308 379.4997 615.7129
309 344.1853 531.8742
310 358.4448 615.5632
311 345.8200 617.5733
312 330.6967 620.4118
313 340.9053 675.0967
314 338.7134 655.3701
315 337.0305 643.5260
316 334.9873 633.3326
317 333.0088 626.3840
318 361.9401 620.7775
319 364.6680 623.0613
320 368.7010 628.2286
321 372.3999 634.6698
322 386.5783 582.4602
323 502.7174 489.4827
324 370.1278 619.0274
325 373.8442 619.8816
326 333.5180 552.9163
327 361.6652 541.6446
328 336.6083 547.7870
329 373.5101 462.7010
330 402.6976 475.4435
331 369.5060 516.9589
332 441.8424 254.8325
333 429.5664 291.5243
334 417.8883 333.1211
335 382.0947 649.6646
336 338.4564 340.7057
337 343.6538 283.4756
338 348.7802 232.9037
339 423.0069 408.7041
340 467.2435 428.7080
341 349.0397 404.3096
342 447.1907 383.1090
343 342.0564 439.5206
344 354.8969 517.5620
345 486.5920 441.3469
346 454.5651 443.9953
347 431.6379 453.1754
348 397.5695 451.4645
349 372.3091 443.6521
350 353.9132 435.0669
351 317.5810 414.8087
352 484.7520 484.9183
353 463.3764 380.4361
354 318.8880 547.4350
355 355.7518 474.2965
356 503.0557 397.5197
357 339.9606 425.3201
358 370.0445 516.7617
359 436.2286 392.0824
360 353.7445 502.0299
361 500.1900 540.0104
362 349.6036 396.3124
363 338.1746 492.4939
364 458.6538 647.7129
365 457.7639 670.2560
366 502.3571 487.8917
367 477.0962 617.1685
368 489.0746 363.4019
369 392.8749 725.1905
370 316.8507 550.2285
371 372.2062 488.0995
372 483.5769 404.7656
373 406.2287 399.2796
374 390.6125 401.3234
375 382.6570 625.6857
376 483.3153 526.7776
377 360.1977 756.3789
378 413.2057 723.3011
379 434.6245 701.1683
380 375.6577 400.7326
381 361.6470 398.2508
382 353.3061 397.3994
383 475.9342 374.6088
384 364.8415 381.1173
385 380.2466 375.2352
386 396.1744 373.9462
387 411.9444 377.1650
388 421.5124 382.2661
389 498.5450 350.2048
390 416.9300 396.2840
391 370.5979 571.6817
392 354.7486 532.0404
393 336.3721 570.1793
394 438.2037 678.0337
395 416.7470 701.9976
396 361.0414 742.5534
397 475.3915 636.8578
398 354.2647 389.9607
399 331.5601 448.9788
400 389.5498 742.4710
401 498.8258 533.9833
402 348.8334 623.2728
403 351.7981 628.2743
404 354.8681 636.0498
405 357.8817 646.4434
406 364.2275 663.7473
407 373.6528 616.8293
408 378.7046 615.5403
409 383.7811 612.2050
410 400.7144 597.1839
411 460.8467 540.2968
412 329.3842 425.9968
413 334.6151 387.9341
414 346.5627 388.5328
415 369.4638 614.2844
416 467.1613 589.2590
417 320.5456 390.1703
418 375.5370 683.2826
419 318.6833 439.0684
420 345.9027 482.1623
421 348.3248 696.6946
422 414.3873 641.7472
423 385.1576 532.6584
424 397.0261 665.2998
425 422.7453 526.5101
426 401.9394 552.9919
427 439.9414 558.7186
428 356.9093 721.9318
429 357.2441 491.8111
430 431.0032 655.5567
431 409.3560 681.3237
432 426.7627 615.1273
433 481.2316 562.4030
434 448.0947 614.8176
435 492.1510 576.7887
436 417.6762 579.1185
437 343.1284 461.2594
438 349.9831 528.0992
439 362.1864 529.6269
440 341.4641 516.0987
441 347.7676 376.1747
442 377.0278 368.5209
443 402.7095 366.8845
444 424.0473 367.9569
445 438.9804 372.9045
446 450.3691 397.6458
447 503.6783 443.6781
448 436.4901 423.7904
449 418.4202 430.5158
450 394.6950 430.9804
451 372.0291 426.8677
452 354.7722 421.2364
453 342.8056 415.6559
454 502.6549 442.9557
455 361.7560 533.7373
456 333.0237 470.0848
457 337.7268 532.2486
458 327.8569 541.8486
459 337.4142 534.4771
460 356.6758 539.7734
461 324.7736 544.9751
462 322.9938 547.7142
463 343.4495 399.3607
464 333.1285 406.0533
465 328.7920 410.8558
466 426.9179 386.1664
467 435.2397 384.4058
