# Image: /home/yaroslav/Projects/Diia.AIContest-AdAstrum/fixtures/FLUXSynID-processed/011d70276dce/011d70276dce_m_doc.jpg
# Mode: stream
# Status: fail
# Errors: strong_shadows_on_face: Strong shadows or uneven lighting detected (difference: 39.6); face_not_looking_straight_at_camera: Head is turned 177.1째 (max: 15.0째); head_is_tilted: Head is tilted 19.8째 (max: 10.0째)

# 2D Landmarks (index x y)
0 309.2920 580.4543
1 310.3366 508.6497
2 308.6177 528.7900
3 291.7545 431.5396
4 310.0417 485.6425
5 308.9185 454.0406
6 305.4224 378.3945
7 172.1427 373.6192
8 304.1296 335.3162
9 303.7626 308.7515
10 300.6824 200.1405
11 309.3660 590.7317
12 309.2152 597.0116
13 308.9362 598.1546
14 309.6925 604.7715
15 310.0754 612.7493
16 310.3050 622.9769
17 310.5842 634.3807
18 310.7167 655.0496
19 309.8473 519.5873
20 290.2966 516.7593
21 95.2649 301.6049
22 226.9101 389.9064
23 208.4108 392.3514
24 190.1898 392.7996
25 165.4255 383.2582
26 242.1790 384.2355
27 200.1012 347.3438
28 219.5165 346.3165
29 182.5480 351.5003
30 170.5249 357.7881
31 149.7516 399.1184
32 238.7995 693.2610
33 164.8338 369.3275
34 88.0888 393.2931
35 125.9531 388.5793
36 214.1683 484.8024
37 285.2308 577.0574
38 288.6776 596.6373
39 260.6703 582.2965
40 244.8821 589.7633
41 270.6228 597.0861
42 256.2859 598.3622
43 221.4630 620.4827
44 293.6442 508.4915
45 291.2491 486.0430
46 139.3773 343.9345
47 250.5451 427.6084
48 246.7415 498.9041
49 245.7249 486.0738
50 158.6074 483.0763
51 291.6895 456.7606
52 186.2984 322.5750
53 158.8588 330.1513
54 114.6392 263.9249
55 268.7554 332.9274
56 236.8669 349.9395
57 206.0841 600.6138
58 107.0385 594.9588
59 260.0565 510.7822
60 276.3483 517.4350
61 225.9327 601.1727
62 233.8583 599.9716
63 147.1356 317.2032
64 245.4638 507.4064
65 222.9460 321.9282
66 218.5662 304.4603
67 192.8811 212.8454
68 131.5770 288.8585
69 207.5650 255.7054
70 126.7914 334.8013
71 111.2531 318.7038
72 286.7994 589.4061
73 266.6137 592.0096
74 251.0382 594.7127
75 264.8353 514.2416
76 230.0494 600.8244
77 239.1035 604.9646
78 235.6067 598.8517
79 271.7967 506.2291
80 259.0883 596.2783
81 273.7493 596.6341
82 290.6208 597.6609
83 285.3199 655.6955
84 287.0530 633.7979
85 288.0644 621.4731
86 288.9339 611.4973
87 290.0716 604.5987
88 256.6194 602.3459
89 254.2466 604.6634
90 250.8571 609.9577
91 247.5888 616.8578
92 228.7067 564.8674
93 85.6872 488.1263
94 309.3062 523.0198
95 246.6875 601.4473
96 243.1871 602.4120
97 283.5805 528.0431
98 252.4191 520.0182
99 280.0011 523.0241
100 231.7533 440.8060
101 202.0677 456.6091
102 242.3201 495.1109
103 145.6143 233.5661
104 162.5052 267.2853
105 178.7088 305.5815
106 238.3970 634.2583
107 261.8339 305.8948
108 252.4189 251.7714
109 242.8324 202.8139
110 174.6722 390.0274
111 128.8479 415.9385
112 251.7241 378.6644
113 148.5380 364.3762
114 263.3658 413.2774
115 259.6161 492.4947
116 107.6627 431.8572
117 143.7562 429.9784
118 169.3054 436.7892
119 205.1618 431.7592
120 230.9042 421.5261
121 249.6138 410.6225
122 287.6968 384.4307
123 112.3760 476.7955
124 131.1486 363.5569
125 299.8411 518.7233
126 252.2500 450.1893
127 80.3549 391.9353
128 263.7473 398.8260
129 240.6636 495.6552
130 159.5172 373.4513
131 258.8736 476.7661
132 92.0388 540.5844
133 250.5572 370.3005
134 275.0132 464.5349
135 151.8068 645.4589
136 152.2439 670.7501
137 90.2828 484.0166
138 127.7861 616.2438
139 98.9735 351.9328
140 234.0574 716.7478
141 301.3093 522.1966
142 235.7515 466.6003
143 108.5649 393.4096
144 191.7710 378.6324
145 207.9951 379.5828
146 234.8896 608.9269
147 116.0471 520.5796
148 270.5961 745.3540
149 209.0708 719.0381
150 182.1809 699.5175
151 302.2894 251.9797
152 312.2345 746.9505
153 223.4706 377.6639
154 237.9772 374.0235
155 246.7549 372.1343
156 116.3397 359.8813
157 233.5950 354.3357
158 217.2050 348.6416
159 200.8711 348.1758
160 184.5524 353.2154
161 174.7466 360.1896
162 84.5880 341.2953
163 180.2143 376.2600
164 308.7262 544.6769
165 245.3962 552.1276
166 260.1376 508.2494
167 282.2160 546.4688
168 304.3059 355.2529
169 178.1796 674.1490
170 204.7383 696.1460
171 269.9619 730.0484
172 128.3313 638.4379
173 245.3286 363.6953
174 276.5147 420.5420
175 312.6051 730.7538
176 237.7488 735.1851
177 96.8635 531.9274
178 271.9967 603.3885
179 269.7083 608.3219
180 267.6093 616.2503
181 265.4075 627.0150
182 259.2978 646.8531
183 242.7352 599.0075
184 237.6354 597.9431
185 232.3285 595.1303
186 213.8482 581.5007
187 142.9557 531.0120
188 275.9378 397.5037
189 266.2636 358.7639
190 253.5359 361.1312
191 246.2791 596.0615
192 138.2336 584.0423
193 281.7354 358.7954
194 248.7393 669.3768
195 307.7272 427.7152
196 289.3139 408.7805
197 306.6321 403.4775
198 264.2426 456.2494
199 312.3383 707.0466
200 311.4711 678.7029
201 279.5903 679.4911
202 202.6607 630.3456
203 226.2613 513.6583
204 223.7745 653.1740
205 184.9087 511.2595
206 209.7751 536.1800
207 168.1226 546.8714
208 273.1382 707.1351
209 252.4649 467.9873
210 185.3798 648.3310
211 211.7304 672.3948
212 187.1415 603.8459
213 120.2852 557.9152
214 162.5627 607.6749
215 107.4189 576.0978
216 194.2042 564.7991
217 264.7312 435.0725
218 265.6923 502.8095
219 252.2841 506.5221
220 274.3790 488.6867
221 252.2991 346.2432
222 222.2461 339.7874
223 195.8464 339.7627
224 173.4803 343.3897
225 157.5067 351.1408
226 145.1395 381.1218
227 86.3542 437.9377
228 161.4789 407.1706
229 181.2046 412.2277
230 206.1475 410.5241
231 229.3563 404.4652
232 247.1350 396.7663
233 259.3748 389.5842
234 82.5573 439.6445
235 252.4918 511.2022
236 277.3649 441.8143
237 279.6287 504.9081
238 289.8573 514.4741
239 279.4416 507.7514
240 257.9870 517.1183
241 293.6656 516.9883
242 294.8943 520.3850
243 257.4204 372.7271
244 268.7882 378.1568
245 274.4057 382.2878
246 169.2140 365.2650
247 160.7365 364.2187
248 323.3724 430.6989
249 431.3225 366.5961
250 327.4062 515.4546
251 493.2914 292.8364
252 379.0732 385.7919
253 397.3251 387.2056
254 414.7758 386.6482
255 437.1716 375.7415
256 363.8389 380.9705
257 403.7108 342.0958
258 384.3737 342.1693
259 420.9850 345.4188
260 432.6141 350.9470
261 452.1090 390.6906
262 381.7465 686.9727
263 437.7235 361.9164
264 503.2163 381.9291
265 472.5827 378.8111
266 396.7318 479.5526
267 332.5295 575.3147
268 329.0045 595.1482
269 355.6909 578.7828
270 369.9794 585.0469
271 345.7539 594.2505
272 358.7844 594.4942
273 392.4722 613.8241
274 326.4360 507.2733
275 328.3190 484.9021
276 461.5910 334.8745
277 358.8556 424.7678
278 367.8891 495.4223
279 367.7289 482.6017
280 448.7209 474.2360
281 325.8116 455.7945
282 418.1778 316.3551
283 443.8416 322.3579
284 476.4828 256.5563
285 338.7431 330.9693
286 367.4012 346.7583
287 406.0962 593.3158
288 487.5410 580.9648
289 355.0497 508.0413
290 339.9487 515.7947
291 386.5469 595.3633
292 378.6499 594.6990
293 453.8417 309.0192
294 368.5266 504.0194
295 383.1124 317.5680
296 387.2609 299.9492
297 404.9258 209.1093
298 464.8052 281.0229
299 394.6598 251.7359
300 471.8807 325.4903
301 482.8660 309.6303
302 331.2689 587.8181
303 350.0324 588.8469
304 364.3036 590.3566
305 350.4591 511.8440
306 382.4358 595.2480
307 374.7128 599.8254
308 376.5234 593.8547
309 345.2419 503.6495
310 355.1622 592.6131
311 342.0369 594.2143
312 326.4126 596.3504
313 335.4487 653.6439
314 333.3250 631.8506
315 331.8758 619.7465
316 330.2490 609.8943
317 328.5326 603.1938
318 358.5245 598.4142
319 361.1813 600.5230
320 364.8903 605.4864
321 368.3185 612.1097
322 385.4507 559.6976
323 502.6970 475.1010
324 366.9832 597.0309
325 370.6632 597.6558
326 333.2176 526.6204
327 361.8070 517.2073
328 336.4697 521.4500
329 377.4233 436.8406
330 406.8988 450.7260
331 370.6305 491.5661
332 448.6032 227.6544
333 436.6500 261.0559
334 424.5935 298.9721
335 378.0100 628.6033
336 345.3799 303.7184
337 351.6112 249.8450
338 357.4781 200.9395
339 429.2084 383.0163
340 471.7633 406.2688
341 354.3888 375.9725
342 452.7554 355.9818
343 346.2713 411.0471
344 356.6583 489.5402
345 490.3773 420.7450
346 459.4373 421.0610
347 436.5078 429.1276
348 402.3081 426.1843
349 376.9200 417.4299
350 358.3464 407.7568
351 322.9084 383.4548
352 488.3180 465.1577
353 468.3257 354.1732
354 319.7362 518.0081
355 358.7127 447.4655
356 505.5431 380.8146
357 344.4522 396.7149
358 371.1571 492.0975
359 442.3481 365.5911
360 355.9015 474.1274
361 498.7169 526.8745
362 354.7990 367.4552
363 341.3102 462.6857
364 455.5775 632.8728
365 453.3633 657.8053
366 504.0468 470.9025
367 474.9266 602.6399
368 493.3936 341.8257
369 387.0002 709.6489
370 317.2003 521.6662
371 374.9388 462.7110
372 487.4417 382.7017
373 413.4707 372.7517
374 397.6942 374.5433
375 378.9609 603.4513
376 485.6445 508.2654
377 352.7853 741.6233
378 407.4699 709.8305
379 429.4197 688.2000
380 382.2670 373.5068
381 367.7610 370.4579
382 358.8964 369.0961
383 480.6256 349.8584
384 370.6871 350.7789
385 386.4176 344.2262
386 402.7544 342.8735
387 418.9160 346.8591
388 428.4861 353.1980
389 502.2431 331.4848
390 424.1075 369.7746
391 369.6559 548.2186
392 355.5639 505.2663
393 335.0413 544.8115
394 433.8753 663.0436
395 411.5485 686.7148
396 354.1831 726.1553
397 471.4856 624.7046
398 359.7278 360.5046
399 335.9357 418.9936
400 383.0817 728.4250
401 499.1615 518.2319
402 345.0648 600.4993
403 347.8064 605.2893
404 350.5066 612.8152
405 353.1387 623.4150
406 359.5659 642.6800
407 370.6208 594.3749
408 375.7197 592.8824
409 380.9433 589.6772
410 399.0156 575.0658
411 463.3253 520.3129
412 334.1561 395.9972
413 339.8443 356.9218
414 351.6759 358.5988
415 366.4503 591.8036
416 467.0042 571.9193
417 326.0344 357.6573
418 370.6305 664.0001
419 323.6439 407.8496
420 348.8388 453.8582
421 342.5181 676.7797
422 410.7847 622.1470
423 385.8300 509.1410
424 392.5522 646.1026
425 425.4789 503.7568
426 402.5071 530.2613
427 441.3704 537.6571
428 350.6232 703.7679
429 359.4839 465.1812
430 427.3275 638.1828
431 404.6052 663.9691
432 424.5812 594.9202
433 481.8829 545.1975
434 446.5647 596.6631
435 490.9819 562.0961
436 417.3488 557.3664
437 346.7620 432.8873
438 351.3398 499.9383
439 363.0934 503.2531
440 343.7503 486.5411
441 353.2631 343.5653
442 382.7265 335.4397
443 408.5860 334.3590
444 430.1704 336.6993
445 445.0020 343.4285
446 455.5748 372.4985
447 506.2549 425.6290
448 441.9683 399.3091
449 423.8159 405.3970
450 400.0411 405.1848
451 377.2691 400.2952
452 359.8483 393.7933
453 347.6954 387.2433
454 503.8580 427.6083
455 362.3223 508.1084
456 336.9745 440.1201
457 339.1906 502.8211
458 328.5626 512.9550
459 338.4824 505.5636
460 356.9208 514.5224
461 325.5176 515.7972
462 323.3244 519.4323
463 348.5125 370.2884
464 338.0229 376.5366
465 333.6506 380.8222
466 433.7059 358.0991
467 441.5102 356.5482
