# Image: /home/yaroslav/Projects/Diia.AIContest-AdAstrum/fixtures/FLUXSynID-processed/008a04f18027/008a04f18027_f_live_0_a_d1.jpg
# Mode: stream
# Status: fail
# Errors: image_blurry_or_out_of_focus: Image is blurry (sharpness score: 32.69); head_is_tilted: Head is tilted 10.1° (max: 10.0°)

# 2D Landmarks (index x y)
0 318.7305 630.9133
1 318.3973 546.3972
2 318.0920 574.3337
3 298.1633 474.1531
4 318.0044 522.6880
5 316.9269 493.3197
6 314.3467 425.4865
7 170.8840 432.5637
8 313.6108 374.4145
9 313.5101 346.1727
10 312.0530 262.8793
11 318.8590 642.8326
12 318.7256 652.6715
13 318.4600 657.6824
14 318.6420 668.9745
15 318.7476 679.3147
16 318.7323 692.3251
17 318.7295 706.1076
18 318.6633 727.5114
19 318.2828 559.5881
20 298.0435 560.9176
21 95.4149 371.3768
22 229.0255 448.5512
23 208.8466 451.6243
24 189.2743 452.0698
25 163.7427 441.9914
26 245.9343 441.5435
27 201.1149 391.4468
28 222.9496 391.5599
29 180.9872 396.6155
30 167.5522 406.0385
31 147.4522 459.7469
32 239.0201 761.3272
33 163.6650 427.4935
34 85.3824 460.3899
35 123.7672 447.4097
36 215.2274 541.8199
37 293.1272 628.6636
38 297.6003 654.1948
39 267.1692 639.8238
40 251.4867 653.2088
41 279.1147 658.2157
42 265.1250 663.7682
43 223.6956 692.5538
44 300.5674 546.7816
45 297.0195 524.3820
46 136.2708 387.8777
47 253.9929 482.3488
48 250.8767 548.3925
49 249.1315 536.9541
50 157.3866 544.2499
51 297.6747 496.8717
52 182.5194 356.3468
53 155.4252 368.2212
54 115.7854 330.4858
55 271.5364 368.7081
56 242.1553 398.2097
57 209.5492 671.9641
58 104.2331 669.4319
59 266.5785 560.4865
60 283.4105 566.7153
61 233.7195 674.8854
62 243.5876 672.6115
63 143.4896 356.9086
64 250.6322 560.2702
65 220.6698 354.5208
66 216.3840 338.5596
67 198.2453 275.8409
68 129.6218 343.5175
69 208.8522 306.3224
70 124.0567 381.5831
71 109.6237 377.8640
72 295.1212 643.1793
73 273.9300 651.0304
74 258.4076 658.8625
75 271.6631 564.9498
76 238.9520 674.4072
77 246.0014 677.2244
78 245.8245 670.6084
79 278.0122 549.3426
80 269.2735 663.0046
81 283.2281 660.1636
82 300.0079 658.4195
83 290.2691 727.5826
84 291.6094 705.1885
85 293.6311 690.9723
86 295.8251 677.7616
87 297.7916 669.1731
88 264.7931 670.8254
89 261.3931 674.3423
90 256.1011 680.9050
91 251.0729 688.8316
92 233.0856 626.0940
93 84.0389 561.5664
94 318.2748 565.7853
95 255.7698 671.6195
96 251.3584 673.6992
97 290.9863 576.8754
98 258.2176 575.4079
99 287.3443 572.0028
100 233.5139 497.6512
101 201.9751 514.8477
102 246.2131 548.7598
103 148.0820 297.5882
104 160.7552 318.4433
105 174.5760 341.6625
106 240.2996 705.7007
107 264.7026 341.5290
108 258.0344 304.6254
109 251.1402 266.0769
110 173.0357 449.2773
111 125.5224 477.8244
112 256.7267 434.4478
113 145.9571 416.5079
114 267.9708 465.8405
115 264.0134 536.8305
116 103.5311 495.7655
117 140.0594 491.5568
118 166.3872 497.2090
119 204.6700 490.6370
120 232.3968 479.1693
121 253.2160 466.6757
122 295.0464 432.1896
123 108.3430 541.6777
124 128.9244 415.4961
125 307.4808 559.0586
126 255.6256 503.4382
127 79.5544 465.2295
128 268.7908 452.8523
129 244.6239 551.8597
130 157.0449 429.7754
131 262.5636 523.2204
132 89.0005 614.2965
133 256.3535 426.2549
134 279.5398 507.3145
135 148.6959 715.7408
136 147.5747 744.2035
137 85.8026 552.2117
138 125.7957 686.3188
139 97.2513 416.1747
140 231.9869 786.7952
141 309.7877 565.2789
142 238.1230 522.4810
143 106.0604 454.2848
144 191.1226 438.2519
145 208.7884 439.1564
146 240.4454 681.6466
147 113.4626 586.0060
148 270.7181 821.1745
149 203.7252 791.8130
150 176.6190 772.3465
151 312.7330 305.2480
152 319.2203 824.2994
153 225.6421 436.8930
154 241.4796 432.2494
155 251.4682 429.0847
156 114.2192 414.5148
157 238.6779 413.0032
158 221.1150 408.6688
159 203.7210 408.3127
160 186.2778 412.7483
161 175.2811 418.9334
162 83.8823 413.2898
163 179.2139 435.5657
164 318.2079 592.3038
165 249.7214 609.9486
166 266.2509 555.7651
167 289.1037 597.1584
168 313.7284 400.9214
169 174.0843 744.1578
170 201.4504 765.6663
171 271.0059 801.2511
172 125.0920 712.7045
173 250.8881 420.5993
174 281.7515 468.0324
175 319.2513 804.0254
176 234.0375 809.0569
177 92.6409 600.9220
178 279.7066 669.4956
179 276.1772 675.8923
180 272.1375 685.8952
181 268.4897 698.3940
182 261.7861 718.3495
183 252.7146 668.7683
184 246.0888 667.4274
185 239.6243 664.2129
186 218.6258 647.8370
187 142.8465 594.4596
188 281.8889 447.4299
189 272.5254 408.8420
190 260.1018 413.1940
191 257.4141 665.5706
192 138.0541 651.0567
193 288.8671 405.4849
194 250.5047 738.4011
195 316.0470 469.5567
196 295.9159 453.9234
197 315.0933 447.9770
198 268.2268 504.6540
199 319.2079 777.6912
200 318.8853 749.5901
201 283.7900 749.1720
202 201.6477 699.9362
203 228.6811 571.9088
204 223.0860 722.3958
205 186.0616 570.3537
206 212.1674 595.9878
207 169.8127 609.2660
208 275.7856 775.8473
209 255.9002 519.8386
210 182.6240 717.2406
211 209.8034 740.7401
212 187.3073 672.5500
213 118.4372 624.7445
214 161.3803 675.5540
215 104.1114 645.8088
216 197.3440 629.1001
217 269.1044 485.4154
218 271.2287 545.9276
219 257.5633 554.9990
220 279.3139 529.1160
221 256.3426 389.2581
222 223.0655 378.1628
223 194.3546 378.3058
224 170.7080 384.8800
225 154.6046 397.3993
226 142.7839 438.6932
227 82.5050 505.5129
228 158.7625 467.4970
229 179.0547 471.9545
230 205.7101 469.6534
231 231.1975 462.6733
232 250.7536 453.5250
233 264.4611 444.8987
234 81.8296 513.3868
235 258.2701 562.4358
236 282.2531 486.8527
237 285.5655 544.7306
238 297.0749 556.5451
239 286.0017 549.3293
240 264.3890 570.0025
241 301.0031 558.0823
242 302.7819 564.1323
243 264.0183 426.7037
244 275.2307 431.5505
245 280.9424 434.0000
246 168.8555 423.6263
247 157.8399 416.2705
248 333.2895 473.3559
249 451.8821 426.6750
250 337.8232 559.6054
251 521.6029 362.4313
252 396.1531 445.4091
253 416.0457 447.2426
254 435.1741 446.5912
255 459.1734 435.6372
256 379.4017 439.4190
257 422.1300 388.1051
258 400.9225 389.0419
259 441.7114 392.2493
260 454.8447 400.9151
261 475.7449 452.2887
262 398.0007 756.4948
263 458.6415 421.6227
264 533.7630 450.2570
265 497.6663 439.1106
266 414.4372 535.9690
267 343.5133 626.2140
268 338.7982 652.1374
269 368.6299 634.7472
270 383.2245 646.2711
271 356.5693 654.1038
272 369.5960 658.1555
273 410.3860 684.8184
274 335.9080 545.7285
275 338.0558 523.1303
276 484.3180 382.0659
277 373.9367 479.3885
278 382.1271 543.9379
279 382.7425 532.5074
280 469.7514 535.6831
281 335.9360 495.9159
282 439.9906 353.9274
283 465.9245 364.0518
284 501.5360 322.7919
285 354.7972 368.4491
286 382.3644 396.3840
287 423.4298 663.0187
288 521.3360 658.8872
289 367.6113 556.7410
290 351.6191 564.2167
291 400.0440 666.4864
292 390.0700 664.9474
293 476.6114 352.5841
294 382.5824 555.6415
295 403.8727 353.1589
296 407.8285 336.9665
297 423.1637 271.6724
298 489.2406 336.9130
299 414.0760 303.5143
300 495.6476 375.2881
301 508.9244 370.1417
302 341.5781 640.8543
303 361.9315 646.2385
304 376.4368 652.4518
305 362.6352 561.4201
306 394.7945 666.3056
307 388.0737 670.0015
308 387.7405 663.2628
309 356.8224 546.8081
310 365.0187 657.8228
311 351.9542 656.5039
312 335.8600 656.4755
313 346.4775 725.6278
314 345.0291 703.2068
315 343.2491 688.9434
316 340.9179 675.7999
317 338.5849 667.3681
318 369.6585 665.3324
319 373.2490 668.7228
320 378.6198 675.1402
321 383.7777 682.8537
322 400.4299 619.1292
323 537.2990 551.2029
324 378.1790 665.4001
325 382.6188 666.9354
326 344.9653 574.7288
327 375.5335 570.8828
328 348.2291 569.7032
329 394.6332 493.4079
330 425.7603 508.7351
331 385.8029 543.9517
332 470.9065 291.4048
333 459.7827 313.8643
334 447.3385 338.7074
335 394.5889 699.5980
336 361.3652 341.2451
337 366.5736 302.9711
338 372.2437 263.6422
339 450.5734 443.0956
340 497.2972 469.1975
341 368.7485 432.8867
342 475.7851 410.3169
343 359.7496 463.7501
344 369.6833 533.5006
345 518.7403 486.0184
346 483.9806 483.1220
347 459.0928 489.9021
348 421.7900 485.2710
349 394.4801 475.3571
350 373.6281 464.0643
351 333.2480 431.6156
352 515.7860 531.2812
353 492.2559 408.3982
354 328.8091 558.5623
355 373.7336 500.0590
356 538.5308 455.0824
357 357.9543 451.2499
358 386.9187 546.8770
359 465.2626 423.6947
360 369.7499 519.8464
361 534.1720 603.6838
362 368.8449 424.7713
363 353.1253 505.2171
364 482.1832 706.0113
365 483.0804 734.9377
366 536.6507 541.5038
367 502.7956 675.8648
368 521.7969 407.1419
369 405.2859 781.7421
370 326.6845 564.6803
371 391.4775 517.9754
372 514.7093 445.2014
373 432.9366 433.1542
374 415.7395 435.0244
375 393.8909 674.1548
376 512.2629 575.5822
377 367.1486 818.5648
378 431.7929 785.4159
379 456.8766 764.2430
380 398.9754 433.8229
381 383.4808 430.0263
382 373.7639 427.3371
383 506.2108 406.6428
384 385.2770 410.8127
385 402.0730 405.6753
386 419.2811 404.4494
387 436.4712 407.8498
388 447.4081 413.4977
389 533.6441 403.7822
390 444.1138 430.0002
391 384.5597 604.4719
392 367.9582 552.3678
393 346.6383 594.6837
394 459.1896 735.6871
395 433.9828 758.8294
396 367.1816 798.6411
397 502.8444 702.7550
398 373.9150 418.9143
399 347.5695 466.4570
400 402.8983 804.3744
401 531.8103 589.9733
402 355.9059 665.8738
403 359.3423 671.9118
404 363.4610 681.8696
405 367.3847 694.3407
406 374.0320 714.1866
407 381.1514 661.7874
408 387.9499 659.9216
409 394.1574 656.1362
410 414.2801 639.5042
411 484.9049 584.6707
412 345.9450 446.2245
413 353.3938 408.2572
414 365.1206 411.8280
415 376.3657 659.2596
416 490.5720 640.7874
417 338.1482 405.1556
418 385.8152 733.9228
419 333.8965 453.1525
420 362.2198 501.9318
421 353.4099 746.9116
422 431.7304 692.0499
423 402.9290 566.0642
424 411.8026 716.0409
425 443.2207 562.7805
426 419.2255 589.0589
427 459.9795 600.4793
428 362.1116 773.4218
429 374.6922 516.2216
430 450.6761 708.9474
431 425.4643 734.1595
432 444.8853 663.4346
433 508.2411 614.0271
434 469.4908 666.0954
435 522.1211 634.9601
436 433.8424 620.9027
437 360.0883 482.9417
438 363.4072 543.0841
439 376.2561 550.9374
440 355.2402 526.8022
441 369.0322 388.2475
442 401.2962 376.1578
443 428.9611 375.0721
444 451.7665 380.4933
445 467.4706 392.0042
446 479.3340 431.5543
447 538.0826 495.0915
448 465.2396 460.2716
449 445.8482 465.5877
450 419.8995 464.7644
451 394.8362 459.1895
452 375.3261 451.2817
453 361.7163 443.4037
454 537.4248 503.2967
455 375.4480 558.2098
456 348.6348 485.0465
457 349.8839 542.8419
458 338.6952 555.2698
459 349.3136 547.3637
460 369.7301 566.1000
461 335.2513 557.0876
462 333.4472 563.2342
463 361.5070 425.5690
464 351.0283 430.8169
465 345.9344 433.1892
466 453.7826 417.9037
467 464.2381 410.6343
