# Image: /home/yaroslav/Projects/Diia.AIContest-AdAstrum/fixtures/FLUXSynID-processed/00bb6f43cae3/00bb6f43cae3_f_live_0_e_d1.jpg
# Mode: stream
# Status: fail
# Errors: image_blurry_or_out_of_focus: Image is blurry (sharpness score: 98.84); face_not_looking_straight_at_camera: Head is turned 175.4째 (max: 15.0째); head_is_tilted: Head is tilted 20.3째 (max: 10.0째); face_too_small_in_frame: Face occupies only 41.3% of frame (min: 50.0%)

# 2D Landmarks (index x y)
0 313.9890 641.6487
1 305.3253 573.3364
2 308.1137 593.1792
3 284.8163 510.1271
4 303.2571 553.4148
5 301.2617 527.2383
6 296.8750 463.8257
7 171.3980 472.2374
8 293.0733 414.8727
9 290.9611 388.1004
10 283.6695 297.3696
11 315.1642 651.6542
12 316.1711 658.6201
13 316.7062 660.7808
14 318.0698 669.7920
15 318.9957 678.8943
16 320.2237 689.8824
17 321.5153 701.4045
18 323.2504 716.2016
19 306.4490 583.2177
20 290.3039 582.7657
21 106.4386 404.4471
22 225.0258 485.0343
23 207.4616 488.4675
24 190.3174 488.7034
25 166.4151 479.2655
26 239.2089 478.1985
27 195.5252 438.5315
28 214.6075 438.2826
29 178.0894 442.4681
30 167.0759 449.8228
31 155.1896 492.6588
32 260.1902 743.9257
33 164.7220 467.6374
34 109.7744 486.9041
35 135.6141 480.5534
36 218.6261 564.3497
37 290.6842 639.6390
38 296.1123 659.4384
39 268.3526 645.8270
40 254.5225 653.1232
41 279.4760 660.5123
42 266.5398 662.0067
43 236.2214 683.3644
44 290.1778 573.9643
45 286.1346 555.3680
46 135.9624 428.3319
47 249.0784 512.6001
48 248.6807 571.4681
49 246.8584 561.2811
50 168.4693 566.1842
51 285.0782 530.8792
52 172.9144 403.8463
53 150.0159 412.4545
54 116.8480 368.5647
55 253.5807 414.3004
56 231.8006 442.9268
57 221.0752 664.6883
58 152.8516 656.9588
59 262.7079 580.6899
60 278.4594 586.3651
61 238.1175 664.5352
62 246.2812 663.6406
63 138.5891 399.7268
64 249.1325 579.9650
65 206.4935 403.2517
66 201.4186 386.8463
67 180.6812 316.7305
68 127.6664 383.7141
69 192.6569 350.6510
70 125.3743 420.3770
71 115.9060 413.5690
72 293.2922 651.4573
73 274.6855 654.8659
74 260.6145 657.9219
75 267.8588 584.0733
76 242.2584 664.2864
77 250.6822 669.9730
78 248.3584 662.5967
79 271.5452 573.5629
80 270.1223 660.3522
81 283.4526 660.7810
82 299.0495 661.1129
83 297.9475 717.5814
84 296.9503 701.2396
85 296.9327 689.2111
86 297.3996 677.9268
87 298.5833 670.2827
88 267.6366 667.7757
89 264.9408 670.6634
90 261.2041 676.3340
91 258.3137 683.1068
92 238.2222 631.9213
93 124.4819 568.5004
94 307.1209 587.1189
95 258.8457 666.2697
96 254.9030 667.4117
97 285.4653 595.1079
98 257.0703 591.2727
99 282.1401 590.9983
100 232.0251 525.5023
101 205.3188 540.9399
102 245.0448 570.0411
103 139.8479 338.6617
104 151.3628 361.6816
105 164.6325 387.9344
106 252.7016 696.9419
107 245.1675 388.5335
108 236.8327 346.4658
109 227.3599 304.2704
110 175.3459 486.0713
111 139.6435 507.7111
112 247.8733 471.8594
113 148.8843 455.5091
114 260.1417 498.9484
115 258.7884 563.3757
116 124.8670 521.9233
117 151.9845 520.3059
118 174.3031 525.6726
119 206.6799 519.9497
120 230.1872 509.6703
121 247.5291 498.6931
122 280.5715 470.7825
123 131.7862 561.3120
124 134.8569 452.8415
125 297.5838 583.2433
126 251.5581 531.2062
127 108.1561 485.6325
128 259.9254 486.8916
129 244.1386 571.1505
130 159.8122 468.7618
131 257.0331 550.9947
132 135.3510 612.2192
133 246.8446 464.9735
134 270.5672 539.0671
135 188.8130 700.5667
136 195.3230 718.8180
137 120.3519 566.5215
138 166.5670 676.4887
139 112.3791 447.7921
140 260.0020 760.6205
141 299.9896 586.8439
142 237.4671 546.8742
143 122.8835 485.2633
144 189.7914 477.6576
145 205.8113 478.0745
146 246.5827 673.5576
147 140.1155 598.4403
148 293.9207 782.5398
149 242.9410 758.8503
150 221.3134 742.3059
151 287.4420 342.6887
152 329.6212 783.4901
153 220.9476 475.2101
154 234.5123 470.3658
155 242.8244 467.2289
156 123.3033 449.7931
157 230.7113 454.4354
158 215.0088 451.5113
159 199.4365 451.9359
160 183.9330 455.8209
161 174.3781 460.9716
162 103.9356 441.0483
163 178.9327 475.2287
164 310.2083 608.7674
165 252.3989 619.9988
166 261.9370 577.7285
167 285.5653 612.5538
168 295.1254 439.2320
169 212.6539 724.2581
170 235.6254 742.2158
171 290.8538 773.0598
172 173.6715 692.4526
173 241.7269 460.3659
174 271.4137 502.9171
175 328.3979 773.2795
176 266.2448 773.1423
177 131.3493 606.7980
178 281.5862 669.2603
179 279.1548 674.8284
180 276.9071 683.5256
181 275.4666 694.2923
182 272.6363 709.2211
183 254.5885 662.5562
184 248.9303 660.9707
185 243.6311 658.2270
186 226.4037 647.1299
187 161.3866 607.4586
188 270.5262 483.6238
189 258.4486 449.0203
190 248.5690 454.0778
191 258.5383 659.9474
192 166.8698 651.5277
193 272.6892 445.2998
194 266.1028 725.8475
195 299.8199 505.5392
196 282.4633 491.4607
197 298.4662 485.4910
198 261.5106 534.2543
199 326.7257 756.3849
200 324.8305 734.7266
201 294.5088 735.8058
202 223.2282 691.1670
203 232.2588 588.3457
204 243.2154 710.8926
205 194.2781 589.1778
206 218.9198 609.0445
207 183.9421 620.5291
208 290.9099 756.9809
209 252.1087 545.7293
210 212.6676 705.1655
211 236.6757 725.1060
212 206.6405 668.1291
213 149.4059 629.4974
214 188.5039 671.4251
215 145.5465 643.4042
216 208.0692 634.2931
217 261.8154 516.7895
218 265.2931 571.1317
219 254.5619 577.1507
220 271.4031 558.2819
221 242.1163 433.8622
222 211.9929 425.7570
223 186.7588 425.5577
224 166.5060 430.1103
225 153.4663 439.6474
226 149.4207 474.2977
227 112.6390 526.8296
228 165.1664 500.3791
229 183.4578 504.6279
230 206.4069 502.8068
231 227.9879 496.2734
232 244.4802 487.7738
233 255.3837 479.9749
234 116.4152 526.9005
235 255.8018 582.1132
236 272.2216 520.3499
237 277.7004 571.5941
238 289.0477 580.2080
239 278.5253 574.2939
240 261.7699 587.7316
241 292.2478 582.0809
242 294.4545 585.8105
243 253.1092 465.3261
244 263.2856 468.3683
245 268.6210 470.6432
246 168.8306 464.6673
247 159.0826 457.5401
248 315.8538 507.2633
249 428.8432 449.2898
250 323.1892 579.7794
251 485.7695 368.9550
252 376.9719 471.5249
253 395.6844 471.7689
254 413.0525 468.8556
255 435.1846 455.1304
256 361.1651 467.3204
257 398.0689 419.8122
258 378.8867 423.0542
259 416.2873 420.6506
260 428.7492 426.0573
261 449.3857 466.0068
262 391.3264 733.0907
263 434.6241 443.4553
264 497.2443 450.9749
265 467.3403 449.9914
266 397.2826 548.4021
267 336.9795 635.5769
268 336.7507 655.7799
269 361.6687 637.7725
270 378.1148 642.1856
271 354.3548 653.9257
272 368.2697 652.9324
273 403.7433 668.4686
274 320.3840 571.1422
275 321.1845 552.1666
276 456.0236 398.5129
277 356.4965 503.0006
278 364.0790 561.4593
279 364.7935 550.9697
280 449.6667 540.8594
281 318.2834 527.7823
282 413.0482 380.9056
283 438.1968 385.3334
284 467.4989 335.5043
285 333.1843 406.5028
286 362.5357 430.9146
287 415.0592 647.5013
288 486.8586 628.1163
289 351.6628 573.0286
290 336.9049 581.2563
291 397.8419 650.1036
292 389.6391 650.5277
293 447.7597 370.5195
294 365.8228 569.8927
295 378.7969 386.6107
296 380.8678 369.3543
297 390.5827 296.8081
298 457.6946 352.4928
299 384.0654 332.2933
300 466.0407 388.5120
301 476.3074 379.9088
302 337.3869 647.5392
303 357.6420 647.7137
304 373.2025 647.8941
305 347.5021 577.2769
306 393.6408 650.5260
307 386.3083 657.6061
308 387.3246 649.9858
309 340.2789 567.4585
310 364.8474 651.7133
311 350.9780 654.7815
312 335.0319 657.8126
313 348.6923 713.0947
314 346.0387 696.6870
315 343.4383 684.8570
316 340.5050 673.9862
317 337.8939 666.6504
318 369.0364 658.3557
319 372.2023 660.6901
320 377.0093 665.6640
321 381.1448 671.7998
322 389.9176 618.6914
323 499.2371 534.3563
324 377.6436 655.3083
325 381.7329 655.9040
326 331.5345 591.1027
327 360.7126 582.4106
328 333.9485 586.3870
329 376.6563 512.5548
330 407.1389 522.8469
331 368.7278 559.3164
332 437.0538 310.4374
333 428.4271 335.2149
334 418.5147 363.6767
335 390.0002 684.8011
336 337.1267 379.3451
337 338.6658 336.7441
338 341.0455 293.5723
339 427.6635 463.4723
340 468.2157 477.5747
341 351.1459 462.6923
342 448.4314 428.1816
343 342.5273 491.4863
344 351.6240 555.2344
345 486.3564 488.8205
346 457.6552 492.4373
347 435.9357 501.8715
348 402.1006 502.2344
349 375.9873 496.5559
350 356.1456 489.0216
351 315.1298 467.5966
352 486.6041 529.2590
353 462.4475 422.5642
354 315.3805 581.4846
355 356.6571 521.9057
356 500.4556 449.0897
357 341.0467 479.6039
358 370.5249 560.1804
359 439.8704 443.6131
360 351.6947 542.7559
361 496.2640 580.1286
362 351.1794 455.7258
363 335.1678 533.2764
364 456.8644 678.4922
365 454.8844 697.8206
366 500.8656 532.1158
367 475.1378 650.4800
368 486.7651 412.7925
369 395.0485 749.7922
370 314.0157 585.5809
371 374.2321 534.7492
372 481.7067 452.0627
373 411.2687 458.0868
374 395.2360 461.3169
375 391.1198 660.3557
376 485.6168 567.7078
377 365.1120 776.8478
378 412.9961 745.4660
379 432.5675 725.7365
380 379.4258 461.2742
381 364.6237 458.6836
382 355.6414 457.1847
383 474.3771 417.0043
384 366.1271 442.4206
385 381.7726 436.6809
386 397.3380 434.2654
387 413.4368 435.3887
388 423.8110 438.6366
389 495.7478 404.6479
390 421.8345 453.7057
391 372.0548 609.7068
392 351.4591 569.8568
393 336.0774 608.1126
394 436.7438 706.0687
395 416.6234 727.7760
396 365.8943 766.9747
397 472.2775 667.6135
398 355.5771 450.2153
399 330.2158 497.6000
400 391.5965 763.2273
401 497.2056 574.3694
402 354.9473 662.4174
403 358.5791 667.4629
404 362.5801 675.4999
405 366.1879 685.7635
406 372.4929 700.2926
407 380.9699 651.1261
408 386.0734 648.6969
409 390.8486 645.0695
410 405.6094 631.3249
411 465.2695 580.6022
412 328.4645 478.3560
413 335.6719 442.0209
414 347.1592 445.1771
415 376.6252 649.3411
416 468.9459 625.4932
417 319.3416 441.0490
418 382.0976 715.9601
419 316.0074 488.3792
420 345.5693 526.8049
421 355.4481 730.6189
422 418.4872 674.4191
423 386.7656 574.7907
424 402.3055 697.4075
425 427.4367 568.4119
426 405.3614 592.6012
427 444.5252 597.5988
428 362.7710 750.9690
429 357.6728 536.5448
430 432.1969 686.6724
431 411.8130 710.7185
432 430.6554 648.5924
433 482.5076 600.4493
434 450.3075 649.0844
435 490.1583 613.4692
436 421.9177 615.4789
437 343.0540 509.6418
438 346.0474 564.0166
439 359.0450 568.0847
440 337.0517 552.4833
441 349.4825 423.9307
442 378.4416 410.1710
443 403.7137 405.4209
444 425.0333 406.2586
445 440.3006 413.3707
446 451.8144 446.6941
447 501.3723 491.1570
448 440.6171 475.3719
449 422.8894 482.9525
450 399.1871 485.4663
451 375.9236 482.9768
452 357.5751 477.6286
453 344.8910 471.9465
454 499.8392 491.4983
455 359.1192 573.2849
456 331.1576 514.9908
457 332.9630 566.5055
458 323.6247 577.0219
459 333.0638 569.2801
460 354.7226 579.8978
461 320.6996 579.3909
462 319.5125 583.4551
463 344.6392 457.1700
464 334.4188 461.9847
465 328.9700 465.2417
466 429.9805 441.2954
467 438.2278 432.1840
