# Image: /home/yaroslav/Projects/Diia.AIContest-AdAstrum/fixtures/FLUXSynID-processed/008e36b2c5c7/008e36b2c5c7_f_live_0_a_d1.jpg
# Mode: stream
# Status: fail
# Errors: image_blurry_or_out_of_focus: Image is blurry (sharpness score: 51.49); strong_shadows_on_face: Strong shadows or uneven lighting detected (difference: 37.2); face_not_looking_straight_at_camera: Head is tilted up/down 21.9° (max: 10.0°)

# 2D Landmarks (index x y)
0 337.6728 634.3755
1 356.7247 557.4964
2 337.3229 584.6829
3 323.6651 484.3317
4 357.8874 533.3936
5 351.0613 504.2601
6 327.3085 436.1115
7 147.1073 426.3235
8 319.9199 375.8790
9 320.5054 345.8051
10 307.4826 259.0001
11 336.3034 646.0260
12 332.7505 655.9453
13 328.0767 660.8199
14 326.0548 699.8512
15 327.6965 711.5315
16 328.0479 725.3895
17 326.2487 739.2785
18 319.1414 755.7989
19 351.1350 571.3826
20 322.6780 571.8240
21 30.7492 350.3752
22 213.6377 448.8554
23 191.8787 449.8657
24 169.7823 448.7476
25 135.5482 434.7577
26 232.0542 443.9625
27 188.1753 379.7081
28 212.8470 383.6112
29 162.8222 382.6817
30 144.1847 392.2258
31 116.7619 452.2266
32 226.4467 777.6861
33 136.8359 419.5585
34 24.5141 445.8499
35 87.4190 436.2038
36 207.9055 543.7010
37 307.8715 630.8585
38 306.5612 656.4630
39 271.7949 640.4725
40 247.0242 651.7728
41 280.8895 659.6317
42 259.7585 664.0011
43 204.3639 698.2112
44 338.1967 556.9076
45 335.9772 533.5606
46 110.9588 369.6240
47 251.0644 487.0642
48 267.2455 555.0442
49 261.5973 543.1410
50 133.4914 541.2154
51 330.6243 506.5788
52 174.8267 340.8162
53 139.5427 349.8591
54 67.6587 308.7146
55 273.3525 365.5656
56 232.1503 394.7252
57 189.7581 670.5754
58 24.9849 665.8107
59 281.8560 568.4356
60 300.4719 576.0573
61 211.8587 674.4039
62 222.6765 674.1874
63 124.2116 336.4570
64 261.1782 566.7444
65 218.6817 344.2621
66 215.8447 326.9814
67 182.0987 259.5780
68 97.4737 323.5634
69 202.8962 293.4003
70 92.6115 361.9907
71 63.0656 358.2819
72 307.6037 645.1675
73 277.7135 651.6809
74 254.1550 657.9925
75 285.9106 573.4549
76 217.6345 674.7670
77 229.2316 686.9283
78 225.0619 672.7577
79 303.0784 559.1347
80 261.0306 663.1290
81 281.5296 661.4524
82 304.3562 660.4161
83 284.8773 753.4771
84 292.6239 735.4947
85 296.5572 721.6356
86 299.0821 707.7687
87 300.1151 698.0626
88 254.6076 688.8699
89 251.0939 692.2470
90 244.9348 698.6395
91 238.9723 705.8299
92 228.4869 626.4725
93 -2.8885 549.2185
94 344.3584 577.4561
95 240.2854 683.5502
96 235.3178 684.7706
97 308.0393 586.2110
98 264.6769 581.9222
99 304.6736 581.5330
100 225.9231 500.0731
101 189.6133 514.2808
102 253.8521 554.5233
103 116.7730 277.4028
104 142.0774 300.4634
105 166.2180 324.3574
106 224.5601 719.4723
107 268.8076 336.0238
108 258.1552 297.5112
109 243.4505 255.1012
110 148.6106 443.9014
111 91.0189 469.5917
112 244.4595 438.1973
113 117.1284 403.5406
114 268.8443 472.0940
115 288.0780 544.3968
116 59.8551 485.9986
117 111.5861 484.8388
118 145.5265 492.7031
119 190.3275 489.3497
120 221.4104 480.7955
121 245.3335 470.5279
122 305.8272 441.2740
123 64.5245 533.8889
124 96.7105 401.0207
125 340.1045 570.2966
126 257.6133 508.9754
127 -4.9949 447.7699
128 264.1549 458.3199
129 245.7919 556.8436
130 126.5727 420.1533
131 281.8761 530.2894
132 4.5159 605.0875
133 243.0594 429.9039
134 306.6864 515.5569
135 107.9680 722.2420
136 94.2033 751.1339
137 21.4681 542.3744
138 72.8990 689.5791
139 41.6604 399.3804
140 219.0290 801.9110
141 335.9786 576.4918
142 234.8439 525.9684
143 62.3794 441.9555
144 172.9113 434.4445
145 192.5840 436.8760
146 222.2381 689.8174
147 66.1879 580.8415
148 258.8129 835.3641
149 175.4125 803.6862
150 137.8835 782.2516
151 315.0962 304.2124
152 307.0885 838.5339
153 210.3889 436.5568
154 226.8075 434.0134
155 237.6342 432.1474
156 74.4572 398.5318
157 225.7424 413.5117
158 207.5054 405.5321
159 189.0892 402.9992
160 168.5779 405.5626
161 154.3072 411.0150
162 7.6465 394.0387
163 158.3311 430.6996
164 335.7408 600.7000
165 252.5633 613.1497
166 284.8699 564.1748
167 303.7077 603.9162
168 319.9061 406.8112
169 143.6920 753.3588
170 179.1414 777.9098
171 265.7508 818.6513
172 57.5110 715.3463
173 238.2968 423.5882
174 295.2716 476.5057
175 314.9896 822.0929
176 215.6790 822.2842
177 26.9754 594.3396
178 276.4151 693.9716
179 272.8304 700.8007
180 268.2133 711.0331
181 263.3826 723.3658
182 250.7693 739.2178
183 238.4935 668.1283
184 232.1023 665.5811
185 225.6124 661.6562
186 206.5217 645.9198
187 109.5808 592.4666
188 287.7913 455.1048
189 264.7355 411.7085
190 249.1342 414.8575
191 242.1572 665.3421
192 96.6614 652.2135
193 289.7941 409.4041
194 237.0255 756.1899
195 342.6239 481.0822
196 314.5787 464.1078
197 335.0469 459.6198
198 280.7688 511.6757
199 318.5041 799.3060
200 318.8581 774.5219
201 278.1016 771.9436
202 182.1617 705.4878
203 225.5370 575.3364
204 205.1804 734.2327
205 172.3547 570.9978
206 204.4129 597.8164
207 148.7817 609.3213
208 271.7726 795.8768
209 262.0742 525.8657
210 158.3417 724.8839
211 190.4945 752.8706
212 166.7222 673.0251
213 69.1925 622.3147
214 131.8150 678.9424
215 41.4245 643.7477
216 183.4746 627.9022
217 276.4728 492.3449
218 297.1253 554.9206
219 275.4228 562.4386
220 311.9493 537.8440
221 249.4801 387.0103
222 215.5409 369.7158
223 183.5498 365.3071
224 154.4867 369.6785
225 131.5452 381.9448
226 110.1965 428.5584
227 20.3278 493.3437
228 131.7646 461.1436
229 158.5032 467.9370
230 189.4100 468.0723
231 217.2508 463.5744
232 238.8799 456.7193
233 254.6285 449.5887
234 -5.6598 498.3484
235 272.0437 569.7447
236 302.4743 495.4149
237 319.0094 554.8945
238 325.9985 567.7490
239 314.9611 559.7056
240 275.1069 577.5298
241 332.3952 569.0888
242 328.4577 575.1859
243 252.7775 430.8839
244 267.1262 436.7585
245 278.5047 439.9762
246 145.2410 415.5841
247 130.1791 403.9259
248 357.3373 485.4483
249 430.0769 441.0181
250 359.3778 572.6407
251 447.9272 377.2351
252 381.3535 458.5045
253 399.2641 460.8932
254 415.2105 460.7878
255 432.1122 449.6120
256 366.4873 452.2177
257 407.9056 395.2475
258 387.0363 397.2007
259 426.2424 399.9021
260 436.2883 410.3723
261 441.5555 466.9531
262 379.6803 772.0615
263 434.3905 435.5358
264 454.5194 464.2565
265 450.1738 452.7426
266 408.4857 548.8172
267 361.0991 631.2156
268 351.3676 656.3250
269 380.2459 639.4343
270 387.6730 650.8121
271 364.5424 658.3586
272 372.0612 662.7870
273 396.2252 696.8272
274 370.9818 557.9924
275 374.3142 534.9196
276 453.5141 389.8581
277 370.2403 491.6078
278 393.0880 557.2126
279 390.9353 545.5173
280 449.3803 549.4645
281 366.9277 507.7435
282 428.2210 359.6680
283 445.3199 370.0131
284 443.1623 336.6653
285 358.6886 372.4780
286 369.0882 405.8096
287 407.7942 670.1633
288 423.2092 665.9688
289 378.2319 569.7877
290 364.5528 576.6211
291 392.4847 673.8440
292 381.7020 672.9398
293 449.6149 358.5229
294 388.8348 568.0862
295 401.2598 358.6328
296 404.5132 342.3814
297 399.1916 279.5773
298 447.8316 348.0566
299 401.6685 310.8477
300 456.6916 383.8626
301 453.5037 382.3843
302 357.5566 645.1347
303 372.8774 650.3920
304 380.9259 656.6847
305 372.5570 574.0476
306 387.5346 673.9761
307 383.7941 686.1911
308 377.4593 671.3404
309 378.1400 560.8558
310 364.3609 661.7754
311 356.4292 660.4432
312 344.6563 660.2985
313 346.7878 752.5720
314 352.8488 735.1190
315 353.0817 721.1482
316 350.0265 707.5208
317 345.8251 697.8099
318 367.5615 687.8626
319 372.4328 691.5691
320 378.5931 697.9360
321 382.8591 705.2139
322 399.9476 627.0368
323 432.1213 560.1044
324 371.6376 682.3868
325 378.2803 683.9153
326 359.0257 586.1621
327 379.7475 582.0994
328 361.8767 581.9889
329 387.4778 505.7418
330 415.0616 521.8017
331 390.0664 556.4101
332 428.5796 303.5258
333 431.6059 323.4847
334 432.6021 344.6657
335 385.1708 717.3209
336 365.7123 344.9342
337 363.5375 307.1319
338 360.6289 266.3100
339 426.8251 457.2495
340 454.6955 484.4516
341 356.9035 445.4400
342 444.8102 421.3926
343 359.8641 476.0127
344 389.5237 547.1142
345 465.4810 500.7876
346 452.0740 498.0138
347 437.3289 503.7839
348 407.4368 498.0310
349 383.5452 487.7003
350 365.8036 476.1045
351 342.7508 443.3676
352 469.4327 544.8446
353 452.0275 419.6767
354 359.6136 570.9330
355 374.2884 512.4763
356 438.2742 467.2196
357 353.6915 462.7488
358 386.3437 558.8498
359 437.4159 436.7614
360 385.4218 532.7876
361 430.6345 611.0076
362 354.9285 436.9027
363 377.4793 517.5475
364 423.8974 716.0992
365 409.8825 742.4881
366 461.1097 553.7495
367 435.7831 686.5734
368 453.6756 421.2640
369 379.5629 794.1405
370 351.4549 576.9427
371 387.7362 530.0030
372 456.0464 459.1329
373 415.6943 447.6298
374 400.5166 448.9782
375 388.2188 689.1220
376 464.1794 587.8992
377 346.6909 830.2680
378 385.6464 793.2187
379 397.5152 771.4368
380 384.5629 447.2783
381 369.6875 443.0977
382 359.8978 439.9894
383 455.6258 418.3381
384 370.4295 422.8794
385 386.1860 417.3636
386 403.2992 416.0747
387 419.3271 419.8233
388 428.0970 426.3111
389 446.0426 418.0937
390 424.6584 444.6195
391 388.9400 613.1082
392 381.4239 565.9083
393 361.2805 603.8267
394 409.3947 744.9525
395 394.6779 768.6974
396 354.4121 814.2274
397 416.3474 710.4268
398 360.0623 431.1537
399 359.3360 478.9250
400 371.0718 813.7716
401 456.1481 600.9402
402 359.0789 693.2935
403 364.1902 700.1988
404 369.1559 710.6144
405 371.7093 722.7352
406 370.2179 737.6198
407 377.8940 666.6031
408 385.6982 664.4607
409 391.8021 660.9273
410 406.6667 646.3537
411 453.6013 597.8789
412 350.7216 458.1708
413 346.5094 417.4789
414 353.6411 422.4673
415 370.6015 663.6727
416 443.7699 652.6245
417 339.3857 412.8406
418 373.6093 752.3595
419 350.7631 465.7173
420 373.4550 514.3165
421 349.8614 769.6333
422 406.1730 702.6780
423 398.3906 577.6224
424 391.4464 729.9674
425 431.2516 576.3487
426 411.5507 600.4503
427 437.8944 612.7738
428 355.1417 792.6076
429 379.1930 528.6208
430 413.2720 719.5233
431 396.0056 746.2395
432 419.2424 672.3762
433 455.3297 625.5287
434 431.2977 677.1644
435 447.2735 645.4988
436 418.7118 629.8624
437 366.0562 495.4167
438 384.8138 557.0359
439 388.6840 564.4624
440 383.8876 539.7292
441 362.8120 395.5000
442 392.2021 382.9595
443 417.1148 382.1457
444 435.4328 388.1742
445 444.5647 401.0287
446 442.2893 444.6704
447 459.7948 508.7478
448 437.3307 474.7694
449 423.5898 479.5682
450 402.8063 477.9697
451 381.0520 471.8409
452 363.9940 463.3834
453 352.9210 455.1759
454 432.3203 513.4508
455 384.2205 570.9508
456 367.0623 497.3462
457 379.3408 556.3587
458 364.5568 568.4058
459 374.7849 561.1355
460 377.2506 578.0704
461 363.8616 570.2301
462 356.3541 575.8021
463 350.0451 437.2467
464 344.0143 441.6340
465 344.0543 443.8999
466 432.1618 431.1864
467 440.0334 421.7309
