# Image: /home/yaroslav/Projects/Diia.AIContest-AdAstrum/fixtures/FLUXSynID-processed/008860a08ba5/008860a08ba5_m_live_0_a_d1.jpg
# Mode: stream
# Status: fail
# Errors: image_blurry_or_out_of_focus: Image is blurry (sharpness score: 26.97); strong_shadows_on_face: Strong shadows or uneven lighting detected (difference: 43.6); face_not_looking_straight_at_camera: Head is tilted up/down 14.5° (max: 10.0°)

# 2D Landmarks (index x y)
0 325.7983 604.0765
1 339.8529 536.2076
2 325.2521 563.0768
3 306.4995 470.9512
4 340.1121 513.5407
5 333.9622 487.4746
6 313.4091 428.5761
7 128.3515 431.3814
8 306.1378 377.1758
9 305.7163 348.9685
10 293.3350 261.6137
11 324.8676 614.9574
12 322.3062 624.6635
13 318.8031 629.7937
14 318.1471 664.4576
15 319.7767 674.7301
16 320.3013 687.6185
17 319.3607 701.4484
18 314.6524 721.5091
19 335.6594 549.6857
20 306.9853 551.4439
21 21.1970 364.2103
22 197.2781 448.8649
23 174.7323 450.5015
24 152.1183 449.7646
25 117.6051 439.0880
26 216.1097 443.7746
27 168.4250 387.9165
28 193.3018 390.5952
29 143.2806 391.2368
30 125.3167 400.1318
31 99.8382 453.8002
32 219.6128 749.7286
33 118.5363 426.1440
34 15.6576 454.0087
35 71.2096 441.1236
36 190.2503 529.9333
37 292.3391 601.3533
38 292.7182 625.5037
39 253.9836 611.3898
40 228.4867 623.3119
41 265.0563 629.0915
42 243.1047 634.4427
43 191.5472 670.7449
44 320.0042 536.1205
45 316.9500 514.3445
46 90.9123 378.8705
47 235.2628 478.6651
48 246.6936 536.5131
49 241.7205 526.1631
50 114.7731 530.1316
51 312.1573 490.1982
52 153.0432 351.2208
53 117.7031 360.1190
54 52.6281 322.3995
55 256.1871 370.6585
56 213.7998 399.6041
57 173.8300 645.0923
58 25.7864 660.5456
59 263.3584 548.8308
60 284.2561 555.6728
61 195.8318 646.2673
62 207.2675 645.8208
63 102.8228 347.5532
64 241.6044 547.3699
65 198.2056 353.2032
66 194.7297 336.1392
67 160.9075 268.2865
68 79.2901 334.9818
69 181.6596 300.9727
70 73.6321 372.1763
71 48.8298 369.5921
72 292.6098 614.5033
73 260.6294 621.5694
74 236.3238 628.8227
75 268.2609 553.3032
76 201.7790 646.3030
77 215.0074 656.9228
78 210.0083 645.0303
79 283.9974 539.7241
80 245.3831 633.8352
81 267.2909 631.0678
82 291.9524 629.7163
83 278.8792 719.8839
84 284.4507 698.6580
85 287.2571 684.6276
86 289.1623 671.8194
87 290.2378 663.3276
88 242.0735 657.4275
89 238.2719 660.3655
90 232.2240 666.5956
91 226.6925 674.2286
92 209.8350 602.8344
93 -3.4057 554.7203
94 330.5275 556.1536
95 226.8659 653.7344
96 221.3814 654.5418
97 292.7654 564.7447
98 246.7628 561.2853
99 288.8925 560.5421
100 209.3143 490.9492
101 171.9746 504.1683
102 234.4859 536.8198
103 97.2745 289.4775
104 121.2937 310.9002
105 144.0218 335.1961
106 213.9731 690.0020
107 249.9792 342.4356
108 239.0515 301.4084
109 224.2105 260.5454
110 130.6400 446.3377
111 75.0319 469.6188
112 228.6436 438.0641
113 98.6612 410.7004
114 253.5652 464.4375
115 267.7318 526.2598
116 45.8830 486.6079
117 94.5124 481.4868
118 127.8359 486.5237
119 173.2787 482.9999
120 205.3956 475.0571
121 230.3681 465.1663
122 290.6438 434.4671
123 49.8480 529.3542
124 78.9317 408.7417
125 323.8978 548.8850
126 240.8019 497.2600
127 -7.1957 459.5420
128 249.4082 453.1691
129 227.5537 539.7091
130 108.6579 426.6186
131 262.0933 513.8867
132 5.1145 605.9401
133 227.1809 430.9297
134 287.6376 499.5347
135 100.6085 703.6166
136 92.6569 734.2331
137 13.8131 543.2103
138 65.4189 675.7428
139 30.8784 409.5536
140 213.9740 774.4913
141 321.2666 555.3950
142 217.7253 513.2504
143 48.1928 447.5819
144 154.1476 437.4040
145 174.6824 438.8931
146 208.0707 660.5154
147 51.8809 573.2336
148 257.5388 806.3160
149 173.5831 779.5189
150 136.1239 761.0544
151 300.3328 305.0475
152 307.8267 808.7114
153 193.3170 437.9924
154 210.3333 435.1226
155 221.4673 433.1847
156 58.5120 407.1376
157 208.3127 417.7319
158 189.3476 412.1584
159 170.8183 410.5603
160 150.3078 413.1521
161 135.9456 418.1937
162 2.5212 407.3104
163 139.3855 434.6348
164 323.9519 576.6859
165 234.7506 589.5822
166 265.4639 544.7384
167 288.5533 579.6976
168 306.9281 404.2646
169 137.6785 731.2705
170 173.6901 753.2113
171 261.8856 788.5654
172 56.9990 703.6938
173 221.7914 425.6705
174 278.8443 466.0761
175 313.5468 791.3822
176 213.8634 795.3768
177 20.1707 591.1654
178 264.8393 660.5686
179 261.2900 666.5374
180 257.1409 676.3509
181 253.1681 688.9066
182 242.5874 707.5183
183 221.8040 639.7067
184 214.8051 637.3637
185 207.6489 633.9620
186 187.9695 621.2653
187 91.8580 579.8842
188 272.5643 448.0361
189 249.0998 412.5329
190 232.8615 416.8221
191 226.1243 637.1843
192 83.0920 637.5577
193 274.9101 408.5437
194 229.5666 727.0864
195 326.6482 467.2783
196 298.4756 453.6552
197 320.1632 448.7673
198 262.9320 498.1428
199 315.6930 768.0463
200 315.1730 742.2064
201 272.4283 740.4764
202 170.7267 680.5410
203 207.8168 557.5103
204 196.2829 707.2257
205 152.9084 555.8617
206 185.7817 578.8103
207 129.8224 592.6622
208 266.5037 765.3586
209 244.0873 511.6754
210 148.7653 701.7750
211 182.7948 727.3066
212 152.0853 650.2287
213 56.2021 612.0844
214 118.5066 659.2079
215 34.9167 635.9695
216 164.5087 606.8076
217 259.8344 481.5414
218 277.1292 535.7266
219 255.1761 543.1629
220 292.2288 519.2539
221 231.8524 391.4652
222 195.8593 377.0371
223 162.9524 373.7084
224 133.8102 378.2156
225 111.3780 390.2609
226 93.1440 433.8522
227 12.1317 498.1410
228 114.4160 461.0548
229 141.0153 465.8336
230 172.4406 465.6006
231 201.3009 461.0725
232 223.6232 454.0869
233 239.6165 446.7646
234 -6.7386 507.3810
235 252.6872 549.8918
236 284.9215 482.1360
237 299.9139 534.9927
238 309.1970 547.1375
239 296.4960 539.8441
240 257.0567 557.1993
241 315.5871 548.1311
242 313.0363 554.4432
243 237.2517 430.9942
244 252.3565 434.6315
245 263.6559 436.1396
246 126.8053 422.3241
247 111.6922 411.4714
248 343.3516 471.4822
249 435.8056 437.5559
250 348.0985 551.6942
251 465.4279 378.6055
252 382.0442 453.5410
253 401.5915 455.4518
254 419.5920 455.0014
255 440.1130 445.5254
256 365.3745 447.9727
257 408.9420 395.4711
258 386.7821 397.5860
259 429.0851 399.4528
260 440.8492 408.8101
261 452.2890 460.5814
262 385.8939 743.7812
263 440.8968 432.9904
264 475.3295 462.1866
265 464.5283 448.6907
266 411.5746 532.1102
267 353.5136 601.1897
268 345.3639 625.2848
269 378.3215 610.1830
270 389.8278 622.2050
271 362.6691 628.0454
272 373.2997 633.3616
273 402.5620 668.5064
274 356.3349 536.6457
275 358.9336 514.9293
276 463.1384 388.7220
277 367.3118 480.9765
278 390.5048 537.3788
279 388.8614 527.2229
280 460.8896 533.6778
281 351.9900 490.7158
282 429.1974 360.3775
283 450.9713 369.8658
284 456.8950 338.3131
285 349.0275 374.1483
286 367.6188 405.4346
287 415.9633 643.6202
288 448.7484 655.0938
289 374.1657 549.4454
290 357.3912 555.8288
291 398.8722 645.3629
292 386.9853 644.6273
293 457.2224 358.5244
294 387.8491 547.9327
295 396.7541 360.3751
296 399.8698 344.0647
297 399.8732 280.5213
298 457.9167 348.1117
299 399.0597 310.9291
300 468.3053 382.9571
301 467.4820 382.2039
302 350.7165 614.3247
303 370.8595 620.3655
304 382.5052 627.6184
305 368.1102 553.5275
306 393.3502 645.2629
307 387.4953 655.9383
308 382.4463 643.7514
309 369.5570 540.5600
310 365.7976 632.7636
311 354.8937 630.2445
312 339.2712 629.6115
313 344.9406 718.5542
314 348.3075 697.9149
315 347.7180 684.0295
316 344.6837 671.2329
317 340.5714 662.8378
318 368.4827 656.1665
319 373.3606 659.3951
320 379.9055 665.5319
321 384.6251 673.1286
322 403.1495 602.3163
323 459.0061 557.1827
324 374.4628 652.5038
325 381.4119 653.4350
326 351.2428 564.4220
327 378.8359 561.0417
328 354.3285 560.5213
329 387.9814 493.7864
330 419.4697 507.7856
331 389.5408 537.5641
332 436.9577 304.9246
333 436.4316 323.6481
334 434.1463 345.3179
335 389.1505 687.2792
336 355.6914 347.1828
337 354.9501 307.1325
338 353.8850 267.4950
339 433.4351 452.1265
340 468.7738 476.4173
341 354.7095 441.7387
342 454.1394 418.8692
343 353.8615 466.4539
344 382.4835 527.6172
345 482.5439 492.9640
346 463.6876 487.5690
347 445.5474 491.8939
348 411.2121 487.2621
349 384.0178 478.4727
350 363.1443 467.9368
351 331.4795 435.5657
352 487.0362 533.2556
353 463.9669 417.4882
354 345.5300 549.2266
355 371.5386 498.9730
356 462.5893 468.1679
357 348.6021 455.6006
358 387.2569 540.4600
359 445.7116 434.0243
360 379.3576 515.0327
361 456.9498 604.7485
362 352.8438 434.3241
363 366.3681 500.3399
364 441.5342 694.6849
365 429.1936 722.6173
366 483.2001 546.2829
367 456.8342 668.7056
368 470.9145 420.3072
369 386.9675 766.3644
370 338.6421 555.6168
371 388.2830 515.1261
372 473.1279 455.4028
373 419.1427 443.1948
374 402.3690 444.4638
375 392.7251 659.3812
376 483.4820 574.3334
377 351.0505 801.2613
378 397.3446 768.2786
379 412.5123 748.6510
380 385.1406 443.1323
381 369.0115 439.7329
382 358.3948 437.0933
383 469.7714 416.6281
384 369.1802 422.2034
385 385.9230 417.5460
386 403.5351 416.2301
387 420.8773 419.2038
388 431.3299 424.6974
389 466.7268 419.3712
390 429.3979 440.5627
391 388.9735 588.8017
392 376.5496 545.6046
393 353.7783 579.1875
394 423.5167 721.4054
395 405.7246 743.1416
396 357.3948 784.0535
397 439.4470 694.7032
398 358.0269 429.1879
399 349.5790 467.1963
400 378.9284 786.4527
401 478.5514 590.7376
402 357.0464 659.6596
403 362.1415 665.6573
404 367.1460 675.6466
405 370.1972 687.8388
406 371.3792 705.4125
407 381.7552 638.3345
408 390.1271 636.1516
409 396.9077 632.9069
410 413.1361 620.5822
411 469.6849 580.8139
412 341.9083 449.6603
413 341.4580 415.5197
414 350.6213 420.6801
415 374.0678 635.8567
416 462.3025 634.1580
417 330.3686 410.2689
418 377.8961 722.6718
419 338.0045 454.5172
420 367.0130 499.3058
421 350.2090 737.9443
422 414.7592 676.4190
423 400.9237 558.0283
424 397.9938 702.1879
425 439.5965 557.8297
426 416.6809 579.3889
427 450.4466 592.8448
428 356.9546 761.8665
429 376.5859 512.9561
430 425.1082 694.8199
431 404.9843 719.9067
432 429.6100 647.6533
433 475.5040 610.3943
434 445.8730 654.6950
435 469.8039 632.2202
436 427.6998 606.7614
437 359.7195 483.0066
438 376.9017 536.7314
439 385.1546 544.0136
440 372.3635 520.1135
441 358.1711 395.6181
442 390.4007 383.4730
443 418.1440 381.8589
444 439.3341 387.2061
445 451.5462 399.3727
446 453.3932 441.0731
447 481.6037 503.9786
448 446.2182 467.3926
449 429.8318 471.2708
450 406.0961 470.2105
451 381.6389 465.1714
452 362.2290 457.5718
453 349.3658 449.7459
454 458.8871 512.9086
455 381.7100 550.3824
456 356.3372 483.0440
457 367.4149 535.4828
458 352.2951 547.3861
459 363.8786 540.4589
460 374.5852 557.1134
461 350.6915 548.6331
462 344.4198 554.6178
463 347.0317 434.2147
464 339.0807 437.2374
465 337.2167 438.2801
466 437.0475 429.0044
467 447.1384 419.5763
