# Image: /home/yaroslav/Projects/Diia.AIContest-AdAstrum/fixtures/FLUXSynID-processed/008a04f18027/008a04f18027_f_live_0_e_d1.jpg
# Mode: stream
# Status: fail
# Errors: image_blurry_or_out_of_focus: Image is blurry (sharpness score: 51.90); strong_shadows_on_face: Strong shadows or uneven lighting detected (difference: 58.0); face_not_looking_straight_at_camera: Head is turned 169.8째 (max: 15.0째); head_is_tilted: Head is tilted 21.3째 (max: 10.0째); face_too_small_in_frame: Face occupies only 44.3% of frame (min: 50.0%)

# 2D Landmarks (index x y)
0 284.3537 570.8839
1 297.6353 498.7849
2 292.2941 522.8704
3 290.8297 435.0636
4 301.3877 478.4159
5 305.1678 453.9636
6 313.4030 398.2825
7 180.2794 376.1896
8 321.4906 354.0082
9 326.2740 330.0182
10 338.4596 259.5978
11 282.4417 581.4317
12 280.6289 589.8701
13 279.3452 593.7446
14 279.4173 600.1691
15 278.0197 608.8610
16 276.0325 619.9991
17 273.4438 632.5846
18 268.5274 654.3112
19 295.2273 510.2458
20 275.6810 508.0714
21 125.6645 311.8767
22 230.3968 400.4476
23 211.8387 398.9304
24 194.1474 395.8535
25 171.3663 382.3794
26 246.7943 398.2692
27 215.7296 346.8679
28 235.1440 351.8230
29 196.2029 346.6499
30 181.9297 352.0049
31 153.8735 394.2677
32 185.0789 671.9241
33 174.0871 370.7761
34 99.7965 385.1528
35 135.7404 379.8151
36 199.0202 475.2899
37 258.5336 563.4240
38 257.3926 586.2691
39 229.5228 566.1660
40 210.3971 572.4279
41 237.1393 584.5262
42 221.1297 584.8655
43 179.2118 601.2385
44 281.1378 495.8129
45 281.8256 475.9941
46 158.8820 328.8556
47 246.9891 434.0674
48 232.2465 487.3962
49 232.2783 477.4447
50 144.2159 465.2981
51 286.7239 453.2377
52 207.1834 310.7026
53 180.2654 315.3345
54 152.0561 281.0710
55 284.0731 340.5187
56 250.8601 361.5433
57 168.0136 578.8983
58 75.3646 566.8480
59 244.7335 500.9729
60 259.9169 509.9049
61 187.7142 584.1299
62 197.3807 584.6738
63 172.2429 303.4747
64 228.9801 497.1685
65 241.4789 317.5259
66 240.9030 303.2139
67 235.3418 249.8418
68 162.2539 292.4306
69 240.0761 276.2818
70 149.2399 321.6595
71 137.3320 318.3202
72 257.4211 576.4271
73 233.7694 577.1452
74 215.9129 578.9306
75 248.5832 505.9245
76 192.5894 584.7617
77 201.2131 590.3962
78 200.1114 584.1268
79 258.5203 494.0737
80 225.0669 584.8246
81 240.4571 586.8850
82 258.7258 589.8877
83 240.0715 648.4074
84 246.6222 626.2203
85 250.7724 613.8022
86 254.6791 602.7670
87 257.6854 595.9770
88 221.9616 589.7152
89 218.3398 591.9301
90 212.5653 596.7733
91 206.9397 603.3623
92 198.5367 547.0307
93 77.4612 471.2055
94 293.9594 515.7828
95 211.5735 588.0259
96 206.9209 588.4102
97 265.5157 519.7504
98 232.9077 511.3775
99 262.7839 515.0596
100 224.7788 442.1856
101 192.2192 449.8338
102 226.7463 486.7254
103 187.0468 259.1746
104 195.0143 276.8827
105 203.1559 296.9455
106 193.9339 617.9711
107 283.2766 315.9459
108 283.8949 284.5597
109 283.8264 251.1550
110 179.2175 390.2957
111 131.0616 405.4172
112 257.6583 394.5634
113 160.9042 356.7057
114 263.2561 423.3422
115 247.5325 480.3689
116 107.6633 416.7608
117 141.3313 418.8206
118 163.9745 428.2201
119 200.0703 430.5616
120 227.6805 426.8795
121 249.2134 420.9617
122 294.4808 400.3805
123 101.0758 455.0181
124 146.6087 352.8533
125 285.3422 507.9085
126 244.1609 451.5099
127 92.9633 388.6194
128 265.9313 412.5328
129 223.9521 488.9095
130 167.4828 370.6890
131 248.0081 468.6727
132 72.5040 517.1234
133 258.4981 387.9535
134 267.6220 458.7566
135 107.9373 613.6210
136 103.0633 639.5828
137 80.4327 462.0376
138 90.2703 584.0332
139 118.7586 349.5759
140 175.6023 693.6078
141 286.1427 513.7447
142 223.9438 463.6564
143 119.0287 382.9616
144 198.2996 384.2247
145 214.1170 388.0835
146 195.2964 593.3239
147 95.4918 493.6680
148 206.6876 730.9207
149 149.1291 692.3747
150 126.7930 669.8914
151 332.4675 295.4217
152 250.3810 743.0285
153 229.3724 389.7156
154 244.1969 389.4869
155 253.6600 389.0279
156 133.8267 349.6976
157 244.7991 375.7687
158 229.6889 369.5527
159 214.5828 365.8499
160 198.2096 365.2663
161 186.8688 367.3845
162 107.0563 345.5044
163 187.7011 380.1942
164 289.6878 538.4921
165 218.5228 537.8844
166 245.6812 496.9917
167 260.3138 536.4401
168 316.8557 377.1039
169 128.5496 643.7957
170 150.6287 668.6367
171 209.9917 713.8593
172 86.7867 607.8376
173 254.5457 382.9932
174 276.0440 427.5064
175 254.2821 725.9209
176 174.6991 713.2597
177 76.3923 504.7019
178 238.5187 592.1754
179 234.3801 596.9116
180 229.4124 604.8968
181 224.2318 615.8111
182 213.4110 634.3903
183 206.9305 584.4453
184 201.0201 581.6282
185 195.7008 577.3634
186 180.0588 560.7467
187 119.5318 505.4811
188 279.6038 410.6683
189 276.5156 376.1469
190 264.4050 377.6721
191 212.1408 582.9923
192 105.6421 554.0401
193 292.7648 376.3056
194 199.0710 652.0610
195 308.0312 434.6122
196 292.0616 418.5035
197 310.5134 416.9399
198 256.4000 454.8173
199 259.0550 702.7103
200 264.2029 676.2486
201 229.6465 668.5920
202 159.8325 606.1165
203 205.5541 502.7187
204 176.3213 631.7408
205 165.3008 493.0977
206 185.1303 519.1997
207 142.2084 522.4946
208 217.7868 692.1286
209 241.2245 464.8388
210 140.3553 620.1088
211 161.6657 647.3351
212 149.5010 578.1131
213 92.5201 528.1179
214 124.9794 578.4550
215 77.9660 545.4007
216 164.5550 542.4349
217 260.6197 439.4617
218 252.8726 489.7291
219 237.5313 494.4380
220 264.0283 476.8657
221 265.6002 355.6596
222 238.2944 338.8595
223 212.6340 332.6084
224 189.8358 333.4158
225 172.4901 341.1335
226 153.7919 375.6397
227 87.6777 422.5027
228 162.6525 402.6561
229 180.8309 410.4021
230 205.3657 413.5738
231 229.5372 412.9478
232 249.0946 409.4961
233 262.9833 405.0286
234 85.1529 429.8509
235 236.2574 500.7238
236 273.4800 442.7460
237 267.2687 491.4426
238 275.8770 504.1067
239 266.4819 495.6131
240 240.1462 508.3002
241 279.4685 505.8904
242 279.7270 511.6084
243 265.4596 389.5822
244 275.0927 395.9230
245 280.2686 399.1656
246 179.8035 369.3575
247 170.8623 358.9201
248 323.3160 441.0567
249 437.7609 425.8872
250 313.1646 514.3867
251 504.0258 383.9164
252 384.3557 430.0233
253 401.9688 435.0417
254 419.1489 438.1971
255 443.4563 434.5362
256 370.2262 422.4468
257 416.5636 387.7921
258 397.4665 385.0566
259 433.9071 394.6431
260 444.4068 404.3575
261 454.8874 450.8102
262 336.6018 698.8644
263 444.7531 423.6062
264 502.1577 460.5921
265 475.0117 444.0254
266 390.6754 509.2939
267 310.8475 571.4984
268 303.1136 593.4741
269 336.2004 582.7271
270 351.0295 594.1490
271 322.2487 597.6065
272 336.2526 602.6456
273 367.9343 632.4727
274 313.8706 501.4968
275 319.7297 482.6777
276 472.5193 392.0406
277 359.7366 454.7482
278 358.5885 509.2447
279 361.0786 499.9494
280 442.2881 518.6291
281 322.2322 459.8017
282 437.8589 360.2738
283 459.2860 373.3194
284 493.2886 346.6340
285 360.0701 357.3456
286 379.7764 387.9234
287 385.5932 614.8258
288 459.9475 637.9408
289 342.7346 517.4705
290 326.2051 521.0798
291 367.1931 612.3324
292 357.8844 609.6477
293 469.7609 365.1728
294 357.7188 519.2382
295 406.1811 353.1916
296 411.9586 340.1830
297 434.5452 288.3461
298 481.7838 355.4029
299 422.0741 313.3537
300 482.9865 388.2848
301 493.4796 387.3862
302 307.0995 584.0611
303 328.4720 591.6115
304 343.6246 598.5052
305 337.4914 520.7133
306 362.4460 611.2531
307 353.2983 614.3653
308 355.1292 608.3182
309 333.6363 506.8540
310 332.0531 601.2566
311 317.4464 598.6935
312 299.6412 596.1141
313 296.4612 658.0635
314 300.2987 635.2272
315 301.5429 622.0327
316 301.6665 610.3279
317 300.9465 602.9295
318 334.8748 607.3103
319 337.6728 610.7895
320 341.2951 617.4811
321 344.1149 625.6428
322 369.1688 575.1700
323 489.0862 548.0619
324 344.1991 608.8634
325 348.7017 610.6601
326 318.2614 528.6187
327 349.2048 530.9206
328 322.0996 525.0126
329 377.2415 469.8112
330 404.4961 487.9305
331 362.6023 510.1619
332 472.1683 314.3106
333 459.9385 330.3873
334 446.3634 348.7146
335 348.7921 643.9714
336 370.0877 335.3465
337 380.4977 303.9046
338 391.4394 271.7047
339 434.1231 438.4807
340 471.0563 468.4381
341 361.8097 415.2316
342 461.0906 415.7825
343 348.8708 439.2564
344 347.9192 497.9664
345 487.1117 487.0387
346 458.4592 476.8694
347 435.9885 477.7284
348 402.9067 467.5436
349 378.9568 454.8773
350 361.3262 441.9531
351 329.6903 407.2052
352 480.9652 524.1964
353 475.0726 416.6960
354 305.0997 511.3495
355 357.2107 471.8028
356 503.8147 466.0159
357 349.1439 428.4163
358 363.6733 513.0261
359 450.4901 425.9647
360 350.5142 486.7541
361 478.3679 592.5973
362 363.2126 408.8954
363 336.7989 471.1699
364 421.8933 670.4470
365 414.4943 696.6459
366 493.4501 538.6818
367 446.2447 648.9187
368 498.4373 421.6204
369 336.6831 722.8329
370 301.9822 516.3711
371 371.4004 489.9054
372 488.1157 452.3946
373 419.3908 426.4281
374 403.5470 424.4033
375 357.6245 619.1586
376 473.2028 562.2808
377 294.3159 746.9315
378 358.1344 730.6239
379 384.7400 717.0385
380 388.7680 420.6453
381 375.4947 415.1853
382 367.2100 411.5206
383 486.7904 417.6928
384 379.4696 402.8283
385 394.9623 402.8012
386 410.0696 404.8688
387 425.1840 410.1837
388 434.8136 416.1843
389 507.6210 421.4510
390 430.1422 426.6322
391 354.1932 560.3890
392 343.5874 513.6346
393 317.4138 545.7170
394 394.0348 691.6244
395 366.7654 707.7055
396 298.9442 730.0028
397 437.6625 672.4459
398 368.4811 405.9585
399 337.4104 438.7725
400 329.0285 741.5154
401 483.0899 579.6938
402 319.6448 605.0266
403 321.9783 610.7621
404 323.7008 620.2182
405 324.3947 632.3585
406 325.6389 653.4833
407 349.1352 606.4461
408 355.9193 605.6447
409 362.3052 603.2923
410 381.2376 593.7206
411 450.1223 564.7174
412 338.8830 422.0192
413 352.0584 391.8469
414 361.8604 397.3869
415 344.5161 603.4849
416 444.9681 614.9450
417 338.6302 385.9193
418 331.2624 675.2175
419 326.8626 424.9560
420 346.2623 470.9322
421 298.1707 680.5481
422 381.6723 644.4292
423 375.8426 532.1926
424 358.2790 663.3449
425 415.3912 537.4361
426 389.1651 554.5307
427 425.7687 572.6968
428 300.0408 706.9146
429 356.1337 485.2776
430 393.3149 664.9725
431 365.4423 683.6206
432 400.8745 621.2609
433 463.9063 595.3773
434 421.0284 631.0560
435 468.5386 617.1590
436 399.8108 582.6910
437 346.7884 455.1009
438 340.3616 504.7264
439 351.7156 513.9500
440 335.0950 489.3106
441 369.7283 377.5748
442 400.4016 372.8095
443 425.2680 376.5453
444 444.7314 385.3492
445 456.8611 398.3065
446 460.8527 434.4748
447 500.0208 499.4707
448 444.8769 455.2477
449 426.4103 455.7443
450 403.1794 450.4246
451 381.2365 441.5253
452 364.6538 431.7104
453 353.8291 422.6649
454 495.9770 506.8868
455 350.2087 520.0457
456 335.7820 454.0418
457 327.3762 501.8454
458 314.7270 510.7688
459 326.2324 505.8559
460 344.0015 525.9200
461 311.2413 511.4626
462 308.3990 516.6528
463 356.5596 407.9615
464 346.2671 410.2306
465 341.2033 411.2295
466 440.4120 420.4228
467 451.5865 414.4849
