# Image: /home/yaroslav/Projects/Diia.AIContest-AdAstrum/fixtures/FLUXSynID-processed/008a04f18027/008a04f18027_f_live_0_p_d1.jpg
# Mode: stream
# Status: fail
# Errors: strong_shadows_on_face: Strong shadows or uneven lighting detected (difference: 48.4); face_too_small_in_frame: Face occupies only 46.9% of frame (min: 50.0%)

# 2D Landmarks (index x y)
0 287.2212 567.6749
1 303.2028 495.7480
2 296.1961 519.4947
3 296.6168 432.5775
4 307.3186 475.9480
5 311.2174 451.7805
6 319.2265 396.0901
7 182.8839 371.8608
8 327.0622 353.1507
9 332.1856 329.7233
10 345.7428 260.6761
11 285.0953 578.1080
12 283.0159 586.7007
13 281.3905 590.9046
14 280.8144 597.8007
15 279.2922 606.6602
16 277.0351 617.9069
17 274.1684 630.0753
18 268.5511 649.9127
19 300.2114 506.6799
20 281.0233 504.1800
21 125.2709 306.8973
22 233.4276 396.1571
23 214.7451 394.6778
24 196.8590 391.6323
25 173.8596 378.2467
26 249.9659 394.0491
27 218.6682 345.3431
28 237.9881 350.0474
29 199.3863 344.9439
30 185.1902 349.5994
31 155.6846 389.9556
32 184.0653 665.0067
33 176.6338 366.4282
34 98.0051 378.9742
35 136.3453 374.9236
36 204.1653 472.1843
37 263.4004 560.5296
38 262.3874 583.4484
39 236.3493 564.2861
40 218.5062 571.9128
41 243.8414 582.6150
42 229.0697 583.8982
43 184.4374 600.2838
44 286.7976 492.5325
45 287.7546 473.2951
46 160.6660 325.9544
47 251.4171 430.5488
48 238.5436 484.6244
49 238.4730 474.7834
50 148.4527 462.4548
51 292.7218 450.8338
52 209.7539 309.6327
53 182.4012 313.5132
54 152.6392 277.1602
55 288.5328 339.4808
56 253.9111 359.1883
57 174.4895 579.3257
58 70.8168 557.6995
59 250.8646 497.9485
60 265.6545 506.5468
61 197.0227 585.9435
62 206.4571 585.9427
63 173.9545 301.4460
64 235.4039 494.6319
65 244.6886 316.6049
66 244.2115 302.4928
67 239.1655 248.7240
68 163.4657 289.2666
69 243.6892 275.3998
70 150.4841 318.5055
71 137.7734 314.0223
72 262.3922 573.4616
73 240.5512 575.2269
74 223.9564 578.2524
75 254.8106 502.8803
76 202.0035 586.4614
77 209.2398 590.4390
78 208.6696 584.7944
79 264.4272 490.4930
80 232.7539 584.1971
81 246.9239 585.2198
82 263.5016 587.5299
83 241.4932 643.9758
84 248.8769 623.6509
85 253.5463 611.6866
86 257.8466 600.6773
87 260.9690 593.7304
88 228.4027 588.6240
89 224.8262 590.9553
90 219.0153 595.7086
91 212.8638 601.8893
92 205.6778 545.5150
93 73.4688 462.8586
94 298.4562 512.0008
95 218.8984 587.6304
96 214.6770 588.3755
97 270.8312 516.4675
98 239.3909 509.0517
99 268.4056 511.7254
100 229.2403 438.8726
101 196.4548 446.8859
102 233.0093 484.2560
103 188.9705 256.4945
104 197.1882 274.8607
105 205.5360 295.7741
106 197.7956 615.4148
107 287.9005 315.4452
108 289.0607 284.3422
109 289.5281 251.1761
110 181.7011 386.1278
111 132.1054 400.9320
112 260.9243 390.4486
113 163.0351 352.8932
114 267.7539 419.8812
115 253.5331 477.3699
116 107.8479 411.6995
117 143.1190 415.1473
118 166.6335 425.1763
119 203.4559 427.2250
120 231.3764 423.1475
121 253.1070 417.2154
122 299.8140 397.7807
123 102.5110 450.5919
124 147.8361 348.6463
125 290.4628 504.2187
126 249.3929 448.3821
127 89.9778 381.8290
128 270.0899 409.0221
129 230.2574 486.5003
130 169.9580 366.6688
131 254.0429 465.9315
132 67.9393 508.2257
133 261.7847 383.8595
134 273.4791 456.0739
135 105.8150 606.6698
136 98.3422 630.8514
137 78.9278 455.3295
138 88.9245 576.6047
139 118.1704 344.1871
140 172.7205 685.9956
141 290.9014 509.8917
142 229.2875 460.6785
143 118.6587 377.4748
144 201.1338 379.8985
145 217.0067 383.8620
146 203.0642 593.3039
147 97.6750 488.6612
148 203.1053 723.6468
149 144.2211 684.0535
150 121.7021 661.3623
151 339.1865 295.8454
152 248.0061 736.3389
153 232.3390 385.4542
154 247.2919 385.1129
155 256.8038 384.8506
156 134.3057 345.1255
157 248.0134 371.6314
158 232.6672 365.5605
159 217.4013 361.8890
160 200.8516 361.3672
161 189.4872 363.3077
162 105.3859 339.6929
163 190.4048 375.7320
164 293.2224 534.8182
165 225.1778 535.7185
166 251.8125 493.7990
167 265.3324 533.0805
168 322.4367 375.3888
169 125.3604 636.6263
170 147.2675 661.2107
171 207.4925 706.6203
172 82.2645 598.8904
173 257.8326 378.7624
174 281.2803 424.4532
175 252.6586 719.4642
176 170.4898 705.4275
177 74.9781 497.4154
178 243.5085 590.4011
179 239.2550 595.1919
180 233.9824 603.0323
181 228.2081 613.4807
182 216.2164 630.5951
183 216.0271 584.9453
184 210.2880 582.3518
185 204.8872 578.2326
186 187.5809 560.5744
187 123.9227 501.5798
188 284.3829 407.6161
189 280.5528 373.3994
190 267.8389 374.4546
191 220.7491 583.2620
192 107.9686 548.6874
193 297.6175 374.1796
194 199.7964 646.7059
195 313.9657 432.3724
196 297.5549 415.8370
197 316.4134 414.6293
198 261.9220 451.8689
199 258.1165 696.4466
200 263.7594 670.8729
201 229.9210 662.7188
202 161.4625 603.1036
203 211.4878 500.1024
204 177.1631 627.3549
205 170.7758 489.9600
206 191.0179 516.5774
207 147.2851 519.3290
208 216.7670 685.1672
209 246.9949 461.9905
210 139.3764 614.9170
211 160.3471 641.3206
212 152.8415 576.1945
213 94.3304 522.3840
214 126.6648 574.3058
215 76.3127 537.7072
216 170.4529 541.0824
217 265.7492 436.1960
218 258.8395 486.2796
219 243.7389 491.4416
220 269.9509 473.8534
221 269.2059 353.8406
222 241.3664 337.6640
223 215.6038 331.4492
224 192.7620 331.5747
225 175.2391 338.4123
226 155.3264 371.1535
227 85.8038 415.8937
228 164.7987 398.6273
229 183.2394 406.5565
230 208.3119 409.6494
231 232.8492 408.8643
232 252.5320 405.4204
233 266.7384 401.2033
234 81.4890 422.2923
235 242.5911 497.9503
236 279.0111 439.9284
237 273.0643 487.9508
238 281.2547 500.2763
239 272.2630 491.9364
240 246.6069 505.6528
241 284.7601 502.1221
242 284.7458 507.7104
243 268.8375 385.8784
244 279.1221 392.5578
245 284.7889 396.0755
246 182.4052 365.1114
247 173.6853 355.5751
248 329.1132 438.8862
249 441.8166 423.7101
250 316.6202 510.6905
251 510.0644 384.4537
252 388.5452 427.4057
253 406.0216 432.7952
254 423.0613 436.2502
255 446.7369 432.7394
256 374.5828 419.3997
257 421.6056 387.8675
258 402.6891 384.5836
259 438.3601 394.6556
260 448.4245 403.9144
261 458.1208 449.6020
262 334.9255 693.0138
263 448.6394 421.4612
264 505.8042 459.3797
265 479.0240 442.9377
266 390.7805 507.4017
267 311.4266 568.7276
268 302.4111 590.3202
269 333.3219 580.7492
270 345.2253 593.4443
271 318.6780 595.2338
272 330.4417 601.2000
273 361.6608 631.9092
274 319.0585 498.5436
275 325.3331 480.3697
276 478.7287 392.1945
277 363.1746 452.2491
278 360.0654 507.0696
279 362.6333 497.8824
280 440.8601 518.0257
281 328.0155 457.7033
282 445.1825 360.8132
283 466.3135 373.8865
284 500.8645 347.9050
285 366.1490 356.5842
286 384.9281 386.6196
287 378.3289 615.5573
288 457.0732 631.9129
289 343.9772 514.7966
290 327.9633 517.8033
291 357.3738 613.4857
292 348.6092 610.2258
293 477.4191 366.0405
294 358.0632 517.1445
295 413.1728 353.3895
296 419.5510 340.6163
297 443.1489 290.4057
298 489.6724 356.3947
299 430.3645 314.6850
300 489.4691 388.7407
301 499.8359 387.7937
302 307.0703 581.0364
303 325.2835 589.4629
304 337.8650 597.4667
305 338.4319 517.8086
306 352.7104 612.2727
307 345.6253 614.0512
308 346.5128 608.3078
309 336.7698 503.7914
310 326.0872 599.9491
311 313.6509 596.5199
312 298.4558 593.3602
313 294.8375 653.6888
314 299.1195 632.8127
315 300.5633 620.0295
316 300.7668 608.2949
317 299.9626 600.7002
318 329.4077 606.0189
319 332.1824 609.5651
320 335.7562 616.3393
321 338.6380 624.1769
322 364.9817 573.8642
323 488.8840 544.0577
324 337.2855 608.0998
325 341.2694 610.2465
326 320.1195 525.3384
327 348.6144 528.6622
328 323.9314 521.6978
329 379.4234 467.7683
330 405.4909 486.7741
331 363.1516 508.1257
332 480.7390 316.1303
333 468.5742 331.7155
334 454.4274 349.5312
335 344.1507 641.7621
336 376.9334 335.3128
337 388.1067 304.9428
338 399.6183 273.5138
339 437.6088 436.6667
340 473.9526 467.7878
341 366.3288 412.1268
342 465.7015 414.7372
343 353.2104 436.5969
344 351.0086 495.6672
345 489.2568 486.1350
346 460.7507 476.6979
347 438.0422 477.5286
348 405.3393 466.3069
349 382.0442 452.6558
350 365.1496 439.2689
351 335.3449 404.9585
352 480.2316 523.1735
353 480.2569 416.0183
354 309.7533 507.8152
355 359.7451 469.3916
356 506.4983 464.4085
357 353.5027 425.6848
358 363.4835 511.0088
359 454.0101 424.1544
360 353.4807 484.5719
361 476.9922 587.5140
362 367.8098 405.6363
363 341.5153 469.0133
364 418.6924 665.5992
365 411.9048 690.1303
366 493.2487 535.9164
367 442.2395 643.7630
368 503.3783 421.2300
369 335.6119 716.5041
370 306.1115 512.6371
371 372.5138 487.7406
372 492.1796 451.4242
373 423.7558 424.2747
374 408.0712 422.1647
375 349.8068 618.8745
376 469.8691 559.9208
377 292.9436 740.5110
378 356.9919 723.9305
379 383.2097 710.3642
380 393.2785 418.0475
381 380.1361 412.2061
382 371.8199 408.4223
383 492.0525 417.3539
384 384.4990 399.7021
385 400.1156 400.0958
386 415.3706 402.5675
387 430.1389 408.1159
388 439.3784 414.1306
389 511.9995 421.0474
390 434.3477 424.4087
391 351.9474 558.3425
392 345.3537 510.9369
393 318.8636 542.4655
394 392.3003 686.4175
395 365.4904 701.9565
396 297.9670 723.6299
397 434.3907 665.9450
398 373.2010 402.6459
399 342.4782 436.3501
400 327.9066 734.8630
401 480.9488 575.6977
402 316.4061 603.2313
403 318.6252 609.0362
404 320.5005 618.4565
405 321.2789 630.2106
406 322.3702 649.9268
407 340.8623 606.0836
408 347.4510 605.6933
409 353.8812 603.6403
410 374.7042 593.7192
411 445.7341 562.5409
412 344.0885 419.5519
413 357.0223 389.6031
414 366.6627 394.9405
415 336.7955 603.0406
416 439.8618 611.3945
417 344.0216 384.0557
418 328.7612 670.4151
419 332.7025 422.6668
420 349.7091 468.5268
421 296.7814 675.0506
422 378.1334 642.8093
423 374.7483 530.2836
424 355.4040 660.0601
425 413.0704 535.7554
426 386.7254 552.8026
427 421.4677 570.8353
428 298.9869 700.6301
429 358.1534 482.9523
430 391.0288 661.6660
431 363.5896 679.0444
432 396.1324 620.7173
433 459.4663 591.8655
434 416.6327 628.5493
435 465.2487 612.2177
436 394.9932 582.2736
437 350.6997 452.5656
438 343.4935 501.9378
439 353.3036 511.5720
440 339.6815 486.8939
441 375.0354 376.3769
442 406.1014 372.7059
443 431.0233 376.9329
444 450.2320 385.6308
445 461.8873 397.9415
446 464.7581 433.0039
447 502.0042 497.5544
448 447.9180 454.1250
449 429.6312 454.5979
450 406.6169 448.5988
451 384.9166 439.0137
452 368.7738 428.7837
453 358.1232 419.7087
454 497.1178 504.1053
455 351.0122 517.6610
456 340.7158 451.7168
457 331.7926 498.8568
458 318.7737 507.1254
459 330.0417 502.6241
460 344.1029 523.3571
461 315.6541 507.9288
462 312.1876 512.8711
463 361.1855 404.9493
464 350.8076 407.4130
465 345.9823 408.6402
466 444.6511 418.3295
467 455.4883 413.2906
