# Image: /home/yaroslav/Projects/Diia.AIContest-AdAstrum/fixtures/FLUXSynID-processed/008a04f18027/008a04f18027_f_doc.jpg
# Mode: stream
# Status: fail
# Errors: strong_shadows_on_face: Strong shadows or uneven lighting detected (difference: 33.6); face_not_looking_straight_at_camera: Head is turned 179.5째 (max: 15.0째); head_is_tilted: Head is tilted 20.0째 (max: 10.0째); face_too_small_in_frame: Face occupies only 48.5% of frame (min: 50.0%)

# 2D Landmarks (index x y)
0 307.4931 635.9288
1 307.9180 556.0055
2 306.7156 580.4119
3 290.1178 487.5244
4 307.7309 534.2822
5 306.9939 506.5503
6 305.0750 440.5012
7 170.4466 439.5967
8 304.4152 394.1345
9 304.7278 367.3473
10 303.6768 274.1495
11 307.5268 646.9425
12 307.4231 654.4080
13 307.1049 656.7167
14 308.2915 658.0498
15 308.5839 666.2318
16 308.8695 676.6560
17 308.8719 688.4920
18 308.5283 708.9041
19 307.4431 567.4390
20 289.2600 566.5810
21 97.8718 370.4221
22 224.6851 456.5681
23 205.8059 458.6239
24 187.6477 458.2260
25 163.1407 448.3442
26 240.8416 450.7283
27 200.5962 409.0752
28 220.0388 409.3885
29 182.2763 412.5715
30 169.5668 419.4183
31 147.0384 462.6904
32 235.1424 742.8914
33 163.6626 435.1805
34 88.3524 457.4254
35 124.6963 450.4487
36 211.3059 543.9372
37 283.5464 632.2721
38 286.5064 653.8258
39 258.7271 637.9582
40 241.8375 645.7322
41 268.2570 654.2983
42 253.0861 655.5035
43 216.5710 675.7571
44 291.7383 555.5558
45 289.1353 535.0497
46 137.8118 399.2402
47 249.0652 490.1148
48 246.1081 552.5563
49 244.6115 541.7592
50 154.6693 542.8976
51 289.5511 509.0409
52 184.1944 375.2891
53 157.2080 383.6143
54 117.8217 332.9811
55 266.8949 389.4471
56 237.3898 414.5733
57 201.5382 655.9796
58 107.1673 651.7060
59 259.8194 563.8229
60 275.5483 570.5174
61 221.6580 656.7138
62 229.5093 655.4686
63 145.7977 370.8285
64 245.0670 562.5074
65 220.4318 375.5349
66 216.5687 358.9035
67 196.2404 283.9857
68 132.1029 350.9577
69 208.2064 319.6544
70 125.6000 391.0340
71 111.6709 381.4965
72 284.7909 645.3615
73 264.4373 648.1832
74 247.7525 651.0662
75 264.5874 567.9453
76 225.8689 656.4083
77 235.0843 659.7377
78 231.4588 654.5572
79 271.0038 555.3276
80 256.1458 654.1150
81 271.4918 655.0200
82 288.5233 655.9581
83 282.1245 709.0638
84 284.0091 687.1994
85 285.2631 674.7297
86 286.5399 664.4470
87 287.9046 657.5529
88 253.2753 656.4650
89 250.7799 658.7791
90 247.0014 663.9830
91 243.4251 671.0761
92 225.8134 620.3551
93 86.3171 550.7247
94 307.0604 572.4184
95 242.9975 656.2808
96 239.3664 657.2465
97 282.4048 580.7047
98 251.8066 576.1206
99 279.1119 575.7796
100 229.2868 503.1520
101 198.7040 517.8779
102 241.2603 551.6441
103 149.0007 303.3222
104 162.7723 329.3338
105 176.9014 359.1938
106 234.1231 688.7961
107 260.8191 362.4899
108 253.7640 318.3137
109 246.1529 275.5250
110 172.0736 455.1400
111 126.1207 478.3241
112 251.0202 444.7599
113 146.9263 425.0559
114 262.2855 475.6992
115 258.5740 543.5522
116 105.3431 493.6087
117 140.0595 492.2380
118 165.2619 499.1732
119 201.6188 495.0523
120 228.2296 485.5860
121 248.1026 474.9009
122 287.2370 446.3011
123 109.0706 536.9015
124 129.9406 422.8663
125 297.9237 566.5184
126 250.7804 510.2934
127 81.7822 458.9043
128 262.7798 462.8702
129 239.3031 553.6894
130 157.6515 437.5366
131 257.2383 530.6047
132 92.6087 600.4020
133 250.6655 436.8901
134 273.0912 517.5662
135 151.1620 697.1780
136 152.0946 721.3743
137 89.0232 544.3782
138 127.1037 669.7446
139 99.3928 416.3197
140 231.0490 763.6975
141 299.5016 571.5598
142 233.7046 526.6862
143 107.6568 455.2701
144 189.3608 445.0010
145 205.7284 446.3630
146 230.5262 663.8879
147 113.1165 578.6136
148 267.0110 791.4685
149 207.4214 765.6248
150 181.8394 747.6980
151 304.3593 319.9730
152 308.1247 794.6494
153 221.6552 444.9980
154 236.5974 441.3963
155 245.9913 439.0287
156 115.5059 419.7580
157 234.4374 423.9656
158 218.1785 419.6707
159 202.1486 418.9858
160 185.6987 422.5520
161 175.0984 427.9501
162 86.6249 409.7941
163 178.1513 442.3665
164 306.9772 598.1039
165 243.5556 607.6059
166 259.7403 560.0037
167 280.5353 600.5175
168 304.3975 417.1274
169 177.1776 723.8811
170 203.0229 744.0685
171 266.0797 777.3326
172 128.2354 691.8891
173 245.7166 431.2737
174 275.1786 479.8049
175 308.5767 779.5271
176 235.0757 780.8300
177 95.6524 590.0235
178 269.3718 656.6635
179 266.7993 661.5894
180 264.1874 669.4556
181 261.8303 680.4349
182 255.4437 700.3768
183 238.9322 655.5582
184 233.7285 654.0935
185 228.3546 651.0093
186 209.9509 637.0486
187 139.3915 588.5633
188 275.0906 459.6007
189 265.8353 422.8013
190 254.0067 426.5996
191 242.8458 653.2351
192 136.2438 639.2743
193 281.3473 420.8171
194 244.7976 721.3299
195 306.3616 483.8791
196 288.2012 467.8713
197 305.6782 462.8927
198 262.5148 513.2718
199 308.7741 757.9320
200 308.6519 731.6490
201 275.7594 731.5502
202 198.9347 684.5093
203 223.9063 571.6358
204 219.8514 706.0959
205 181.4284 569.0372
206 206.5236 593.1086
207 164.7628 603.4662
208 268.9360 756.7916
209 250.7672 525.9239
210 183.1979 700.3207
211 208.9750 722.9296
212 183.1673 658.6676
213 118.0366 614.3762
214 160.1897 661.6891
215 106.3516 632.0005
216 190.5750 621.1117
217 263.3630 494.7791
218 264.8903 552.1624
219 251.9118 559.0060
220 272.8376 537.9591
221 251.3178 407.0531
222 221.0301 397.7607
223 194.5739 396.7362
224 172.2166 400.4995
225 155.9915 409.5629
226 143.1784 443.8383
227 85.6743 500.2499
228 158.1337 470.9797
229 177.6764 476.2255
230 202.8481 475.3934
231 226.8296 469.9991
232 245.5459 462.2873
233 258.3506 454.7706
234 83.6502 504.6327
235 252.1626 565.0884
236 275.5574 498.1133
237 278.3087 552.4495
238 288.6253 563.0717
239 278.4875 556.0265
240 257.5924 571.9184
241 292.1397 565.0236
242 293.4491 569.9701
243 257.5411 438.2995
244 268.3861 443.1601
245 273.9290 446.0730
246 168.7565 431.8722
247 159.1314 426.5816
248 322.2572 487.6763
249 434.0349 440.6297
250 324.2518 566.5332
251 497.5870 372.4778
252 381.7501 457.2000
253 400.4770 459.1715
254 418.1254 458.7401
255 440.5913 449.1943
256 365.6865 451.4228
257 404.9983 410.8707
258 385.8931 410.8940
259 422.6978 414.5593
260 434.6367 421.1867
261 456.0069 463.4141
262 379.5773 742.1874
263 440.1908 436.4833
264 507.4874 458.1141
265 476.1407 451.2733
266 398.3394 543.7644
267 330.9914 631.7995
268 327.9747 653.4258
269 355.0468 637.1586
270 371.1885 644.6054
271 345.6671 653.5345
272 360.0651 654.5567
273 395.6722 674.8281
274 323.5996 555.3940
275 325.9023 534.9879
276 464.4375 401.5574
277 359.6907 490.3394
278 365.5743 552.5620
279 366.4017 541.6067
280 452.2104 542.3645
281 324.1776 509.1333
282 421.4491 378.3106
283 446.7460 386.5059
284 480.4668 335.2973
285 341.7013 390.5060
286 368.8300 415.8281
287 409.4764 654.8462
288 488.8619 651.4248
289 352.1250 563.7040
290 336.9534 570.5820
291 390.3206 655.6236
292 382.2789 654.4728
293 457.0535 373.8870
294 366.1425 562.5801
295 386.9262 377.8274
296 391.0327 361.1226
297 408.0217 285.7761
298 468.8078 353.2311
299 398.2239 321.6101
300 475.3336 393.3751
301 486.8542 383.4662
302 329.8577 644.9442
303 349.6577 647.2629
304 365.5985 649.9293
305 347.3969 567.9082
306 386.1048 655.2365
307 378.1923 658.7817
308 380.0330 653.4937
309 342.2840 555.0538
310 356.4297 653.1607
311 341.8609 654.3552
312 325.3694 655.4756
313 334.3394 708.7114
314 333.2963 686.7759
315 332.0239 674.2652
316 330.2909 664.0308
317 328.3265 657.2315
318 360.9830 655.3685
319 363.7706 657.6824
320 367.7277 663.0467
321 371.3087 670.2144
322 385.9697 619.4047
323 505.9481 550.9898
324 370.0768 655.2728
325 373.9016 656.2529
326 330.6473 580.6341
327 359.4194 576.0195
328 333.5493 575.8128
329 379.4046 503.2071
330 409.8263 517.7124
331 369.3770 551.5971
332 452.0529 305.6500
333 440.7640 332.0438
334 428.4311 362.2139
335 379.6926 687.8111
336 348.1825 363.8073
337 354.2540 319.2882
338 360.2216 276.5098
339 432.5360 455.7687
340 475.7703 478.7568
341 355.5915 445.5738
342 455.6600 426.7760
343 346.6895 475.9258
344 354.3448 543.4376
345 494.6081 493.8856
346 463.7999 492.3533
347 440.7728 499.1115
348 405.8763 495.0549
349 379.6354 485.8457
350 359.7553 475.3613
351 322.6293 446.5016
352 492.2683 536.6873
353 471.3258 424.3454
354 316.8981 566.5030
355 358.9574 510.4267
356 510.1267 459.8222
357 345.2381 463.3575
358 370.5693 553.5884
359 445.6386 438.9410
360 354.5591 530.5852
361 500.9100 600.4544
362 355.6574 437.7028
363 339.8940 517.5451
364 454.8358 696.3679
365 451.8980 720.8000
366 507.5276 544.5335
367 475.5650 669.0587
368 497.5068 417.5772
369 383.3448 763.2132
370 314.4723 571.3968
371 375.7001 526.7337
372 491.4315 456.0676
373 416.3980 445.7400
374 400.4399 447.2067
375 382.6522 662.8963
376 488.8165 578.1570
377 348.1926 791.2599
378 403.4761 765.1554
379 426.3760 747.1024
380 384.6648 445.8040
381 369.8314 442.0771
382 360.3974 439.7906
383 484.3725 421.1219
384 371.7012 424.9999
385 387.5790 420.9587
386 403.3861 420.4552
387 419.4121 423.9628
388 429.6311 429.2731
389 506.8497 411.4552
390 426.9145 443.2189
391 368.5435 607.1117
392 352.5454 559.8630
393 332.9058 600.2425
394 431.8351 723.2482
395 408.6869 743.5842
396 350.2353 776.9991
397 471.5764 691.3772
398 360.5762 432.1631
399 335.5853 480.0244
400 378.5199 780.4729
401 501.8711 589.8611
402 346.2265 655.9791
403 349.0718 660.7716
404 352.0500 668.6518
405 354.5243 679.6560
406 359.8720 699.7279
407 373.3279 654.5727
408 378.7190 652.8449
409 383.8982 649.8315
410 401.1594 635.7671
411 466.1893 587.8292
412 334.2257 459.9045
413 341.2075 423.6533
414 352.3832 427.5349
415 369.0385 652.1810
416 468.4673 638.4836
417 326.9028 421.3324
418 369.8098 720.6856
419 323.0271 467.9825
420 348.4768 513.2818
421 340.7570 731.1613
422 412.0487 683.6378
423 386.1041 571.3658
424 392.7844 705.3923
425 427.8495 568.4894
426 403.7549 592.4369
427 443.7086 602.6069
428 347.6174 756.4127
429 359.4066 526.0107
430 426.8003 699.4696
431 403.3913 722.2708
432 426.5796 657.5146
433 484.1664 613.6639
434 447.5509 660.7302
435 492.9694 631.5983
436 419.3470 620.0387
437 346.6991 494.9388
438 348.3803 551.9461
439 360.2005 558.8952
440 341.2384 537.8595
441 355.7537 408.3156
442 385.5577 399.5112
443 411.2039 398.8802
444 432.6671 402.8330
445 447.6383 411.6919
446 459.1075 444.9490
447 510.1979 500.8293
448 446.2114 471.4712
449 428.0391 476.4165
450 403.7847 475.7684
451 380.1553 470.3867
452 361.5841 462.8892
453 348.9297 455.3614
454 507.9270 505.2379
455 359.4237 565.0793
456 336.2504 498.2084
457 336.2246 552.2271
458 325.4348 562.9611
459 335.5114 555.7371
460 353.9708 571.9627
461 322.5246 564.9339
462 320.3304 569.9993
463 349.1365 439.1727
464 338.9254 443.8097
465 334.2635 446.7021
466 435.6330 433.2578
467 444.3233 428.2097
