# Image: /home/yaroslav/Projects/Diia.AIContest-AdAstrum/fixtures/FLUXSynID-processed/000e23cdce23/000e23cdce23_f_doc.jpg
# Mode: stream
# Status: fail
# Errors: face_not_looking_straight_at_camera: Head is turned 179.0째 (max: 15.0째); head_is_tilted: Head is tilted 16.7째 (max: 10.0째); face_too_small_in_frame: Face occupies only 41.1% of frame (min: 50.0%)

# 2D Landmarks (index x y)
0 301.7112 582.6857
1 299.5881 524.2742
2 300.9355 543.7595
3 285.4883 457.6159
4 299.4284 503.4324
5 299.9260 476.4480
6 302.1847 412.6577
7 173.9645 407.4170
8 302.9199 366.7038
9 303.0675 340.2831
10 304.6616 245.2730
11 301.8530 591.7908
12 302.2492 598.4173
13 302.7062 600.7650
14 303.0583 605.0480
15 303.0345 612.0579
16 303.0337 621.3245
17 303.1598 631.6670
18 303.5560 651.0737
19 299.8373 534.8404
20 284.5435 533.2044
21 107.8895 335.6290
22 225.9227 425.5983
23 207.3490 426.6160
24 190.0007 425.2205
25 167.3244 415.0662
26 241.6757 420.9924
27 202.9940 379.5658
28 221.8862 380.6901
29 185.3182 382.0403
30 173.3178 387.8791
31 151.4077 427.6118
32 235.7954 683.6646
33 168.0625 403.0970
34 98.5449 419.7805
35 131.0490 414.9532
36 211.8306 505.2868
37 279.7575 579.7535
38 283.3738 597.9053
39 257.5638 585.5261
40 243.3159 593.2779
41 267.3724 599.0470
42 254.7628 601.1572
43 222.2382 622.0895
44 284.5609 523.6904
45 282.3114 503.5813
46 142.6705 366.4461
47 249.1071 457.1176
48 245.5166 517.8304
49 244.8969 506.9298
50 155.8579 502.5844
51 283.7878 478.5365
52 185.4560 346.1096
53 160.2066 352.5989
54 125.3068 300.1888
55 265.1223 362.2743
56 238.8001 386.3334
57 207.8353 604.7826
58 118.3182 602.8449
59 258.8027 529.1384
60 273.6312 534.7066
61 228.3517 604.4058
62 236.4052 603.0703
63 149.5181 339.2702
64 245.4448 525.9946
65 219.6594 347.8989
66 215.8000 331.2206
67 198.1206 254.3075
68 137.5122 318.7281
69 208.5251 291.1148
70 131.2180 357.6854
71 119.2840 347.2377
72 281.1205 590.5355
73 263.1003 594.0751
74 249.1294 597.6065
75 263.6462 532.1941
76 232.5974 603.9571
77 240.0743 606.5597
78 238.2732 602.3077
79 266.9579 523.6471
80 258.3433 599.8683
81 271.1453 599.6541
82 285.9512 600.1355
83 280.0042 650.8966
84 281.5240 630.4033
85 282.3856 619.2036
86 283.5281 610.3542
87 285.0113 604.5064
88 255.7128 603.4820
89 253.2433 605.3894
90 249.7824 609.9867
91 246.5235 616.4821
92 227.2272 573.2115
93 99.6058 507.5020
94 300.3448 538.6720
95 247.4220 603.5987
96 244.0288 604.2301
97 279.5489 543.1675
98 252.1509 537.3181
99 276.6950 539.2021
100 229.7647 468.3833
101 199.1450 480.6508
102 242.2149 515.2709
103 153.5741 272.3589
104 165.6822 299.0371
105 178.4099 329.7468
106 236.9798 633.4563
107 258.7685 335.8541
108 253.0055 290.3899
109 246.8110 246.4514
110 175.3387 421.6704
111 131.0961 441.6100
112 251.7613 415.9149
113 151.9262 391.9750
114 261.7217 444.1241
115 255.6453 511.1423
116 111.5949 455.3247
117 143.4611 455.1189
118 167.2283 462.2494
119 202.6171 459.6157
120 228.8904 452.0082
121 248.4414 442.8799
122 285.0943 417.7986
123 113.9647 496.2648
124 135.9646 388.9156
125 290.9384 533.8143
126 250.8944 476.4378
127 95.0470 419.9736
128 262.6485 432.0781
129 241.0827 516.4128
130 162.2969 404.8343
131 255.5945 497.8793
132 105.2577 554.6217
133 252.0373 408.4117
134 269.0792 486.0362
135 156.5394 644.4122
136 158.9558 666.9931
137 97.8564 502.6069
138 132.9621 619.7774
139 108.4236 380.6306
140 232.2926 702.7897
141 293.4185 537.7984
142 234.5392 490.5243
143 115.2289 418.7733
144 191.3692 413.3445
145 207.1697 415.5473
146 235.9256 610.5973
147 117.6875 535.4697
148 266.3426 727.9762
149 211.6493 705.5740
150 187.5352 690.2551
151 303.8102 291.9535
152 304.3894 731.6019
153 222.8513 414.9840
154 237.6378 412.2019
155 247.2230 410.3549
156 122.5026 384.9134
157 236.4007 395.4290
158 220.6946 390.4990
159 204.8987 389.1494
160 189.0075 391.8604
161 178.8325 396.5877
162 98.3398 373.2271
163 180.9135 410.3276
164 301.4543 555.5764
165 243.8796 562.7570
166 258.0885 526.4391
167 277.3222 556.8766
168 302.8666 389.2296
169 182.3260 667.9857
170 206.4963 685.6409
171 264.3661 714.9700
172 136.9649 640.3041
173 247.3060 402.8972
174 272.9218 449.1151
175 303.6851 717.5541
176 237.0922 718.6296
177 103.9227 545.6095
178 268.9972 603.5804
179 266.4342 607.6909
180 264.1413 614.6616
181 262.1390 624.4805
182 256.1146 643.4346
183 243.6851 602.4892
184 238.2566 601.4433
185 232.9108 598.9665
186 213.6091 587.6082
187 141.5687 544.8708
188 273.7839 429.6194
189 265.8381 394.5823
190 254.9584 398.3819
191 247.5178 600.1249
192 140.3670 591.4393
193 280.3444 392.6503
194 245.1706 663.8835
195 300.7397 454.5343
196 284.8676 438.6410
197 301.4123 434.2914
198 260.9162 480.4289
199 303.2750 697.7974
200 303.3449 673.0745
201 273.3007 672.7338
202 203.8682 631.0633
203 225.9854 531.3116
204 222.9530 650.3429
205 182.0054 527.3047
206 208.0534 549.5238
207 166.4815 558.4071
208 266.7050 696.3078
209 251.0839 491.7414
210 188.0494 645.9423
211 211.9212 666.1007
212 188.3532 608.0785
213 123.0029 568.7072
214 164.7039 611.4061
215 113.9162 584.9063
216 193.3309 574.0281
217 262.3141 462.5568
218 261.1748 520.3083
219 250.7394 524.6662
220 267.8693 506.5447
221 251.1300 379.2486
222 221.6008 369.5360
223 196.2678 367.5594
224 175.0396 370.0290
225 159.9846 377.6688
226 148.5467 409.6815
227 95.4385 460.6809
228 161.4662 435.8255
229 180.0293 441.3379
230 204.3422 441.7996
231 227.8655 437.8362
232 246.2037 431.4331
233 258.6303 424.7549
234 97.3047 463.6516
235 251.8031 529.2568
236 272.2224 466.9539
237 272.6332 521.1418
238 282.8813 530.4545
239 273.3207 524.3796
240 257.2094 534.5958
241 285.6006 532.3792
242 288.0444 536.2585
243 258.4597 409.8433
244 268.3911 413.9859
245 273.3573 416.6476
246 172.8181 400.1205
247 163.5226 394.3146
248 316.3504 458.0118
249 438.5120 410.3067
250 316.8218 533.7256
251 516.0504 340.7311
252 384.2734 427.2997
253 403.5166 428.8080
254 421.7925 427.8569
255 445.8520 418.1960
256 367.8868 422.1848
257 407.8638 381.1534
258 388.3666 381.8379
259 426.2245 384.1427
260 438.9651 390.3797
261 462.6667 431.5464
262 372.5081 686.6655
263 444.9154 406.0769
264 523.6402 425.7223
265 485.1711 419.4337
266 396.2603 507.7036
267 324.0720 580.1245
268 321.7761 598.3010
269 347.6560 586.4873
270 363.4104 594.4589
271 338.8140 599.9047
272 352.6084 602.1165
273 386.7327 624.4428
274 314.9126 524.0930
275 316.9908 503.8699
276 472.0522 369.7505
277 358.4220 458.2851
278 357.7424 519.0418
279 359.1308 508.1599
280 455.4078 506.7949
281 316.6044 478.9205
282 425.2077 347.6938
283 452.5299 355.0907
284 495.6432 304.1449
285 341.8360 362.7254
286 371.1257 387.2404
287 401.3598 607.4311
288 503.7922 610.0977
289 344.3927 530.0218
290 329.1672 535.3840
291 380.4383 606.0759
292 372.7333 604.4636
293 464.6730 341.9931
294 358.6314 527.2969
295 388.8201 348.9359
296 392.7812 332.2296
297 414.7145 256.1062
298 479.8847 322.1018
299 401.9573 292.4546
300 485.3159 361.4621
301 500.8955 351.8379
302 323.2495 591.0082
303 342.5180 594.8317
304 357.8478 598.6778
305 339.7950 533.0775
306 376.2861 605.4364
307 368.4843 607.9683
308 371.0347 603.6577
309 334.5556 524.3073
310 349.5868 600.7199
311 335.7414 600.3550
312 320.0080 600.4891
313 327.3665 651.7312
314 325.0747 630.9081
315 324.0625 619.7183
316 322.8418 610.9160
317 321.4653 604.9954
318 352.4576 604.5894
319 354.8392 606.5641
320 358.2346 611.2858
321 361.4906 617.9516
322 379.6397 575.1161
323 525.4230 514.3892
324 361.4075 604.9251
325 364.5642 605.5579
326 323.1632 543.6129
327 352.3941 538.5131
328 325.9500 539.6948
329 378.6287 470.1991
330 410.2715 483.3997
331 362.5009 516.6202
332 463.3644 275.2272
333 448.6125 301.2822
334 432.9170 331.3973
335 371.4990 635.5296
336 348.1775 336.4121
337 355.4292 291.1408
338 363.6309 247.3439
339 437.1755 424.7293
340 484.0225 446.3457
341 357.5684 416.8802
342 462.2991 395.4131
343 345.1391 445.0058
344 346.2878 512.0913
345 505.2904 460.9240
346 469.9104 459.4126
347 444.2908 465.8149
348 407.4457 462.2032
349 380.3051 453.7895
350 360.0474 444.0913
351 319.9130 418.0689
352 501.7132 501.9874
353 479.8120 392.7956
354 309.0399 534.0882
355 355.5621 477.6071
356 531.1388 426.2054
357 345.1836 432.9215
358 364.7095 517.8086
359 451.2553 407.9978
360 347.2250 498.7909
361 518.4982 561.8978
362 357.6983 409.3405
363 332.3792 486.6310
364 457.6810 650.4454
365 457.7912 673.5116
366 522.3236 509.3967
367 483.4559 626.4515
368 513.0432 385.8756
369 376.7422 706.1488
370 307.4084 537.9659
371 372.6819 492.1840
372 502.9005 424.0015
373 419.9972 415.8831
374 403.5740 417.6300
375 372.7220 612.1604
376 497.7842 541.5041
377 342.6915 729.8990
378 400.4328 710.1874
379 426.7647 695.7514
380 387.4502 416.5223
381 372.3207 413.3897
382 362.6319 411.4251
383 495.3539 389.3393
384 374.1167 396.7687
385 390.4716 392.1472
386 406.4773 391.2795
387 422.7817 394.3016
388 433.2496 399.2387
389 527.1658 378.9990
390 430.9816 413.0903
391 361.6232 564.1223
392 344.7468 527.3365
393 326.0180 557.3980
394 430.1072 673.3179
395 404.2765 690.3084
396 343.2336 716.8724
397 482.4805 647.3295
398 362.6179 404.0344
399 331.5196 449.7644
400 373.2217 721.9263
401 515.5817 552.5716
402 338.3265 604.5534
403 340.7037 608.6006
404 342.9720 615.6520
405 345.1207 625.5788
406 351.7361 645.1982
407 364.8381 603.6255
408 369.9021 602.7575
409 375.1501 600.3803
410 394.4260 589.8958
411 470.9409 549.9495
412 332.2147 430.2406
413 342.7287 395.1234
414 354.3392 399.1571
415 361.3679 601.2447
416 473.3864 597.2866
417 326.5166 392.9572
418 362.8501 666.2094
419 318.3968 438.9943
420 343.2819 481.3091
421 333.7994 674.0186
422 405.7795 634.5744
423 380.9534 533.2287
424 385.8820 653.4029
425 427.3118 530.8278
426 399.8516 552.2272
427 444.0518 562.7086
428 340.3077 697.9273
429 354.3041 492.8026
430 422.8860 650.5138
431 397.7219 670.0246
432 421.5559 611.7406
433 492.6067 574.9485
434 447.1051 616.3774
435 504.8010 591.9052
436 415.6916 577.2899
437 343.1390 463.4253
438 340.2993 521.1731
439 352.2172 525.7076
440 332.6477 507.3179
441 357.5797 380.0004
442 387.8594 370.5879
443 414.1994 369.1010
444 436.6675 372.4242
445 453.0918 380.5922
446 466.3272 413.4767
447 525.8204 467.2770
448 451.6441 439.4128
449 431.8542 444.4793
450 406.2866 444.1644
451 381.9139 439.4769
452 363.0333 432.6187
453 350.1624 425.5495
454 528.5998 470.2310
455 351.6753 530.3979
456 330.6379 467.5941
457 327.6680 521.7023
458 317.8246 530.9597
459 327.6234 525.0564
460 346.6209 535.7378
461 314.7238 532.7585
462 313.0589 536.6610
463 350.8165 410.6670
464 340.0726 414.5238
465 334.1540 417.2020
466 439.6604 402.9232
467 449.5823 397.1997
