# Image: /home/yaroslav/Projects/Diia.AIContest-AdAstrum/fixtures/FLUXSynID-processed/000e23cdce23/000e23cdce23_f_live_0_a_d1.jpg
# Mode: stream
# Status: fail
# Errors: image_blurry_or_out_of_focus: Image is blurry (sharpness score: 80.74); strong_shadows_on_face: Strong shadows or uneven lighting detected (difference: 56.6)

# 2D Landmarks (index x y)
0 290.7031 631.7794
1 286.2861 559.3240
2 290.6056 584.2955
3 270.0069 485.1159
4 285.8423 535.4677
5 286.7877 505.4952
6 291.1599 435.7910
7 144.1150 434.1189
8 292.4402 381.6885
9 292.1962 352.2150
10 294.0178 257.5710
11 290.9140 643.0422
12 291.4309 652.6250
13 292.0851 657.7299
14 293.2211 664.3966
15 292.9955 674.0274
16 292.7668 686.4509
17 293.0191 699.6902
18 294.2847 722.8647
19 287.4787 572.0039
20 269.8478 571.7738
21 78.7927 362.0087
22 204.0141 452.8075
23 183.0293 454.6431
24 163.2517 454.1205
25 137.7599 443.1512
26 221.9758 447.1396
27 175.7598 396.8655
28 198.3635 398.2459
29 154.9932 400.4430
30 141.4460 408.4553
31 121.6387 458.7951
32 213.6550 758.1581
33 137.3699 429.0665
34 67.9110 453.0912
35 99.6448 444.0321
36 188.3627 545.0265
37 265.3104 629.2486
38 271.1521 653.4604
39 240.2368 639.5800
40 226.1179 652.4292
41 253.8343 657.0661
42 241.2265 662.4189
43 202.0437 689.8748
44 268.4787 558.9700
45 264.8222 536.2315
46 109.3518 384.9428
47 229.9264 488.3206
48 223.4668 556.7834
49 222.5394 544.8411
50 128.4518 544.3999
51 267.1967 508.3636
52 154.0819 358.2148
53 127.0358 367.3820
54 95.5831 321.8837
55 246.2545 375.5532
56 218.4275 405.4635
57 186.5637 670.0701
58 91.3245 659.6418
59 240.0344 569.7144
60 257.5695 575.7235
61 212.4285 672.4807
62 223.0978 669.9216
63 115.9196 353.7586
64 224.3983 567.8171
65 192.5807 359.0706
66 187.9737 341.4857
67 173.3192 269.1677
68 105.4204 337.2328
69 182.1442 304.4284
70 98.1391 376.7484
71 88.2300 370.5195
72 267.6079 642.9293
73 247.5622 650.1433
74 233.5408 657.7975
75 245.8780 573.7462
76 217.9457 671.8381
77 224.9278 673.3472
78 225.4572 667.9100
79 248.7349 560.7226
80 246.4907 661.6420
81 259.1341 659.0987
82 274.7870 657.8771
83 266.9447 721.9454
84 267.6787 698.2957
85 269.1859 684.5759
86 271.2566 672.2949
87 273.5346 664.4732
88 243.0564 666.5330
89 239.4555 669.7341
90 234.2960 676.0396
91 229.5636 683.9642
92 206.7243 626.9871
93 72.0820 551.7494
94 289.1265 577.1453
95 234.8060 667.9598
96 230.3613 669.7689
97 264.5359 585.2399
98 232.9049 582.0028
99 261.0938 580.8548
100 208.4135 502.2360
101 174.7137 517.6027
102 220.4250 555.6222
103 124.7921 289.9798
104 134.6594 313.9548
105 146.2657 341.4351
106 218.2282 701.9788
107 238.4406 346.7506
108 233.4183 304.1161
109 227.9734 260.0215
110 146.8168 450.6715
111 99.9512 475.6048
112 233.4637 440.9629
113 120.0368 415.3851
114 244.1137 472.7795
115 234.4791 547.0939
116 79.5388 491.6120
117 112.9029 490.7896
118 138.6852 498.1551
119 178.3507 493.4880
120 207.6730 483.5540
121 229.6875 472.3370
122 270.8745 441.7051
123 83.0652 538.1102
124 103.6490 412.3128
125 276.7371 570.9060
126 231.1604 510.1625
127 67.6447 455.6110
128 245.7904 459.5150
129 220.0254 557.8045
130 131.2900 430.7113
131 234.4232 532.6873
132 77.5951 604.3842
133 233.9252 432.4330
134 249.9467 517.6625
135 127.1573 709.7309
136 129.5646 736.1399
137 67.3931 545.1445
138 104.8600 679.7498
139 78.2011 409.0946
140 207.5419 782.7571
141 280.7063 576.3541
142 213.1974 527.5982
143 83.6320 449.4601
144 164.0270 440.3238
145 182.1537 442.0488
146 219.4219 678.1203
147 88.7620 582.0884
148 247.6008 817.5610
149 183.2069 785.4248
150 157.4768 765.1712
151 292.7987 305.3992
152 296.4189 823.6157
153 200.0823 440.9285
154 217.1151 437.4083
155 228.2281 434.9685
156 90.5801 409.5374
157 215.4688 418.7194
158 197.1249 413.5987
159 178.5820 412.4402
160 160.3028 415.7723
161 148.8353 421.3316
162 69.8338 403.9627
163 152.0885 437.3509
164 290.9367 598.7582
165 223.5270 612.7711
166 238.8782 565.7054
167 261.9940 601.8984
168 292.6915 409.0681
169 152.3151 738.4956
170 178.4757 760.5980
171 245.6289 798.7499
172 109.4075 703.7176
173 228.2174 426.5750
174 255.8951 476.9483
175 294.5788 804.4896
176 211.9948 803.6756
177 74.5732 593.5114
178 256.5957 664.7862
179 252.9852 670.5542
180 249.1527 679.9707
181 245.9526 692.2886
182 239.5242 713.3827
183 230.6777 667.0284
184 223.2906 665.9331
185 216.3583 662.9171
186 193.3317 647.2094
187 115.2520 592.7463
188 257.8632 455.6388
189 249.6967 416.0172
190 237.3310 420.3292
191 235.9033 663.8817
192 113.6623 647.0800
193 266.0420 413.1943
194 226.2603 735.1503
195 288.3806 481.3615
196 269.7836 464.3074
197 289.7189 459.1317
198 241.6170 513.1093
199 293.9019 778.4059
200 294.1872 748.3224
201 258.8455 746.2905
202 178.8106 697.1182
203 203.3367 575.7494
204 199.9108 719.4502
205 157.4138 571.4190
206 185.1223 597.6756
207 141.7363 608.4974
208 249.7812 773.8974
209 230.6440 527.3993
210 159.4665 713.1609
211 185.8424 737.2360
212 162.9222 670.3238
213 94.9675 620.1587
214 137.1882 672.0864
215 85.2810 638.5123
216 170.6448 628.8481
217 243.9835 493.1905
218 241.5896 557.0075
219 229.9272 564.1523
220 248.3576 540.4248
221 231.7205 396.3713
222 196.9803 384.2827
223 167.2715 382.6547
224 143.3173 386.9556
225 127.5121 397.4127
226 117.5873 437.2184
227 64.5047 498.3891
228 132.1041 467.7667
229 152.7208 473.4110
230 179.9367 472.6653
231 206.5650 467.0580
232 227.3692 459.2193
233 241.5781 451.3952
234 70.2817 503.7055
235 231.7586 570.7009
236 254.4991 496.4777
237 254.5397 556.5957
238 267.4513 567.8787
239 256.0140 560.8796
240 238.6964 577.7422
241 270.6361 569.5837
242 274.1037 574.9441
243 241.2964 433.7045
244 252.8328 438.7260
245 258.0630 441.5072
246 142.4168 425.5728
247 131.7073 417.3250
248 307.4835 485.2994
249 453.7919 434.2568
250 309.5881 571.9202
251 540.5508 362.4556
252 391.5215 452.5388
253 413.0758 454.3269
254 433.9437 454.0509
255 462.4339 443.4240
256 373.0390 447.0820
257 418.3990 397.3237
258 395.4826 398.5715
259 440.0333 400.9880
260 455.2894 409.0315
261 480.9229 459.8287
262 380.1635 761.9413
263 461.8402 429.3290
264 552.7255 455.8677
265 507.2121 445.7803
266 403.1751 545.4591
267 316.7872 628.7031
268 312.8172 653.1116
269 344.4739 638.8598
270 361.1873 651.3299
271 332.4029 656.3920
272 347.2055 661.3853
273 391.6954 690.7747
274 305.0483 559.0727
275 307.3192 536.1509
276 490.0295 386.7378
277 360.3221 488.5146
278 359.8672 556.6835
279 362.0318 544.7276
280 469.8016 545.5374
281 307.4244 508.4855
282 436.7754 360.1837
283 467.6496 369.2958
284 515.6667 321.3638
285 340.1265 376.4987
286 375.4826 405.6871
287 407.1957 670.5157
288 538.5924 667.1419
289 343.8116 569.4729
290 325.5671 575.6139
291 379.7086 671.6653
292 369.6712 668.8303
293 480.6267 355.9150
294 361.2257 567.6737
295 395.2914 360.6077
296 399.1719 343.0376
297 421.5304 268.0741
298 497.9451 337.9331
299 408.0045 304.5508
300 504.5896 378.6094
301 522.4387 371.6360
302 315.1758 642.4526
303 337.5555 649.4031
304 354.0230 656.6968
305 338.3429 573.5416
306 374.2818 670.8129
307 366.6772 672.6673
308 367.9642 666.9931
309 330.6715 560.6590
310 343.2580 660.5230
311 328.3651 658.2657
312 310.5974 657.3489
313 322.5014 722.4025
314 319.0789 698.4036
315 317.3154 684.4628
316 315.3966 672.2345
317 313.8297 664.3736
318 347.7742 665.9441
319 351.0919 669.2105
320 355.9384 675.7054
321 360.9002 684.0372
322 381.9888 626.6250
323 561.0554 557.1201
324 357.7058 667.3381
325 361.4637 669.0277
326 318.2689 585.1562
327 353.8618 581.8551
328 321.7292 580.6569
329 383.6926 502.4589
330 418.8700 518.0123
331 366.1311 555.4979
332 478.1282 288.9908
333 461.9873 314.5058
334 445.0901 343.1741
335 374.4552 703.1413
336 346.5117 347.8424
337 353.3561 304.0238
338 362.2530 259.1215
339 452.0012 450.7078
340 505.3265 477.2517
341 361.1155 440.9176
342 480.8398 416.7126
343 344.3041 473.0569
344 344.9539 547.0428
345 530.6989 494.2185
346 488.6684 491.9782
347 458.9742 499.0233
348 416.5915 493.8877
349 385.9757 483.6875
350 362.5617 472.5229
351 312.8647 441.8610
352 525.9425 540.8248
353 500.4364 413.9844
354 298.6453 571.1760
355 357.2041 510.2124
356 563.3127 458.5264
357 344.9372 459.6654
358 369.0471 557.7999
359 469.4595 431.2349
360 346.8909 532.6180
361 554.8373 610.8472
362 361.5286 432.4825
363 327.3601 517.7878
364 482.9902 716.5069
365 487.4205 744.5601
366 553.5854 549.5984
367 510.8213 686.3918
368 538.2753 410.7130
369 387.9839 787.7042
370 297.8179 576.4644
371 377.2623 527.7827
372 527.8389 451.6776
373 431.9480 439.8736
374 413.2705 441.4589
375 372.5563 677.6987
376 521.4488 585.6543
377 346.3897 820.7642
378 420.7829 792.6734
379 452.4930 773.2426
380 395.2329 440.2470
381 378.2553 437.0685
382 367.2051 434.9069
383 517.8406 411.2741
384 379.6777 419.0334
385 398.2077 413.9333
386 416.4611 412.8007
387 435.4917 416.1144
388 448.0010 421.6634
389 555.7189 405.4975
390 444.7987 437.1307
391 363.2028 612.3806
392 343.9395 565.4674
393 320.6116 601.6417
394 452.9807 745.2671
395 422.3402 767.2029
396 345.0936 801.6191
397 514.6133 711.8583
398 366.9667 426.8659
399 326.8551 477.1618
400 386.2603 809.1888
401 546.8689 598.8227
402 332.3859 664.5097
403 335.4848 670.2101
404 338.9355 679.8692
405 342.3636 692.4378
406 351.4712 714.5203
407 360.2424 665.7723
408 366.8610 664.7805
409 373.6782 661.7508
410 397.5911 646.9759
411 487.5582 594.9777
412 328.2287 455.8851
413 342.3799 416.3549
414 356.5921 420.4441
415 356.1530 662.6658
416 494.1459 651.1865
417 321.9036 413.5857
418 366.7829 737.6948
419 310.5395 464.4955
420 341.8567 513.1875
421 330.8571 747.6235
422 417.7056 699.9695
423 387.2072 575.9182
424 395.2566 722.5417
425 436.7579 572.4126
426 406.4837 598.1255
427 456.0941 610.3429
428 339.7368 776.0494
429 356.2540 527.3552
430 441.1397 718.1777
431 411.8209 742.1406
432 433.6730 672.4315
433 516.6443 624.4144
434 465.2424 676.0491
435 535.1591 644.7413
436 422.8065 629.7142
437 341.7898 493.2600
438 337.5439 557.0683
439 352.9469 563.9773
440 327.3207 540.5442
441 359.6539 397.0128
442 394.6215 385.1165
443 425.1027 383.3905
444 450.9231 387.8975
445 469.9298 398.4740
446 485.8516 438.3006
447 556.4314 502.1477
448 468.2922 468.4210
449 445.2547 473.8793
450 416.0622 472.6842
451 388.4504 466.9762
452 366.8283 459.2764
453 351.5990 451.4535
454 562.7429 507.7879
455 352.6970 570.5583
456 325.4503 496.6990
457 321.0069 556.8433
458 310.0070 568.2007
459 321.6551 561.1208
460 346.6719 577.6476
461 305.7837 569.8449
462 304.9380 575.2740
463 352.9613 433.8451
464 339.4381 438.9201
465 331.5348 441.7083
466 455.5486 425.8205
467 467.3879 418.1002
