# Image: /home/yaroslav/Projects/Diia.AIContest-AdAstrum/fixtures/FLUXSynID-processed/00fa4b687ee6/00fa4b687ee6_f_doc.jpg
# Mode: stream
# Status: fail
# Errors: image_blurry_or_out_of_focus: Image is blurry (sharpness score: 99.90)

# 2D Landmarks (index x y)
0 315.2312 626.5673
1 316.8299 552.5670
2 314.7748 577.8825
3 295.7959 485.9935
4 316.6459 530.5289
5 315.5153 503.5522
6 312.1150 441.0218
7 154.7467 447.3375
8 310.7506 389.0306
9 310.5444 359.8786
10 308.9934 267.0830
11 315.2406 637.8688
12 314.9757 647.1520
13 314.4766 651.5187
14 314.8984 658.7737
15 315.2091 668.3612
16 315.3903 680.6305
17 315.3437 693.8823
18 314.5156 712.8401
19 316.1816 564.5912
20 295.6304 564.9070
21 83.3523 374.9424
22 216.0477 465.2642
23 194.8692 467.4279
24 174.9114 466.1236
25 147.8372 454.9808
26 234.1548 458.8542
27 188.7639 409.9155
28 211.0414 411.5415
29 167.4958 412.8200
30 153.0478 420.4738
31 132.9347 468.4652
32 235.3954 744.2151
33 147.7533 441.9493
34 76.3955 464.0517
35 110.6181 454.2868
36 205.4425 545.5363
37 287.8686 623.5703
38 291.1600 647.5733
39 259.2184 632.2004
40 241.1903 642.8328
41 270.6487 649.7554
42 254.6560 653.2192
43 215.2977 678.3594
44 298.7293 552.4033
45 295.7016 531.6372
46 119.0059 393.2789
47 246.5056 493.0268
48 244.3845 551.9264
49 242.2670 541.6082
50 143.0732 546.1089
51 295.7398 506.4744
52 167.1733 366.7205
53 138.3388 375.3752
54 101.2957 334.0700
55 262.6108 384.5074
56 230.6081 418.5316
57 199.2689 658.0560
58 104.0473 656.7899
59 260.6188 563.2284
60 279.6415 569.6393
61 221.1624 659.0529
62 231.1293 657.6416
63 126.1810 361.2173
64 243.2524 562.4962
65 207.4578 368.3062
66 203.5967 349.9952
67 185.3879 279.1235
68 113.9830 347.0323
69 196.7902 313.1800
70 106.9493 385.1198
71 95.4787 381.1130
72 289.1470 637.1203
73 265.6427 642.6585
74 248.0247 648.2282
75 266.2700 567.4227
76 226.2627 658.7215
77 235.4007 662.4498
78 233.4639 656.5036
79 273.6995 553.7440
80 258.6940 652.2440
81 274.7311 651.4081
82 293.5597 651.2373
83 285.3565 712.9105
84 287.2114 692.5772
85 288.8415 678.7228
86 290.6005 666.2491
87 292.3365 658.4473
88 255.6266 658.0699
89 252.2601 660.9175
90 247.2436 667.1739
91 242.8835 674.8993
92 223.7974 619.1779
93 79.2503 558.9621
94 315.5061 569.9867
95 245.2019 658.1381
96 240.6998 659.3852
97 287.1530 579.1052
98 251.1514 576.0347
99 283.6314 574.6274
100 223.7477 506.3110
101 190.3227 520.7499
102 238.4617 551.9794
103 133.1887 301.2161
104 145.4686 323.0960
105 159.2542 349.1301
106 233.5106 691.4112
107 255.6089 355.3384
108 249.9723 312.4134
109 242.4730 269.3281
110 157.6201 462.5113
111 112.6120 483.8575
112 245.7835 452.4209
113 130.2631 426.0966
114 261.8923 478.2239
115 258.9817 541.9496
116 92.5037 499.5011
117 126.6539 497.3649
118 153.3251 503.4885
119 192.6464 499.5867
120 221.8245 490.4511
121 244.5816 479.5266
122 291.3867 447.5039
123 96.7962 542.3693
124 113.8509 422.3444
125 305.5890 563.8701
126 248.8021 511.8080
127 71.6695 467.2821
128 261.4811 466.7978
129 236.3360 554.4774
130 141.2090 442.9303
131 257.1583 529.5878
132 87.4541 607.0901
133 245.7320 444.7745
134 276.2654 515.6629
135 148.1883 699.7675
136 150.6397 723.8759
137 79.2894 551.2638
138 122.9610 673.4426
139 85.9088 420.2979
140 231.8723 764.4856
141 307.1435 569.3492
142 229.6031 528.4172
143 94.2672 459.6467
144 175.2748 454.3331
145 193.8312 456.1673
146 229.9760 666.9645
147 102.3856 583.6383
148 270.2242 791.5750
149 207.3939 766.6465
150 181.0511 749.2321
151 309.9119 313.4425
152 313.6314 794.4698
153 212.0591 454.5879
154 228.9727 450.5043
155 239.8737 447.4894
156 100.0120 419.4445
157 227.4861 432.0674
158 209.3544 427.6724
159 191.4175 426.6231
160 172.9788 429.5484
161 160.8852 434.4821
162 74.4207 416.8340
163 162.9070 450.9476
164 314.7696 593.4574
165 242.5750 605.8420
166 260.4710 559.1714
167 284.6776 596.5004
168 310.9844 415.9874
169 175.2303 725.8002
170 202.4439 745.2234
171 269.1831 777.8276
172 126.2073 695.4795
173 240.2748 439.2041
174 277.6869 480.0963
175 314.5059 780.0944
176 236.3434 781.2573
177 87.9197 596.0997
178 272.2799 657.8548
179 269.0349 663.6075
180 265.4517 673.1818
181 262.5354 685.3052
182 256.2155 703.7907
183 240.5449 655.7531
184 233.8599 654.0640
185 227.5914 650.9318
186 207.7936 637.2033
187 129.1757 592.0999
188 276.9722 461.3544
189 262.9917 426.4219
190 249.6481 432.3887
191 245.2912 653.1260
192 129.1808 642.7903
193 282.6894 421.3850
194 245.1542 723.4992
195 314.3256 482.0161
196 293.2921 467.6922
197 313.2375 462.2899
198 262.6267 513.1191
199 314.7866 759.3847
200 314.6448 734.4190
201 278.7181 734.0909
202 196.6090 686.7509
203 220.1753 572.3641
204 218.6142 708.1088
205 173.4652 570.8733
206 201.9165 593.7134
207 156.6824 605.7076
208 271.9008 758.1055
209 248.8833 526.4723
210 180.0188 702.5576
211 207.5148 724.5503
212 179.4041 660.7917
213 109.4339 618.9329
214 154.8077 664.4492
215 100.6944 636.9162
216 185.9377 622.0392
217 263.6421 495.7036
218 266.6428 550.4864
219 251.3039 558.2113
220 276.6264 535.3382
221 244.8739 407.7533
222 210.1464 395.8151
223 180.4204 393.4321
224 155.6408 397.0400
225 138.2733 407.4635
226 128.0129 448.1659
227 74.7558 507.5142
228 144.1334 476.9737
229 165.6649 482.2018
230 192.9095 482.0881
231 219.3625 476.9293
232 240.6119 468.8008
233 255.1964 460.5354
234 74.9269 513.3570
235 251.5920 564.6935
236 278.5673 497.2115
237 283.2149 549.9954
238 295.0460 561.0164
239 282.9151 554.0164
240 257.9866 571.6583
241 299.0386 562.6190
242 300.4308 568.0948
243 253.6188 445.1034
244 266.6192 447.9811
245 274.1015 449.3335
246 153.6434 438.3510
247 142.1067 429.2340
248 332.2686 485.7890
249 458.3052 445.6022
250 334.2605 564.4250
251 519.3047 373.8094
252 400.1476 464.3052
253 420.9151 466.0784
254 440.0715 464.4133
255 464.3259 453.1844
256 382.2904 458.1954
257 426.2783 409.6567
258 404.7221 411.3767
259 446.5997 412.4932
260 460.0418 419.9670
261 478.7984 466.4182
262 390.1054 742.0448
263 464.3850 440.4236
264 526.9660 461.6904
265 498.7208 452.2620
266 416.1010 543.5842
267 341.8876 622.7387
268 337.8094 646.7757
269 368.8608 630.2705
270 385.1095 640.2842
271 357.1035 648.2343
272 371.5782 651.1577
273 408.1025 675.5861
274 334.2258 552.0113
275 336.8624 531.2489
276 492.2620 393.0338
277 374.2402 492.1410
278 382.3982 550.5730
279 383.3475 540.0999
280 473.9117 543.0986
281 334.8357 506.1530
282 448.2193 367.3610
283 475.0675 375.6723
284 504.7695 333.3862
285 357.2319 384.8251
286 385.5065 418.3679
287 423.0023 654.8490
288 497.9669 653.0234
289 366.6580 562.0042
290 348.5460 568.9082
291 402.3933 656.1567
292 392.4520 654.9210
293 486.0481 361.6795
294 382.6119 561.0174
295 410.1610 368.7709
296 414.0247 350.5292
297 428.0974 279.2116
298 495.7204 346.6910
299 419.3425 313.4465
300 502.8127 384.6816
301 511.4440 380.2170
302 340.4396 636.2780
303 362.4980 640.8448
304 378.4919 645.8875
305 360.9522 566.3024
306 397.3530 655.8346
307 389.4246 660.0886
308 389.7071 653.8671
309 355.8547 552.7145
310 366.7581 650.3377
311 352.0270 650.0796
312 334.5037 650.5532
313 342.7871 712.1275
314 342.3372 691.8082
315 341.0438 678.0011
316 338.9171 665.6573
317 336.4919 657.7462
318 370.3058 656.1273
319 373.8963 658.9620
320 379.0254 665.2218
321 383.3869 672.9574
322 401.0986 616.7755
323 518.6835 555.8521
324 379.2973 655.9308
325 384.1384 657.1283
326 341.5784 578.3644
327 374.4532 574.5619
328 344.8223 573.8391
329 396.4015 505.0803
330 429.0454 518.8180
331 386.4039 550.4159
332 476.2836 300.9131
333 467.0549 323.1741
334 455.6589 349.7943
335 391.4343 689.0842
336 364.1664 355.9007
337 368.4455 312.6277
338 374.0563 269.3639
339 455.9046 460.5538
340 498.1198 481.2580
341 370.9399 451.8315
342 480.9509 425.1985
343 359.4162 477.6099
344 369.6411 540.9014
345 516.0422 496.6551
346 486.4496 494.6652
347 462.5852 501.1430
348 425.2428 497.8643
349 396.6854 489.3289
350 374.4234 478.7724
351 332.1216 447.3220
352 513.3256 538.9202
353 496.2798 421.0531
354 326.4359 563.6468
355 373.7529 510.8024
356 526.4372 464.9757
357 358.1526 466.3195
358 387.2517 552.9243
359 470.1988 441.5529
360 369.9275 528.5034
361 511.8200 603.6994
362 370.4136 444.1980
363 352.6071 514.9782
364 466.2114 695.6972
365 460.5915 719.8216
366 524.7552 547.9880
367 487.6034 669.3082
368 519.0442 418.5348
369 392.9949 762.1032
370 323.5668 569.1499
371 392.2332 527.0285
372 513.0796 457.4320
373 439.5366 452.6925
374 421.6694 454.8549
375 394.6479 664.4440
376 508.2607 579.9193
377 355.7546 790.2860
378 412.4561 763.5882
379 435.0529 745.7257
380 403.7480 453.6452
381 387.0384 449.6874
382 376.2614 446.9065
383 508.3898 418.0225
384 388.0553 431.5249
385 405.6895 427.1472
386 423.1824 425.9302
387 441.0220 428.6255
388 452.4795 433.3583
389 525.7864 415.1831
390 450.9756 449.1647
391 383.5356 603.9929
392 367.3806 557.9216
393 344.2022 595.6242
394 442.5819 722.2150
395 418.6795 742.1913
396 358.3827 776.5313
397 480.2341 691.5524
398 375.7406 438.5724
399 346.9297 479.6378
400 387.1980 779.0355
401 517.0390 592.3319
402 355.2573 656.5710
403 358.9346 662.2075
404 362.7845 671.6946
405 365.6027 683.8519
406 370.4747 702.1429
407 384.1066 653.2332
408 390.8867 651.3725
409 397.0938 648.0831
410 415.7300 634.1840
411 486.0652 588.4659
412 345.2872 461.0306
413 355.0202 426.3072
414 366.9214 432.0588
415 378.8943 650.8632
416 484.6092 638.9112
417 337.9338 421.4211
418 380.4509 721.5613
419 332.6187 467.4431
420 362.5289 512.2500
421 349.2268 733.1017
422 424.7829 683.5684
423 402.9524 570.3722
424 404.6540 705.4822
425 446.8459 568.1156
426 420.6673 591.2040
427 462.1987 602.3737
428 356.1939 756.9287
429 375.0426 525.3687
430 439.6011 699.0225
431 414.8579 721.6606
432 441.0143 657.3251
433 501.4229 614.9614
434 462.4478 660.5528
435 506.2048 632.9902
436 435.5271 619.0164
437 359.8137 495.0504
438 362.8413 549.3948
439 376.1842 556.8411
440 354.2273 534.6739
441 372.6642 407.7101
442 406.3597 395.7272
443 435.0560 393.3789
444 458.5753 396.9686
445 474.3498 407.1652
446 482.5873 446.4993
447 528.6922 504.6485
448 469.1786 474.8394
449 449.6215 480.2254
450 423.6265 480.6108
451 397.7044 475.8583
452 376.9943 468.0837
453 362.8317 460.0114
454 522.3398 510.6922
455 374.9809 563.3424
456 348.2071 496.7056
457 348.3533 549.2033
458 335.7455 560.5264
459 347.6296 553.1663
460 368.4358 570.4035
461 332.5739 562.2650
462 329.9792 567.7571
463 363.2953 444.6843
464 351.6990 447.7200
465 345.9403 449.1562
466 459.1822 437.0955
467 469.7759 428.3353
