# Image: /home/yaroslav/Projects/Diia.AIContest-AdAstrum/fixtures/FLUXSynID-processed/007efd1f0dcd/007efd1f0dcd_m_live_0_p_d1.jpg
# Mode: stream
# Status: fail
# Errors: strong_shadows_on_face: Strong shadows or uneven lighting detected (difference: 74.4); head_is_tilted: Head is tilted 27.3° (max: 10.0°); face_too_small_in_frame: Face occupies only 48.0% of frame (min: 50.0%)

# 2D Landmarks (index x y)
0 333.6600 599.6154
1 320.8796 528.9686
2 323.8158 555.8833
3 289.9223 483.7098
4 317.0452 510.4241
5 311.5420 490.7237
6 298.9116 448.8888
7 156.1260 494.4492
8 290.7612 415.7636
9 286.3909 394.9405
10 270.4437 331.4611
11 335.8392 609.8328
12 337.7189 619.3458
13 338.2990 624.9774
14 345.7077 655.4240
15 348.1246 664.7860
16 351.1112 676.8546
17 353.9335 690.3992
18 357.5623 712.4039
19 322.6143 540.6831
20 301.6357 548.9887
21 79.3645 470.1573
22 215.4508 491.6986
23 196.7589 498.5301
24 177.7220 503.6029
25 149.2887 503.2739
26 230.2423 482.9596
27 179.0719 454.3510
28 200.1381 450.5146
29 159.9445 461.8576
30 147.9675 472.2127
31 137.3575 520.0804
32 276.1015 758.0008
33 148.0031 493.1632
34 81.8246 541.9237
35 114.1804 517.3323
36 211.8318 561.0869
37 303.0799 604.2270
38 312.4213 626.5449
39 274.1666 621.3625
40 258.7914 638.2263
41 291.0668 635.3124
42 276.2224 645.2055
43 241.6951 689.3163
44 302.8581 533.3299
45 296.3321 516.9147
46 117.5545 463.7164
47 243.6844 507.5707
48 247.4822 551.1882
49 243.9462 544.0730
50 154.3555 578.5206
51 292.4754 498.1805
52 158.3376 429.1643
53 133.2165 443.5810
54 93.0380 431.3769
55 247.3045 422.5541
56 219.4914 451.6660
57 222.5278 670.7292
58 124.4149 715.0423
59 265.7232 557.2471
60 285.6644 558.8781
61 244.3254 668.1537
62 255.3485 664.7289
63 121.1519 437.3659
64 247.9428 561.9944
65 195.4709 421.5518
66 189.3314 409.6519
67 162.3524 367.4721
68 107.5381 433.7570
69 177.7060 386.3751
70 105.6523 462.8179
71 93.3608 467.4464
72 307.5132 616.4964
73 283.4537 629.3067
74 267.6529 641.6869
75 271.9892 560.2649
76 250.0410 666.8444
77 261.0680 672.5048
78 258.1820 663.0141
79 277.6423 543.5638
80 280.9768 644.1820
81 296.1418 636.7732
82 315.7453 630.3966
83 324.2007 717.1558
84 321.8217 694.7395
85 321.2656 681.1949
86 320.7766 668.0018
87 321.4280 659.8513
88 283.5075 665.3718
89 280.1657 669.4936
90 275.2271 676.9118
91 271.0455 685.3000
92 238.7545 622.5052
93 90.6355 631.1038
94 323.0085 547.8449
95 272.2650 666.1969
96 266.6629 668.4002
97 294.7670 565.2450
98 257.7106 573.5181
99 290.4841 562.1660
100 224.4186 523.6600
101 195.7262 543.7445
102 241.9323 555.2749
103 118.4277 396.7777
104 133.3670 406.1776
105 149.1875 419.1354
106 263.2175 702.0330
107 237.1601 402.9754
108 224.5557 373.9924
109 211.4769 347.3596
110 160.3367 505.9279
111 119.5723 538.7947
112 239.2513 475.3154
113 129.6075 486.1459
114 256.5873 491.9034
115 261.1003 537.3423
116 100.8183 560.1061
117 134.5866 543.4052
118 160.0317 539.9216
119 196.3522 526.2367
120 222.1787 511.6711
121 241.5603 497.7625
122 280.4563 459.1285
123 107.7556 594.0168
124 114.4854 489.6588
125 311.6781 543.0068
126 246.8369 521.3566
127 76.1844 552.9100
128 255.2728 483.8584
129 240.1132 559.5885
130 140.6015 495.5523
131 257.2025 528.8426
132 101.9058 672.4845
133 237.3119 470.7453
134 274.7880 511.7635
135 174.0706 737.2902
136 178.6147 768.1463
137 89.7310 615.5248
138 146.3045 718.1253
139 87.1415 502.6936
140 274.8676 786.1011
141 314.3368 549.2527
142 231.3746 540.3247
143 99.3093 528.2120
144 177.5313 492.8147
145 194.9257 488.9299
146 255.3141 677.0405
147 116.1922 630.3621
148 323.6636 813.1576
149 244.8996 799.2591
150 213.1773 786.5459
151 278.3554 361.8066
152 376.6835 805.8363
153 210.3785 483.7345
154 224.2091 477.3958
155 232.8661 473.3770
156 101.2106 493.7639
157 219.8873 468.6448
158 203.1088 471.0159
159 187.4643 474.4009
160 171.1365 480.0215
161 160.3806 485.8141
162 73.8851 508.1822
163 165.2601 494.2298
164 327.0759 570.9169
165 254.0140 603.6521
166 265.1082 552.7681
167 295.5862 581.8281
168 294.6931 434.2718
169 205.6586 757.0172
170 238.0656 772.2192
171 320.5730 790.6661
172 151.4430 746.4596
173 231.7217 468.9077
174 271.5847 486.8636
175 373.2959 785.0671
176 281.0723 809.0826
177 101.1406 654.5924
178 300.7403 662.8610
179 297.8888 669.5855
180 295.2995 680.0928
181 293.7185 692.8543
182 289.8410 712.7348
183 263.6716 654.9052
184 255.8846 654.5237
185 248.2073 652.9815
186 227.2329 645.1693
187 145.5128 626.1648
188 268.8198 474.3033
189 251.8261 453.0537
190 239.6801 459.1345
191 268.6261 651.3473
192 150.1344 679.3047
193 269.2835 445.2064
194 282.1444 732.9581
195 307.0000 475.8687
196 284.8343 471.8930
197 303.0186 462.5052
198 260.7450 516.4220
199 367.7859 758.6202
200 361.8980 732.3871
201 321.8180 737.4941
202 223.6234 702.3483
203 228.4248 580.2881
204 249.9060 721.2952
205 186.2618 591.7470
206 215.7194 604.7976
207 175.2637 629.4136
208 319.6014 763.7265
209 248.3276 531.8775
210 208.5824 726.5688
211 241.1768 744.3505
212 203.3966 678.8997
213 126.3448 662.9911
214 178.2046 692.7742
215 118.7264 689.6249
216 205.4878 636.0031
217 259.5072 503.9083
218 269.9909 542.1155
219 255.5918 554.2628
220 277.8387 526.0283
221 233.1029 441.7427
222 198.9486 438.7648
223 171.1418 443.2494
224 148.9697 453.2422
225 134.8288 467.5121
226 129.8692 505.7734
227 83.4894 578.6405
228 148.8181 522.4267
229 169.7769 520.0150
230 195.4194 512.1327
231 219.1394 501.2108
232 236.9521 490.1276
233 249.1545 480.6173
234 83.9673 592.4709
235 257.0008 560.9898
236 274.6437 498.2382
237 286.6728 536.3134
238 300.5939 544.6587
239 287.1212 541.0491
240 264.0899 566.7739
241 304.8820 544.1538
242 307.0249 550.4201
243 245.2592 468.0172
244 257.7292 468.4150
245 264.6699 467.5112
246 153.6759 489.9036
247 139.7010 483.5338
248 325.2990 475.3289
249 434.8393 429.1800
250 341.7908 539.4240
251 483.2055 377.3941
252 382.1670 452.7910
253 402.0063 450.5198
254 420.6181 446.5501
255 443.6273 434.4424
256 365.3895 451.4813
257 399.8008 402.9898
258 379.4329 408.8693
259 419.8282 401.3567
260 433.9414 405.7908
261 460.8176 444.3614
262 445.7775 717.1874
263 440.7213 424.8633
264 509.3561 441.8009
265 477.6317 432.2061
266 418.9707 512.0780
267 362.5527 590.1047
268 362.7761 614.8475
269 394.0532 593.0632
270 413.6016 602.0416
271 384.3313 613.3930
272 400.3724 616.3143
273 446.9004 640.9845
274 338.3531 524.9356
275 337.3507 507.2051
276 457.6791 384.7352
277 367.8777 478.4276
278 388.3044 517.9067
279 387.5398 510.3123
280 473.8671 503.3823
281 331.2461 489.0017
282 411.5528 370.4826
283 438.1689 372.8096
284 459.4684 347.2575
285 331.4056 402.9651
286 362.6907 418.4126
287 455.8043 615.7353
288 538.1770 616.6217
289 374.2049 531.6707
290 357.9147 541.6664
291 436.3308 623.2899
292 424.7478 625.1720
293 445.5312 362.2267
294 390.8487 528.3935
295 376.6519 379.3865
296 377.3487 365.8387
297 378.9082 317.6594
298 452.2404 354.0817
299 376.4462 340.5840
300 466.0124 379.1339
301 474.7023 379.4517
302 363.4776 603.2363
303 389.3731 604.5246
304 407.1072 609.0286
305 369.7221 537.1702
306 430.6971 624.5652
307 424.6456 634.1305
308 420.9729 624.8051
309 361.0773 523.8968
310 394.8664 617.4727
311 379.2857 617.1748
312 360.2685 619.8942
313 388.9628 701.7173
314 384.0928 680.0625
315 379.2538 667.4164
316 373.6310 655.4163
317 368.9970 648.5970
318 402.7315 637.2949
319 407.8335 639.4121
320 415.5466 643.8665
321 422.5276 649.4981
322 423.7862 578.7702
323 530.5972 527.5237
324 411.5998 633.4972
325 417.8165 633.0141
326 352.8084 551.3642
327 386.2316 543.0067
328 355.2740 546.8302
329 390.8219 484.6614
330 424.4920 489.9822
331 392.6389 519.6551
332 426.6526 326.0844
333 421.4983 339.7248
334 415.7189 357.4633
335 434.4929 661.3001
336 333.1748 380.6164
337 330.6980 349.4916
338 328.9062 320.2728
339 435.9406 441.1564
340 482.8796 453.5708
341 354.4824 448.6148
342 454.4124 410.5481
343 350.8183 469.7242
344 372.8409 511.1214
345 505.9046 465.1323
346 474.0958 463.6304
347 452.1309 471.3770
348 415.3366 474.9467
349 386.5275 473.2852
350 363.9851 469.1015
351 319.0089 450.2165
352 514.7780 498.1986
353 468.0751 407.2191
354 332.9827 537.9497
355 372.4662 491.7205
356 512.3267 451.3561
357 346.6634 462.4206
358 394.4006 523.2504
359 447.7557 423.9943
360 371.4015 502.0076
361 538.4099 569.3387
362 353.8313 443.4660
363 350.7658 493.5949
364 516.7104 655.5732
365 521.2342 685.5101
366 532.7049 511.4158
367 529.8149 626.9684
368 491.1600 408.8813
369 457.5155 741.9300
370 331.2950 545.1829
371 392.9997 502.2010
372 493.3326 436.0437
373 416.6074 436.7642
374 399.6272 441.1821
375 431.1561 635.7584
376 522.1025 534.7126
377 426.1245 788.2597
378 483.8945 741.1455
379 503.0753 716.2345
380 383.1130 443.5220
381 368.0558 443.9079
382 358.6341 444.0291
383 479.2346 405.6871
384 368.1961 433.7117
385 383.8969 428.5722
386 399.4480 424.4086
387 415.9004 422.6481
388 427.8115 423.2584
389 499.6461 410.1240
390 427.5187 432.7762
391 403.1796 568.3525
392 373.8696 527.1691
393 359.2442 566.5705
394 500.1818 686.1008
395 480.6374 713.5187
396 421.9990 766.2425
397 531.4744 655.5466
398 358.0477 439.5469
399 339.0116 470.8832
400 459.7869 765.5874
401 538.7043 551.3225
402 387.9050 642.2394
403 393.5865 647.0095
404 400.6417 655.1872
405 407.3466 665.9478
406 416.8065 682.5807
407 414.0368 619.7259
408 421.5971 615.7745
409 427.5939 610.9146
410 442.4144 594.3936
411 499.1989 542.8360
412 334.0104 459.0657
413 336.0861 433.5405
414 347.8035 433.7845
415 407.8833 618.9707
416 514.6992 593.0815
417 320.4041 433.3018
418 430.3125 697.4404
419 322.7391 462.9875
420 361.0505 492.7640
421 399.1417 718.9561
422 466.3484 644.6003
423 413.0620 536.7139
424 452.1257 673.0285
425 453.8192 528.7748
426 434.7126 553.1737
427 477.6666 558.0310
428 412.1657 741.5789
429 376.9480 501.6220
430 487.6428 659.7939
431 468.2008 689.6954
432 474.2339 614.5601
433 526.0910 568.5787
434 498.8830 616.7963
435 538.7301 590.2076
436 455.8652 576.8365
437 355.1985 481.3449
438 367.3702 519.1667
439 382.8514 524.3824
440 355.7372 507.5222
441 348.3796 414.7822
442 377.6008 397.0002
443 404.3412 389.1477
444 427.5585 388.7789
445 444.3444 395.6834
446 460.5395 428.2794
447 523.0370 475.5579
448 452.8381 451.1083
449 434.5341 457.8936
450 409.1312 461.9915
451 383.4555 462.8444
452 363.3183 460.6678
453 349.0652 457.3361
454 520.8356 489.9927
455 383.2799 531.2765
456 343.1472 482.0233
457 352.3190 520.5590
458 342.2696 534.6823
459 352.6333 525.4387
460 378.7881 539.7502
461 339.0986 536.1364
462 337.8566 542.9817
463 346.3660 444.5126
464 336.8620 449.9744
465 332.2556 451.6772
466 435.1946 424.3195
467 444.7193 412.6797
