# Image: /home/yaroslav/Projects/Diia.AIContest-AdAstrum/fixtures/FLUXSynID-processed/007efd1f0dcd/007efd1f0dcd_m_doc.jpg
# Mode: stream
# Status: fail
# Errors: strong_shadows_on_face: Strong shadows or uneven lighting detected (difference: 52.8); head_is_tilted: Head is tilted 14.5° (max: 10.0°); face_too_close_or_cropped: Face occupies 75.8% of frame (max: 70.0%)

# 2D Landmarks (index x y)
0 308.6372 646.2010
1 307.5185 561.9533
2 307.4192 594.3477
3 283.7445 493.6813
4 307.2003 537.3417
5 306.5396 509.7859
6 304.7105 449.1432
7 122.8072 466.5958
8 303.5197 399.6328
9 302.8788 370.1330
10 300.2190 281.0658
11 308.9082 658.9467
12 308.8276 670.2278
13 308.5149 676.1580
14 308.7148 713.6609
15 309.0679 725.1276
16 309.2419 739.7251
17 309.1558 756.1309
18 309.0569 781.3329
19 307.4936 576.7623
20 282.6234 580.0931
21 41.4640 407.9782
22 194.8857 482.1447
23 169.9808 485.1647
24 146.1488 485.3228
25 113.8547 475.8121
26 216.1928 474.9983
27 160.4672 419.9535
28 187.2722 421.1282
29 135.2447 424.7349
30 118.4359 435.1272
31 95.7123 492.6731
32 205.2667 814.8932
33 114.1866 461.6693
34 29.5634 501.2663
35 69.8148 481.3670
36 174.5844 567.2676
37 270.9879 643.9253
38 276.3948 672.0869
39 232.7901 656.7100
40 210.0213 672.5989
41 248.9163 677.1434
42 228.6635 684.9018
43 178.8683 727.8196
44 285.5374 562.4019
45 281.6255 539.5305
46 82.4327 413.6922
47 226.3906 509.1053
48 219.6449 567.5294
49 217.7014 557.1591
50 101.4016 572.0743
51 282.5635 513.7694
52 138.1992 380.1906
53 104.8325 391.8431
54 63.7253 361.9493
55 248.3682 395.6818
56 211.1584 428.9257
57 160.3029 700.5358
58 50.1307 724.4328
59 239.8058 580.1257
60 262.6331 587.1323
61 184.7097 702.4962
62 198.5050 701.4562
63 91.8275 379.9589
64 218.2671 580.5004
65 184.5135 379.9735
66 179.8818 362.3615
67 159.3567 297.8372
68 78.1333 370.3018
69 171.9502 328.3215
70 68.9629 408.3247
71 55.8199 409.3833
72 273.1232 659.4577
73 241.5099 668.5520
74 219.3463 678.7671
75 246.4643 585.1101
76 191.7448 702.5160
77 203.0739 712.4128
78 202.5981 700.4052
79 255.5498 567.3662
80 234.5202 684.4576
81 254.7907 679.6769
82 279.8181 677.0750
83 268.5973 779.4483
84 270.0922 753.7164
85 272.3476 737.4961
86 275.2574 722.4305
87 278.2151 712.9949
88 231.1468 710.0707
89 226.0566 713.7639
90 218.4915 721.0803
91 212.2577 729.9518
92 191.4247 648.9395
93 27.2274 613.0317
94 307.4486 585.0729
95 217.8260 708.0226
96 210.5807 709.1171
97 271.6238 597.3358
98 227.3234 596.3898
99 267.3211 592.4110
100 198.9832 524.2041
101 158.7143 541.0271
102 212.9898 569.9665
103 100.2849 324.0228
104 114.2694 341.8914
105 129.2949 364.2225
106 201.0542 747.6550
107 239.7399 366.4112
108 232.5440 325.4119
109 223.9773 285.5150
110 125.5390 482.7642
111 70.8393 511.0166
112 229.8324 467.6353
113 93.7007 446.9125
114 245.2463 492.5121
115 237.6894 554.7167
116 45.5687 531.6621
117 86.5763 522.0213
118 117.0669 525.3281
119 163.6819 519.0214
120 198.8286 508.2572
121 226.0712 495.8533
122 280.3568 457.1370
123 46.5903 576.5322
124 75.1545 446.1759
125 294.4030 576.4292
126 227.2433 527.9294
127 24.0540 511.7347
128 246.0602 481.6620
129 210.4831 574.2220
130 105.7073 463.3660
131 235.8958 542.3957
132 33.0224 667.1039
133 229.6945 460.1324
134 259.1975 525.6350
135 97.8325 764.8750
136 99.8976 800.6032
137 25.3953 595.7835
138 70.1708 735.3112
139 42.8341 453.0188
140 199.5039 844.7781
141 297.0765 584.4160
142 203.9343 547.0917
143 50.8076 490.2677
144 147.5936 472.1243
145 169.5057 472.9060
146 195.7723 716.5471
147 49.7478 623.5202
148 249.5663 884.8059
149 166.7445 851.4078
150 134.6057 829.9976
151 301.5801 324.8115
152 310.2231 889.2466
153 190.5385 470.7553
154 210.2971 466.3666
155 223.0362 463.1497
156 59.2765 446.6421
157 207.6358 447.3417
158 186.0267 443.1074
159 165.3605 442.4097
160 143.9581 446.2823
161 129.8141 452.5703
162 29.1869 454.9957
163 132.9456 469.6584
164 307.8312 611.9519
165 214.8068 631.0264
166 239.6389 574.8525
167 268.0883 616.5452
168 304.0654 426.5586
169 129.4118 795.4788
170 162.3192 820.0236
171 249.1446 861.2892
172 74.1279 768.6313
173 222.9724 454.3918
174 262.8076 491.1669
175 310.1768 866.5669
176 203.7578 870.6018
177 31.8482 646.8605
178 252.2867 711.5085
179 247.2488 718.4490
180 241.7092 729.7916
181 237.2008 744.3026
182 229.5591 766.2203
183 210.8727 692.8236
184 201.7659 690.5101
185 193.3745 686.7942
186 171.6556 672.1958
187 82.2382 627.5571
188 263.4894 473.3459
189 249.5933 439.7108
190 234.1945 445.0965
191 217.8194 689.8300
192 79.0635 691.7730
193 271.3643 433.3832
194 217.1158 788.2056
195 305.8311 488.5093
196 281.4557 476.0922
197 305.1984 469.2846
198 243.6481 526.4634
199 309.9743 836.9309
200 309.4265 805.6590
201 261.2349 803.0312
202 157.3221 738.2690
203 191.2341 596.0477
204 183.4101 766.7815
205 136.0886 597.7607
206 168.9691 621.9533
207 115.2926 639.9625
208 253.0554 832.4040
209 226.6227 542.3963
210 136.6981 761.6679
211 169.6714 790.0063
212 138.1752 705.2864
213 55.9830 665.7144
214 107.9807 714.7289
215 45.3447 694.0547
216 148.9043 655.9027
217 245.5617 509.4167
218 246.8811 563.5978
219 228.1384 573.9483
220 258.7691 545.5803
221 228.5025 419.0364
222 186.9023 405.6853
223 151.7309 404.1869
224 122.8230 410.5718
225 102.9369 424.5928
226 90.6975 472.0474
227 24.4048 547.9328
228 108.3274 499.6245
229 133.4944 503.0373
230 165.8274 501.1123
231 197.5616 494.4794
232 222.7064 485.2549
233 239.9849 476.1201
234 25.5913 562.9975
235 228.6988 582.1327
236 263.0008 507.5631
237 266.6463 561.1783
238 281.6052 574.7664
239 266.6536 566.9263
240 236.0053 590.4710
241 286.3235 575.7465
242 288.4775 583.4132
243 239.1972 459.4468
244 253.4786 462.3346
245 261.2969 462.5907
246 121.1550 457.4701
247 106.5488 447.3366
248 327.7443 492.8173
249 481.8161 458.4185
250 331.3688 579.0308
251 556.9144 398.4095
252 410.8076 476.8606
253 435.6948 478.9508
254 459.2403 478.1204
255 490.6775 467.4192
256 389.8451 470.8063
257 442.7277 414.4060
258 416.0967 416.8847
259 468.2338 417.8831
260 485.3289 427.4061
261 508.5385 483.9585
262 412.6266 810.0017
263 490.0076 453.2227
264 571.9397 490.4011
265 533.3602 471.9590
266 434.7633 561.1459
267 345.7999 641.5437
268 340.8843 670.2761
269 383.6203 652.0769
270 405.9405 666.3430
271 367.9233 673.3374
272 387.5001 679.7291
273 436.1616 720.4749
274 329.3365 561.5379
275 332.2899 538.4660
276 520.2987 405.1387
277 381.3121 505.6918
278 392.0128 563.3860
279 393.2096 552.8869
280 505.9574 562.7724
281 330.3601 512.8593
282 465.0570 374.9140
283 498.2100 384.8399
284 534.7495 353.2865
285 357.2717 394.5135
286 393.0455 425.6492
287 453.7547 692.0804
288 555.9394 712.9673
289 372.5073 576.8887
290 350.5645 584.9112
291 429.9953 694.7716
292 416.3633 694.2378
293 510.6902 372.4088
294 393.2176 576.2234
295 419.2807 376.6406
296 423.3402 358.7804
297 439.6990 293.0814
298 522.6161 362.0577
299 429.3480 324.2496
300 532.7268 399.2729
301 544.5245 400.2378
302 344.1636 657.2344
303 375.4890 664.1957
304 396.8836 672.9747
305 365.9720 581.9929
306 423.3663 694.8911
307 412.2512 705.9362
308 412.1951 693.3695
309 357.4989 565.0891
310 381.3478 679.5460
311 361.5042 676.1923
312 337.0234 675.2473
313 349.1526 777.5843
314 347.7205 751.7662
315 345.5122 735.5544
316 342.3822 720.6059
317 339.0331 711.3943
318 384.6684 705.1926
319 389.8548 708.7982
320 397.3851 715.8676
321 403.9237 724.4482
322 422.8005 642.3275
323 574.5119 601.9027
324 397.3877 702.2482
325 404.6390 703.0720
326 342.5481 595.5050
327 384.5992 592.3042
328 346.4411 590.5177
329 408.5429 519.5542
330 448.8353 534.3781
331 397.7391 565.2191
332 498.4029 317.1081
333 486.8704 335.5155
334 473.5237 358.5038
335 414.9261 741.9424
336 364.5715 365.0194
337 369.6071 323.3238
338 375.7707 282.8201
339 479.4211 474.7841
340 533.2393 501.2939
341 376.5260 464.1027
342 509.6948 438.5622
343 362.7133 489.9543
344 374.5887 551.7225
345 558.1626 521.0133
346 518.6196 512.6332
347 488.8515 517.1920
348 442.8680 512.8575
349 407.8987 503.6629
350 380.8410 492.4460
351 328.7686 456.2870
352 558.2391 565.1876
353 527.7965 437.1320
354 320.4505 575.9773
355 381.8016 524.3406
356 575.3640 501.0357
357 361.0209 479.0980
358 399.7374 569.4295
359 498.4747 454.7339
360 375.2495 539.1368
361 570.4834 655.7892
362 376.5578 456.5996
363 352.6965 523.4216
364 514.2146 754.7236
365 511.9623 790.3622
366 577.8600 584.2158
367 539.7406 724.1374
368 557.9967 442.9364
369 418.4875 839.4668
370 317.6438 583.9453
371 404.8865 542.2945
372 552.1814 480.2781
373 457.6453 464.8842
374 435.7925 466.5356
375 419.6278 709.6763
376 556.4445 612.2167
377 369.9199 882.1504
378 449.5145 844.6079
379 479.8979 821.3883
380 414.6770 465.2209
381 395.3390 461.6764
382 382.9188 459.1695
383 542.9130 437.1555
384 397.4463 443.2810
385 418.2848 438.3610
386 438.7636 436.5843
387 460.0405 439.2885
388 474.5588 444.8571
389 569.5817 445.0183
390 472.0598 461.9213
391 399.1145 625.9303
392 372.8671 571.6639
393 347.0263 614.2466
394 484.8686 786.7605
395 453.7291 812.9158
396 370.7561 858.7052
397 535.1850 757.8532
398 382.8819 450.9925
399 346.4938 489.3505
400 414.2707 865.6909
401 573.1984 635.0713
402 364.2806 708.1737
403 369.5170 714.7625
404 375.1099 726.1727
405 379.8431 740.5093
406 387.4097 762.3147
407 404.4965 686.2515
408 413.8164 683.5090
409 421.9367 679.3435
410 442.4885 664.4611
411 526.0079 617.2785
412 344.8595 471.7398
413 356.4970 437.6935
414 371.4268 442.3669
415 397.5376 683.7471
416 530.8182 680.9488
417 336.0013 432.4713
418 400.0538 783.6873
419 328.7032 475.0832
420 366.4734 523.6707
421 357.1343 800.7191
422 457.0534 730.4826
423 419.8059 590.2278
424 432.3530 760.4703
425 473.6931 589.8340
426 442.9161 615.0950
427 495.1490 630.7926
428 366.3117 829.9006
429 383.2689 538.6731
430 477.4296 753.4024
431 446.2100 783.1662
432 474.9832 696.4239
433 551.6605 654.2270
434 503.9824 705.0638
435 561.7495 682.3520
436 463.4747 647.8402
437 363.4541 506.7833
438 366.0898 560.9222
439 384.0916 570.2866
440 354.5484 543.5213
441 376.3465 416.5508
442 416.5361 401.5006
443 451.6160 398.4689
444 480.7439 403.7243
445 500.6047 416.7594
446 513.1072 463.0525
447 577.7797 536.7527
448 496.6042 491.1806
449 471.8004 495.4901
450 439.9238 494.9287
451 408.4810 489.7072
452 383.7754 481.5791
453 366.7627 473.1394
454 574.5883 552.0154
455 383.3629 578.3059
456 347.7284 505.6689
457 347.2541 559.4415
458 332.6018 573.6729
459 346.8991 565.1198
460 376.3563 586.9813
461 328.2837 574.9427
462 325.7939 582.7371
463 367.0734 456.3938
464 353.3581 460.0742
465 346.1167 460.9708
466 483.2547 449.3941
467 497.2106 439.0664
