# Image: /home/yaroslav/Projects/Diia.AIContest-AdAstrum/fixtures/FLUXSynID-processed/001d6e39269e/001d6e39269e_f_live_0_p_d1.jpg
# Mode: stream
# Status: fail
# Errors: face_not_looking_straight_at_camera: Head is turned 179.4째 (max: 15.0째); head_is_tilted: Head is tilted 22.4째 (max: 10.0째)

# 2D Landmarks (index x y)
0 303.1633 666.8524
1 303.6317 598.7311
2 302.4261 616.1429
3 286.4770 523.4203
4 303.6095 577.1182
5 303.2349 546.5553
6 302.1884 470.1888
7 167.0042 452.5501
8 302.1172 421.5190
9 302.4338 393.7809
10 302.4054 278.7726
11 303.1680 676.8538
12 303.0302 682.4937
13 302.7691 682.9259
14 303.0391 687.8107
15 303.1603 696.0431
16 303.2177 706.0833
17 303.3111 716.5632
18 302.8815 732.2666
19 303.1904 608.2256
20 284.4581 603.9131
21 91.3394 366.9236
22 222.7229 474.0867
23 203.4234 475.2724
24 184.6939 473.9730
25 160.0424 460.8500
26 238.8224 469.4010
27 195.7087 427.9196
28 216.0338 428.6393
29 177.5447 430.6245
30 165.3224 435.7336
31 143.0311 475.3805
32 230.7737 761.5355
33 159.7399 447.0350
34 82.0201 459.4783
35 119.6754 461.2432
36 206.5331 567.6618
37 278.8325 662.6837
38 281.7505 681.2269
39 253.9363 666.2995
40 237.5238 671.6750
41 263.4660 680.5985
42 248.4786 680.1321
43 212.5007 697.1869
44 287.2024 597.6731
45 284.8454 576.9288
46 133.3557 416.5698
47 245.1919 513.1139
48 240.7206 585.3211
49 239.7690 572.5226
50 149.0870 562.0487
51 285.7247 548.3379
52 179.6901 399.9940
53 152.6215 404.7221
54 110.5176 332.0168
55 263.6177 417.5797
56 234.1351 433.8363
57 197.2385 677.6366
58 101.8026 652.3425
59 254.1787 596.9337
60 270.6057 604.1726
61 216.9788 679.3181
62 224.7259 678.5268
63 141.0519 389.7277
64 239.5978 593.0220
65 216.1787 402.8355
66 212.0676 384.7148
67 189.3701 287.7004
68 126.1681 359.6496
69 202.6903 334.2369
70 120.5886 405.3576
71 105.8959 386.8651
72 280.1153 674.5306
73 259.5954 675.7838
74 243.3202 676.5505
75 259.0744 600.4805
76 221.0706 679.1811
77 230.2667 684.1513
78 226.6888 677.3539
79 265.4607 593.0545
80 251.6304 677.7970
81 266.9041 679.7472
82 284.0311 681.7108
83 276.8561 732.6141
84 278.8769 715.2911
85 279.9120 703.8348
86 281.0448 694.0510
87 282.5190 686.9473
88 248.0590 682.7263
89 245.5263 684.9682
90 241.9977 690.0414
91 238.7426 696.3325
92 221.3242 646.0114
93 80.6423 547.2018
94 302.8421 610.7221
95 237.9820 680.8670
96 234.3245 681.9728
97 277.5518 614.6480
98 246.3250 605.1503
99 274.2269 609.7007
100 225.6291 524.6972
101 194.3920 538.8556
102 236.2799 580.6480
103 141.4179 305.0915
104 157.0490 341.1695
105 172.2086 381.5699
106 229.7496 710.8342
107 256.9397 389.7775
108 249.4522 333.2198
109 241.2698 279.8589
110 168.9444 469.2386
111 120.9439 490.7907
112 248.9508 464.6240
113 143.0983 439.1376
114 258.6770 500.2701
115 253.1768 579.8813
116 99.5328 503.6002
117 135.2924 507.3223
118 161.2391 516.8232
119 198.4790 513.8668
120 225.2958 505.0447
121 244.8558 495.5865
122 284.1065 475.0944
123 103.1124 549.0805
124 125.2419 436.0009
125 293.3777 607.1468
126 246.5780 536.0572
127 75.8969 452.8887
128 259.5601 485.2657
129 234.6519 580.2953
130 154.3464 449.8355
131 252.3319 564.4498
132 87.2634 598.6828
133 248.4065 456.2172
134 268.6795 554.4325
135 146.4540 709.7464
136 148.0390 729.0270
137 82.8025 549.3799
138 121.0434 680.2435
139 93.3181 419.0988
140 227.6134 779.3795
141 295.0408 609.7351
142 229.4921 550.8427
143 101.7909 463.7152
144 186.5979 460.5017
145 203.2647 463.0437
146 226.0290 687.6721
147 106.7870 591.4371
148 263.2654 803.3894
149 205.3286 776.2225
150 179.0832 757.2532
151 302.4900 334.4751
152 302.2416 806.2080
153 219.5026 462.0734
154 234.9442 459.2224
155 244.3096 457.7566
156 109.9915 429.9746
157 231.2101 438.4327
158 214.0198 431.1467
159 196.6365 429.7441
160 179.6710 433.4395
161 169.6597 439.3535
162 80.5715 404.5302
163 175.0067 456.6028
164 302.6219 631.5543
165 238.6882 635.3125
166 254.0704 594.5738
167 275.9520 632.6258
168 302.0100 443.7114
169 173.7686 737.5652
170 199.6405 758.7107
171 261.7698 794.0355
172 123.0339 696.3465
173 243.1343 449.2080
174 271.4781 510.1386
175 302.7499 795.6626
176 232.5272 792.4587
177 89.2348 596.1817
178 263.9122 684.8888
179 261.3685 689.8067
180 258.9347 697.4579
181 256.8543 707.4851
182 250.8166 723.4791
183 234.2634 679.0266
184 229.1729 677.7558
185 224.0566 674.7965
186 205.6554 660.7036
187 133.0686 606.0159
188 271.7279 486.3916
189 262.8375 444.9694
190 250.9295 446.8188
191 238.1891 676.1635
192 130.2751 653.9766
193 278.3895 446.0663
194 239.9223 742.3521
195 302.7424 520.5097
196 284.7928 500.3897
197 302.4574 496.0823
198 258.0281 544.0196
199 303.0950 777.5760
200 303.0548 753.4775
201 270.4943 753.6497
202 194.7490 704.1305
203 219.2478 596.6858
204 215.6125 725.8927
205 175.8317 591.8460
206 201.7958 617.3602
207 158.9353 624.2612
208 264.1949 776.9955
209 246.3944 554.1059
210 179.1325 717.4386
211 204.8335 740.6231
212 178.8409 678.9124
213 111.9040 626.7728
214 155.0675 679.0306
215 99.9793 639.5712
216 185.9258 643.5405
217 259.3089 522.6618
218 259.2972 589.8736
219 246.2646 592.7409
220 267.9293 577.6826
221 248.0040 430.6869
222 216.9185 421.7798
223 190.1253 419.6842
224 167.7150 421.0781
225 152.0576 426.9479
226 139.4244 455.6546
227 79.5660 503.8526
228 154.6242 485.1906
229 174.5132 492.5461
230 200.3967 492.8240
231 224.4601 488.1363
232 243.0744 481.6705
233 255.6795 475.4197
234 77.8291 499.3268
235 246.5139 597.0373
236 271.5575 531.7376
237 273.3783 593.1723
238 283.8627 602.0604
239 273.1557 595.1850
240 252.0247 602.9035
241 287.3868 604.9722
242 288.8895 607.6932
243 254.8471 459.0535
244 265.4383 464.9050
245 270.7311 469.8175
246 164.0703 443.5980
247 155.5277 440.7241
248 318.9149 523.2689
249 434.9112 452.0281
250 320.6874 603.5275
251 504.0322 367.0458
252 379.7593 473.8466
253 398.9838 474.9045
254 417.2629 473.6436
255 440.8542 460.2053
256 363.6702 469.3469
257 407.0019 427.5899
258 386.5108 428.3835
259 425.0648 430.0998
260 436.7976 435.2770
261 456.9496 474.6489
262 373.0801 759.3839
263 441.6075 446.3704
264 511.5821 458.0824
265 478.8175 460.0844
266 396.2100 566.8377
267 326.9248 661.8767
268 323.6739 680.3989
269 351.0089 664.3142
270 366.5245 668.8700
271 341.2599 678.9091
272 355.4648 677.7526
273 390.0301 694.0868
274 319.6768 597.4349
275 322.1223 576.5927
276 468.5072 415.2681
277 357.7981 512.9434
278 363.2570 584.3641
279 363.8964 571.6912
280 451.7389 560.6989
281 320.5693 548.1462
282 424.2724 399.1026
283 450.5744 403.6071
284 488.0061 332.5691
285 340.4750 417.5176
286 368.4534 433.9427
287 404.5470 674.2648
288 488.1309 648.4284
289 349.6969 596.1560
290 333.7471 603.6620
291 385.5819 675.7596
292 377.6199 675.1709
293 461.8472 388.4931
294 363.8282 591.9831
295 387.9184 402.4357
296 392.3108 384.2184
297 413.2951 288.4626
298 474.6769 359.3661
299 401.1623 334.3070
300 480.1294 404.1269
301 492.4192 386.4422
302 325.7301 673.7442
303 345.4373 673.9930
304 360.8942 674.0390
305 344.9132 599.6968
306 381.3441 675.6813
307 372.7511 681.0929
308 375.4358 674.2565
309 339.5700 592.3243
310 351.8176 675.4331
311 337.4834 678.2447
312 321.1021 681.0341
313 328.5866 731.9335
314 327.2717 714.5461
315 326.2489 703.2257
316 324.7737 693.4405
317 323.0801 686.3815
318 355.5926 680.4621
319 358.1575 682.6778
320 361.8159 687.6850
321 365.0545 694.0683
322 381.8942 644.0680
323 508.1068 544.5012
324 364.8595 678.1217
325 368.6117 679.1616
326 326.8337 614.1727
327 356.8826 604.1685
328 330.1256 609.0906
329 377.1093 524.3105
330 407.9088 538.2448
331 366.7853 579.7702
332 459.2838 305.5654
333 445.6558 340.9535
334 431.5969 380.5845
335 373.7440 708.4355
336 347.7399 389.7814
337 355.1528 333.5234
338 362.7171 280.3729
339 432.6057 468.7308
340 477.8383 489.7245
341 353.7995 464.6510
342 457.9954 438.1567
343 344.7658 500.2238
344 351.7255 579.2557
345 497.2125 502.1649
346 464.4930 506.3922
347 439.9680 516.0048
348 403.7392 513.3979
349 377.1532 504.7377
350 357.9340 495.5336
351 320.2224 475.0098
352 493.8229 547.1577
353 474.7732 434.8685
354 312.9132 606.8509
355 356.6924 535.7003
356 514.3362 451.7248
357 343.5188 485.3162
358 368.0110 579.3094
359 446.4603 449.0813
360 352.0693 563.9523
361 501.6158 595.3294
362 354.2344 456.1645
363 336.8534 554.1081
364 450.2782 705.4745
365 446.6871 724.1758
366 509.8279 546.9302
367 473.4248 675.8721
368 502.2275 418.2700
369 375.6053 776.6725
370 310.4725 609.5883
371 373.3984 550.1549
372 494.8464 462.4136
373 415.8933 460.1838
374 399.4156 462.6991
375 377.0343 684.5350
376 489.6976 588.7057
377 340.6033 801.9850
378 394.8565 772.7085
379 418.5976 752.9277
380 383.1019 461.8926
381 367.7771 458.9649
382 358.4075 457.7191
383 488.2851 428.7076
384 371.5874 438.3427
385 388.6464 430.9161
386 406.0068 429.3999
387 422.7260 432.9870
388 432.4194 438.7650
389 512.0777 404.2429
390 427.2351 456.2051
391 364.8542 633.9116
392 350.2023 593.6778
393 328.9983 631.8680
394 425.1795 733.6844
395 401.0707 755.1203
396 343.1797 792.6504
397 468.8676 691.7159
398 359.4726 449.0778
399 332.9988 510.0922
400 369.9775 789.8762
401 503.0416 592.9600
402 340.7630 683.4100
403 343.6144 688.3871
404 346.1684 695.9617
405 348.2493 706.0064
406 353.9673 721.7854
407 368.8026 676.0537
408 373.8685 674.6952
409 379.0767 671.5875
410 396.7863 657.9627
411 466.0134 603.6758
412 332.1395 486.3667
413 340.0536 445.1115
414 351.6417 446.9033
415 364.4380 673.4175
416 466.9797 650.5626
417 325.2405 446.2527
418 364.0341 740.1701
419 320.0631 500.3069
420 346.0251 543.6028
421 335.1033 752.6326
422 406.7625 701.1419
423 383.4149 595.5770
424 387.0505 723.2639
425 426.2024 590.4087
426 400.7868 615.9129
427 441.9883 622.1324
428 341.4384 775.8469
429 356.8569 553.6484
430 421.1930 713.8672
431 396.9564 737.5269
432 422.2540 675.7981
433 484.0565 623.5801
434 443.9429 675.6743
435 492.8186 635.6105
436 415.9382 641.3373
437 344.4561 522.4805
438 345.7611 589.1479
439 357.9188 591.8878
440 338.1125 577.2806
441 354.8134 430.8041
442 386.0084 421.4720
443 412.9562 419.3003
444 435.1134 420.5870
445 450.1724 426.2145
446 460.6807 454.7093
447 513.4447 502.0815
448 446.1434 484.4656
449 426.9097 492.0882
450 401.7068 492.5074
451 377.7822 487.8283
452 359.6425 481.5731
453 347.1774 475.4357
454 511.3256 497.3946
455 357.1429 596.1465
456 333.3802 531.5366
457 332.8912 592.6514
458 321.8942 601.6386
459 332.3871 594.5280
460 351.5858 602.1049
461 318.7214 604.6707
462 316.5106 607.3879
463 347.8738 459.1329
464 337.3911 465.0991
465 332.5590 469.9293
466 437.6746 443.0632
467 445.8529 440.0187
