# Image: /home/yaroslav/Projects/Diia.AIContest-AdAstrum/fixtures/FLUXSynID-processed/001d6e39269e/001d6e39269e_f_live_0_a_d1.jpg
# Mode: stream
# Status: fail
# Errors: image_blurry_or_out_of_focus: Image is blurry (sharpness score: 75.40); face_not_looking_straight_at_camera: Head is turned 176.7째 (max: 15.0째); head_is_tilted: Head is tilted 27.0째 (max: 10.0째)

# 2D Landmarks (index x y)
0 324.2769 667.8291
1 335.3578 595.3614
2 325.9556 613.8406
3 312.1929 509.4722
4 336.7724 570.7265
5 334.5396 535.6157
6 325.4357 449.2961
7 161.1636 434.3685
8 323.7196 394.7166
9 325.2112 363.7050
10 322.7642 240.0967
11 323.4321 678.3782
12 321.5809 683.9749
13 319.4232 683.6552
14 320.0040 686.2362
15 320.4672 694.2233
16 320.2556 704.1986
17 319.2135 715.6399
18 314.9499 737.0941
19 332.6109 606.2130
20 306.6648 601.6812
21 57.5936 340.0327
22 225.8272 454.4401
23 204.0779 456.3281
24 182.0736 455.8544
25 150.9005 443.2979
26 243.9088 449.1648
27 195.8766 405.4812
28 218.5030 405.6555
29 174.7991 408.7354
30 159.5997 415.0147
31 130.1067 459.0577
32 228.5004 778.6006
33 151.4818 429.2659
34 45.6588 444.1604
35 100.5738 444.2909
36 206.7118 558.3229
37 294.5435 663.9153
38 294.4821 682.8318
39 261.3738 666.7069
40 238.3357 670.4456
41 269.8590 681.2977
42 249.5965 679.3681
43 206.1468 697.0436
44 315.9939 594.5514
45 314.6005 570.4904
46 122.8000 392.9498
47 253.1667 497.8539
48 252.9498 579.1337
49 250.7716 564.2492
50 135.8463 552.0886
51 314.0691 537.8190
52 182.4429 371.4871
53 148.7687 378.3149
54 87.4948 300.1544
55 280.0992 389.6804
56 238.3715 410.7185
57 187.3471 675.6718
58 51.9593 663.6198
59 267.5628 592.5754
60 287.0417 600.5531
61 209.1841 675.0296
62 218.0932 674.6100
63 134.0892 361.6329
64 248.8938 586.9439
65 226.2376 373.6970
66 222.3652 353.2922
67 192.1524 249.2293
68 111.8910 329.8408
69 210.3746 299.2319
70 105.6366 380.7542
71 82.0269 361.5590
72 294.4812 676.5051
73 266.9561 676.5399
74 244.8179 675.6532
75 272.4770 596.1758
76 213.9015 674.8639
77 227.1966 680.9663
78 220.0651 674.0742
79 285.3853 589.9633
80 251.6349 676.2313
81 271.8884 679.5510
82 294.7410 682.3935
83 284.8896 737.7607
84 290.8894 714.8676
85 292.9646 702.4343
86 293.9274 692.7879
87 294.9426 685.8482
88 249.6518 680.6561
89 247.3140 682.7579
90 243.7562 687.8912
91 240.1742 694.9395
92 220.6537 644.0738
93 29.4335 544.5205
94 329.4840 608.9822
95 235.4750 678.2592
96 231.8645 678.7105
97 295.4822 612.1217
98 254.5233 599.8110
99 291.5556 606.7707
100 229.4907 510.5958
101 192.6278 526.0632
102 244.7158 572.8353
103 130.6947 268.9994
104 153.1289 307.8603
105 173.9635 350.9804
106 227.7038 713.6107
107 274.5211 358.3242
108 265.3937 298.2590
109 253.8868 240.7044
110 162.5150 451.5195
111 102.8756 475.8622
112 255.2462 443.9227
113 131.8773 419.4386
114 270.1136 483.6806
115 271.4096 574.1571
116 73.6713 491.2602
117 121.7687 492.6678
118 153.6875 501.8369
119 197.5570 498.5684
120 228.8255 488.8664
121 251.5775 478.4169
122 303.8601 454.9782
123 75.8465 540.8259
124 109.7565 415.8566
125 320.8619 605.3561
126 255.6158 523.4490
127 28.6084 437.5429
128 269.4787 466.9036
129 240.1654 571.9759
130 144.0456 431.9023
131 268.8716 555.9197
132 35.3340 602.9986
133 253.3007 435.3690
134 291.7373 544.7548
135 117.6187 724.2904
136 113.4576 749.4236
137 42.7241 545.1751
138 84.3866 691.9287
139 62.6986 398.4539
140 222.1839 802.4087
141 320.2251 608.0145
142 233.9797 539.6540
143 76.7851 447.7166
144 185.6103 440.8776
145 204.9768 442.6370
146 222.1391 684.8003
147 75.6767 589.0584
148 261.3839 830.0761
149 188.7233 802.4400
150 154.2852 781.3803
151 324.6569 300.3288
152 306.0360 830.7951
153 222.7292 441.1538
154 239.3332 437.8454
155 249.1472 436.5892
156 89.1080 409.3309
157 233.7346 419.3134
158 214.3005 413.3694
159 195.6481 412.7071
160 176.8098 416.6743
161 164.6950 422.4486
162 39.1499 382.6557
163 171.6451 437.7545
164 324.7517 630.4225
165 243.8610 633.1063
166 268.9171 590.4564
167 292.2920 631.2413
168 322.7827 419.8483
169 153.2087 755.7357
170 186.3910 779.9186
171 263.7811 816.5139
172 79.9011 712.7338
173 247.4070 429.0015
174 289.8897 494.7640
175 310.3038 816.3033
176 223.7062 819.7264
177 47.3232 598.2196
178 271.0110 683.4929
179 268.6339 688.3999
180 266.3927 696.0645
181 263.8273 707.0610
182 253.5914 728.0264
183 230.1487 676.4142
184 224.9137 675.0035
185 219.1790 671.9600
186 199.1215 658.3862
187 110.2901 603.0501
188 287.5043 467.9958
189 272.9008 421.7283
190 257.5073 424.4507
191 233.9149 673.3693
192 100.6232 658.8730
193 294.0419 422.4735
194 240.1158 753.0025
195 331.2964 505.9644
196 307.6921 483.4990
197 328.4213 478.4961
198 273.3331 532.6754
199 312.8830 793.0159
200 313.8513 763.0951
201 277.1232 764.4177
202 185.0363 709.0331
203 220.9105 589.9850
204 210.3510 734.4748
205 167.7249 585.4012
206 198.4369 612.8324
207 143.1397 621.8687
208 269.1298 793.9616
209 256.7170 543.7101
210 164.0507 728.5519
211 195.9903 755.3323
212 165.8166 680.4609
213 77.9515 629.6011
214 133.8672 684.8236
215 58.2511 647.1749
216 176.0905 640.4836
217 272.9461 508.7745
218 278.7312 586.1589
219 259.6430 588.0184
220 292.2718 571.9370
221 257.3493 405.8780
222 222.8425 396.3681
223 192.4043 394.4878
224 165.6288 396.9745
225 144.9104 404.7598
226 125.4059 438.0972
227 41.2286 494.0888
228 144.8209 468.9978
229 169.4729 476.0258
230 199.9683 475.6009
231 227.6416 470.1189
232 248.7016 462.9473
233 263.4864 456.0808
234 28.0064 490.2780
235 258.0079 592.0528
236 292.6678 518.9826
237 298.0587 590.0259
238 307.7941 599.9812
239 295.7520 592.4891
240 262.8503 598.0337
241 313.0520 603.0051
242 312.2415 605.8537
243 261.7130 437.9132
244 275.0359 444.1049
245 283.3143 449.4411
246 157.3609 426.5665
247 146.8138 421.2916
248 348.0828 508.9455
249 454.1004 430.3675
250 349.4003 600.1756
251 510.3517 341.1362
252 395.4310 452.3383
253 415.6073 453.5139
254 434.8235 452.5417
255 459.0317 439.0941
256 379.5001 447.6097
257 428.0254 404.7584
258 406.4126 405.3981
259 446.7546 407.3020
260 458.0184 412.9398
261 473.8144 454.5157
262 384.5080 769.5961
263 460.7109 425.2906
264 515.8938 439.6154
265 493.4761 439.7588
266 419.4750 554.1197
267 351.2665 661.8934
268 345.1613 680.9393
269 376.5819 661.8895
270 391.0286 664.3382
271 363.8724 677.4342
272 377.8757 674.6365
273 407.5426 688.9900
274 352.8738 593.5086
275 356.1627 569.6172
276 490.0407 390.1134
277 377.7464 496.2619
278 392.9150 575.5944
279 391.6330 561.1172
280 473.8433 545.4134
281 352.6345 537.2086
282 450.6326 371.8011
283 475.4440 377.1381
284 500.1779 302.9756
285 364.2931 390.4434
286 386.8982 410.8091
287 425.1418 667.1324
288 481.2589 647.8099
289 378.2336 589.2013
290 361.2415 598.5148
291 407.2317 668.0699
292 398.4748 668.5482
293 485.7114 360.7365
294 392.0760 583.1582
295 414.2655 374.5132
296 420.0228 354.5090
297 436.3511 252.6839
298 493.3471 330.6949
299 427.2652 301.4928
300 499.6840 378.4229
301 505.7327 360.9172
302 349.0207 674.3828
303 369.6673 672.3165
304 384.6010 670.1913
305 372.9110 593.2057
306 402.9210 668.2657
307 393.3223 674.9721
308 395.3702 668.2625
309 370.3146 586.9652
310 372.8192 672.0490
311 358.3155 676.4643
312 340.6364 680.9093
313 342.3680 735.3969
314 344.6377 712.6997
315 344.9095 700.5231
316 343.9712 690.9827
317 342.0066 684.1483
318 375.5678 676.1700
319 378.3480 678.0797
320 381.8166 682.8386
321 384.4291 689.4795
322 407.7736 638.2555
323 499.9324 535.1259
324 384.5461 673.2586
325 389.0542 673.3706
326 353.3617 610.5468
327 383.8082 596.5197
328 357.3300 604.8954
329 397.1214 508.0494
330 429.4762 522.1388
331 393.4409 569.4086
332 477.7456 272.7068
333 468.9093 309.7893
334 458.4249 351.5473
335 390.0280 706.4902
336 373.7555 359.7186
337 380.7398 299.6620
338 386.3724 242.8294
339 450.6484 447.6882
340 493.3473 470.5252
341 370.0830 442.6709
342 477.2231 415.9414
343 365.2949 482.6267
344 382.9800 571.3821
345 509.8844 484.6159
346 482.3014 487.3901
347 459.2607 497.2969
348 422.6176 495.2886
349 394.9995 486.5785
350 375.7687 477.0692
351 343.5034 454.6831
352 508.8836 532.2429
353 492.4052 412.2612
354 343.3406 604.4750
355 379.0090 521.6673
356 509.4460 434.0928
357 361.8732 465.9833
358 392.3831 568.4768
359 464.9565 427.8549
360 381.1454 553.7554
361 493.7834 590.1337
362 370.6907 433.9577
363 367.6301 543.3077
364 458.1424 707.6748
365 446.6817 731.2056
366 514.2066 535.3055
367 479.8881 675.4222
368 510.9231 396.2221
369 385.3102 791.7571
370 338.3170 607.5430
371 395.3909 536.6843
372 506.2363 442.8086
373 434.4426 437.7395
374 416.7126 440.1229
375 397.1608 678.3607
376 504.6405 578.0074
377 347.1030 824.1144
378 399.3878 788.2165
379 420.9660 764.2083
380 399.4256 439.1910
381 383.6951 436.2029
382 374.5831 434.9794
383 503.2337 405.9288
384 388.4127 418.1367
385 406.1507 412.1191
386 424.4731 410.7575
387 442.0790 413.9498
388 452.1389 419.2176
389 513.0335 381.9865
390 446.1812 434.1157
391 391.5452 628.5838
392 379.6881 587.0335
393 354.2280 629.3182
394 432.8882 739.6761
395 409.1967 765.6610
396 352.8513 810.7117
397 465.1758 695.2697
398 376.4484 427.4157
399 357.9334 493.9162
400 376.5829 809.0672
401 507.1678 585.4099
402 360.7421 680.1518
403 363.6345 684.9317
404 365.7107 692.3253
405 366.9258 703.0896
406 369.1634 722.9857
407 390.7020 670.9891
408 396.6591 668.9270
409 402.3363 665.3278
410 421.3018 651.0752
411 486.5125 593.2188
412 353.9493 467.4057
413 358.0492 421.5312
414 368.9405 423.9626
415 385.2102 668.4390
416 481.9448 645.5605
417 345.8116 422.6992
418 376.4478 745.5250
419 346.3484 483.0139
420 371.6726 531.0216
421 346.9120 760.6440
422 421.9480 698.6964
423 407.4011 585.6103
424 400.0118 724.8732
425 450.7499 578.7991
426 425.1980 607.1476
427 464.9853 612.8730
428 352.9310 789.1136
429 381.1040 541.4482
430 433.3123 715.0805
431 408.0167 743.2460
432 440.9431 670.0105
433 497.2941 616.7233
434 460.0577 671.7123
435 496.8451 631.9330
436 439.6505 632.7727
437 367.7449 507.4930
438 377.2427 583.0637
439 387.8536 584.4890
440 371.1401 570.0007
441 375.1609 405.7305
442 408.7152 396.1000
443 436.8600 394.1914
444 458.9234 396.0026
445 472.4314 402.6121
446 477.4014 433.8863
447 517.4249 486.9702
448 463.8551 464.6001
449 444.6353 472.2831
450 418.7912 472.7276
451 394.0679 468.0183
452 375.8556 461.3872
453 363.7654 454.9962
454 503.3814 483.9223
455 385.8403 588.4742
456 361.1952 517.9976
457 365.8038 587.8382
458 352.1198 598.2805
459 363.7740 589.9468
460 379.4034 594.8272
461 349.4103 601.7519
462 344.8845 604.6376
463 364.4650 436.8429
464 354.6254 443.6451
465 351.4506 449.1201
466 457.2671 422.8320
467 465.9598 418.1108
