# Image: /home/yaroslav/Projects/Diia.AIContest-AdAstrum/fixtures/FLUXSynID-processed/0107200990d3/0107200990d3_m_live_0_p_d1.jpg
# Mode: stream
# Status: fail
# Errors: strong_shadows_on_face: Strong shadows or uneven lighting detected (difference: 43.9); face_too_small_in_frame: Face occupies only 45.0% of frame (min: 50.0%)

# 2D Landmarks (index x y)
0 321.0156 497.6071
1 322.5093 416.7948
2 319.6994 446.1811
3 300.2373 359.7216
4 321.9471 396.2051
5 319.6691 372.9885
6 312.6634 321.4428
7 167.9634 337.8786
8 309.1654 276.5039
9 308.2052 251.1372
10 303.1110 180.5153
11 321.2155 508.5792
12 320.8527 517.8295
13 319.9522 522.6251
14 319.9111 532.0000
15 320.5454 540.6080
16 320.9327 551.9968
17 320.8730 564.8407
18 319.9079 585.6540
19 321.6852 429.3725
20 301.6828 432.7125
21 99.3079 287.8791
22 224.2200 351.0814
23 204.9790 354.2403
24 186.6413 354.4597
25 161.5967 346.0581
26 240.7987 344.1747
27 198.3221 297.6699
28 218.9347 298.3210
29 178.5595 302.0624
30 165.2833 311.0636
31 148.1638 360.7455
32 242.8499 619.6710
33 161.2190 333.0566
34 93.5363 366.4526
35 127.1622 350.0454
36 216.4868 425.3026
37 295.4683 495.5790
38 298.8472 519.1790
39 268.4864 505.8628
40 250.8602 517.8628
41 279.1278 522.8233
42 263.3264 527.8890
43 223.6450 555.5517
44 305.6475 417.2893
45 302.2337 398.3405
46 135.6956 291.5197
47 252.8236 374.3991
48 254.1620 424.2048
49 251.6062 415.8037
50 159.1466 430.5545
51 301.2871 376.6471
52 179.8973 261.4700
53 153.6452 272.3707
54 117.3415 248.5927
55 266.5285 272.6361
56 237.3179 304.7074
57 209.2788 536.7639
58 112.5764 551.3341
59 269.0690 434.2651
60 286.2107 440.1882
61 230.1614 537.4209
62 239.0978 536.0085
63 142.4703 262.2755
64 253.1282 435.8336
65 216.3857 259.9236
66 212.7071 245.0410
67 194.8061 194.3442
68 130.2692 255.0342
69 205.7445 218.6244
70 124.4374 286.8502
71 112.4173 288.4694
72 296.9618 508.8341
73 274.6551 515.7783
74 257.4132 522.9729
75 274.1618 438.7903
76 234.9302 537.1153
77 243.5941 539.6299
78 241.2636 534.9546
79 281.6591 421.7561
80 266.7437 527.5238
81 282.5157 524.9984
82 300.6453 523.2287
83 291.6502 586.0421
84 293.7323 564.1245
85 295.4372 550.9158
86 297.2572 539.3590
87 298.6483 532.1775
88 262.9099 534.2624
89 259.9157 537.0464
90 255.3597 542.8353
91 251.0225 550.1485
92 234.3410 495.4105
93 91.2220 459.5285
94 320.6161 436.6940
95 252.5137 535.5333
96 248.4719 536.7434
97 293.4917 449.2766
98 260.1252 449.8427
99 290.0120 444.8488
100 232.3664 388.3337
101 202.1751 403.6508
102 248.1745 427.0002
103 147.2664 216.4852
104 159.3163 230.7212
105 172.4849 247.9827
106 241.4261 567.4702
107 259.6547 247.6098
108 253.3539 216.2493
109 245.3622 183.9891
110 170.7486 352.4591
111 129.5330 376.7336
112 251.4422 337.3807
113 145.2923 320.5498
114 266.7330 359.4881
115 267.7757 412.0689
116 109.8278 393.7835
117 142.9261 387.2786
118 167.6506 390.5507
119 203.5306 384.3300
120 229.9805 374.1988
121 250.5833 362.7319
122 293.9174 328.1886
123 113.6907 432.8292
124 130.3774 319.5571
125 311.6829 429.2063
126 255.7214 390.6902
127 86.4673 374.9129
128 266.0235 349.9299
129 245.7158 431.0807
130 154.9943 334.8972
131 265.3021 402.2163
132 97.4917 504.6368
133 251.1234 330.5057
134 283.1103 387.0854
135 156.3805 584.6519
136 156.2753 612.0481
137 94.1700 446.5263
138 133.4741 560.8924
139 102.8606 325.4965
140 238.2498 642.2311
141 312.7418 436.2860
142 238.4071 407.9155
143 111.7758 357.4724
144 187.1645 343.2167
145 204.0894 343.7852
146 238.3567 543.8165
147 118.1874 471.6849
148 276.0200 670.5844
149 211.5327 649.2469
150 185.3304 634.2944
151 305.8567 216.1764
152 320.2551 672.1658
153 220.6360 341.4083
154 235.8956 336.8419
155 245.8199 333.5161
156 117.3125 319.8294
157 234.1399 318.4810
158 217.4044 314.5610
159 201.0361 314.1028
160 184.1340 317.9784
161 173.2234 323.9222
162 89.8340 327.6212
163 175.7155 340.8505
164 319.7741 463.3637
165 251.9897 480.4288
166 269.1254 429.4017
167 291.5263 468.0068
168 310.2155 300.9762
169 181.7725 608.1247
170 208.4163 625.4359
171 276.0746 653.0692
172 133.5620 586.7865
173 245.9839 325.1747
174 282.2462 357.8357
175 321.3502 654.4677
176 241.1265 661.8546
177 101.0007 488.7614
178 279.3125 532.7758
179 276.3371 538.0266
180 272.9726 546.8069
181 269.9908 558.4652
182 263.2744 578.2848
183 249.0954 532.2991
184 243.1158 530.5585
185 237.1578 527.5726
186 218.6911 514.7805
187 145.4107 475.9566
188 280.7114 342.4765
189 267.2659 312.6717
190 254.9222 318.0362
191 253.3106 530.1605
192 142.5701 527.3382
193 285.0825 306.7502
194 252.5498 598.1782
195 317.2029 355.1164
196 296.6587 344.6488
197 314.9601 338.7982
198 269.4921 388.7081
199 321.3389 631.4996
200 320.6001 606.2883
201 285.6339 606.7450
202 205.0163 564.8131
203 230.4871 449.8183
204 226.1012 584.6413
205 187.6559 451.1741
206 213.8392 471.7380
207 171.5963 486.4978
208 279.2223 630.9308
209 256.6438 403.0501
210 188.0881 582.5553
211 214.8039 602.5182
212 189.8338 540.1341
213 123.5767 505.9212
214 165.8027 546.2632
215 112.3786 527.3163
216 198.6293 500.9872
217 269.2424 374.0665
218 275.1101 418.8731
219 260.7541 429.2006
220 284.2560 403.5644
221 250.7299 294.7711
222 218.5387 284.1851
223 191.2413 283.5689
224 168.5593 289.3709
225 152.8737 301.4653
226 143.1019 342.1557
227 91.0802 406.0820
228 158.4819 367.0997
229 178.2488 370.2532
230 203.1801 368.0872
231 227.4658 361.8217
232 246.7769 353.1464
233 260.1536 344.8479
234 88.5833 417.5482
235 260.9221 436.7021
236 284.2546 371.8209
237 290.7804 416.2249
238 301.3405 427.7755
239 290.3735 421.0664
240 266.6455 444.1576
241 305.4116 428.5882
242 306.3278 435.4759
243 258.7199 330.1746
244 270.7048 332.6647
245 277.6614 332.9547
246 166.6833 328.6435
247 155.7588 321.2729
248 333.3525 358.7132
249 438.0313 330.5453
250 337.5070 431.6816
251 484.4961 278.8031
252 387.6528 346.9827
253 406.0847 348.9257
254 422.9249 347.8633
255 443.2538 338.3289
256 371.6796 341.2289
257 409.1146 293.8608
258 389.7983 295.5337
259 427.2777 297.0499
260 439.3192 304.9820
261 456.1239 352.2555
262 392.5820 613.3655
263 443.2281 325.6545
264 496.2249 355.4713
265 472.1850 340.9173
266 406.3807 419.0329
267 345.1908 493.6090
268 341.1561 517.5000
269 369.2972 501.5616
270 384.1124 512.3761
271 358.5984 519.4781
272 371.7181 523.4122
273 406.9811 548.5267
274 338.3135 416.3583
275 340.3469 397.2817
276 463.6736 284.8337
277 367.4831 371.0879
278 379.0724 420.2200
279 379.3941 411.4553
280 455.9220 420.9901
281 337.2183 375.6655
282 425.8794 258.0534
283 448.6756 267.3383
284 470.0104 240.9538
285 348.6704 271.8570
286 372.8143 302.6232
287 419.3482 528.7617
288 485.6652 538.9919
289 365.1490 431.2778
290 349.7419 438.0279
291 400.5205 530.8221
292 391.3515 529.9193
293 456.8282 256.9506
294 378.9875 431.6933
295 393.6009 257.8809
296 396.3849 242.8783
297 403.8733 190.5741
298 463.8339 248.1609
299 398.9666 215.6677
300 471.6276 279.7500
301 478.2215 280.2302
302 343.8245 507.0032
303 363.5682 511.9442
304 378.0807 517.9407
305 360.0475 435.8763
306 395.9373 530.6974
307 388.8697 534.0133
308 388.5460 528.8969
309 356.2035 419.7499
310 367.0913 523.3353
311 353.7112 521.9984
312 337.7517 521.7186
313 346.6309 583.8822
314 346.1997 562.1424
315 344.7618 549.0498
316 342.5480 537.6048
317 339.8935 530.6093
318 370.8707 529.8803
319 374.1614 532.4764
320 379.2771 538.0166
321 383.7481 545.1670
322 397.2857 489.0876
323 495.8936 447.7623
324 379.1609 530.4429
325 383.8029 531.3651
326 343.9857 447.3609
327 371.8177 445.7770
328 346.6931 442.9269
329 387.1074 383.6102
330 415.9891 396.8924
331 381.7650 422.3886
332 445.0414 210.7302
333 439.1529 225.8998
334 431.4737 244.2232
335 391.6657 561.4933
336 353.9084 246.8823
337 355.8482 214.7354
338 358.2511 182.0002
339 436.3603 344.8926
340 473.5202 366.9816
341 361.3032 334.9858
342 456.2184 313.3509
343 354.1829 357.0305
344 368.2414 409.1098
345 490.2877 382.8493
346 464.5803 377.7725
347 444.3948 382.2718
348 411.5674 378.2076
349 386.2998 369.8151
350 366.3614 359.6278
351 330.1425 327.4465
352 490.8012 421.1652
353 468.6965 311.4546
354 330.9090 428.6422
355 368.4975 387.0930
356 495.4047 363.9000
357 351.7169 347.7884
358 382.0331 426.3664
359 448.0946 327.4528
360 367.6975 398.9465
361 494.3290 492.5345
362 360.5120 328.2160
363 352.6806 384.9329
364 461.3955 573.1639
365 458.0295 600.4042
366 501.6327 434.4561
367 477.8389 548.7296
368 486.9839 315.7484
369 397.1800 635.3611
370 328.0241 435.7719
371 384.8969 403.1257
372 484.6473 347.5064
373 421.9902 336.7756
374 406.2737 338.5014
375 393.9305 537.8270
376 489.0243 459.8709
377 362.5209 666.8585
378 416.6546 640.5748
379 436.9094 623.9524
380 390.2555 337.2686
381 375.3861 333.6633
382 365.6988 330.9524
383 478.3821 311.1929
384 375.6894 315.5504
385 391.1637 310.8772
386 406.7562 309.3457
387 422.6753 312.0571
388 432.8839 317.2898
389 492.2708 317.5210
390 431.8164 333.8089
391 381.4685 475.3434
392 365.9801 426.4115
393 346.5101 465.8286
394 442.0402 597.7533
395 420.9918 616.6614
396 364.3049 649.3845
397 472.7542 574.6838
398 365.0931 322.6981
399 344.7146 356.0951
400 392.9359 655.3288
401 498.6808 476.3245
402 356.9839 529.7432
403 360.6319 534.7604
404 364.4620 543.2454
405 367.7023 554.7006
406 372.5258 573.9285
407 383.1638 526.7383
408 389.5649 524.5668
409 395.1581 521.3274
410 411.1949 507.3804
411 469.2185 465.1951
412 341.5967 340.9560
413 346.5846 311.2852
414 356.9379 316.1695
415 378.1439 524.9248
416 472.0781 515.8010
417 332.9677 306.0154
418 382.4565 592.8620
419 332.3488 343.7480
420 359.5763 385.8223
421 353.3162 603.9274
422 423.0542 556.5026
423 396.4661 443.8994
424 405.1191 577.5246
425 433.8855 442.9200
426 412.7172 464.5254
427 449.1642 476.8640
428 360.9671 627.5487
429 370.7231 399.3077
430 437.4567 572.8658
431 415.7135 594.4113
432 435.7070 531.0040
433 485.5054 493.7475
434 455.1046 535.7044
435 491.8233 514.8546
436 427.1190 492.7046
437 356.0572 371.4747
438 362.5224 416.4242
439 373.8042 425.6159
440 355.4389 401.4780
441 361.4060 293.1496
442 390.7474 281.5598
443 415.9768 279.6115
444 436.4609 284.2081
445 450.0776 295.1570
446 458.4415 333.9206
447 501.1476 394.5133
448 448.5045 358.8859
449 431.9427 362.8376
450 409.3072 362.3944
451 386.2360 357.6269
452 367.6475 350.2100
453 354.8584 342.6901
454 494.9346 406.2425
455 372.5329 433.0898
456 347.2436 369.8766
457 350.4242 414.6156
458 338.9552 426.7780
459 349.3441 419.4060
460 366.6475 440.7144
461 336.3805 427.7972
462 333.6805 434.7388
463 354.0310 328.2227
464 344.6312 331.1342
465 340.4042 331.7609
466 438.8353 321.6183
467 447.5228 314.3609
