# Image: /home/yaroslav/Projects/Diia.AIContest-AdAstrum/fixtures/FLUXSynID-processed/00b4299e5bd5/00b4299e5bd5_m_doc.jpg
# Mode: stream
# Status: fail
# Errors: strong_shadows_on_face: Strong shadows or uneven lighting detected (difference: 50.8); face_not_looking_straight_at_camera: Head is turned 179.9째 (max: 15.0째); head_is_tilted: Head is tilted 17.2째 (max: 10.0째); face_too_small_in_frame: Face occupies only 43.4% of frame (min: 50.0%)

# 2D Landmarks (index x y)
0 302.0778 608.4752
1 302.2189 546.8760
2 302.0892 564.8168
3 287.6539 479.5001
4 302.1980 526.8430
5 302.2335 499.4890
6 302.6438 432.8592
7 179.3020 422.8747
8 302.6439 391.3901
9 302.7846 366.1934
10 303.4116 260.2899
11 302.0857 617.7258
12 302.1083 623.6175
13 302.2435 625.0475
14 302.3294 627.8002
15 302.3803 634.7153
16 302.3663 643.5992
17 302.4591 653.1946
18 302.4374 669.5499
19 302.0057 556.3794
20 285.7512 553.6645
21 112.0910 347.5495
22 229.3549 441.3574
23 211.9734 442.5350
24 195.2032 441.5392
25 173.1516 430.7085
26 243.8665 436.8790
27 206.0530 399.5325
28 224.2486 400.0501
29 189.4363 402.0131
30 178.2293 406.8332
31 158.0608 443.6045
32 238.0170 700.6249
33 173.1795 418.2443
34 104.2792 432.3924
35 137.0458 431.4991
36 216.7591 524.1584
37 281.2582 605.2602
38 284.4527 622.9546
39 259.9145 610.6514
40 246.2657 617.9627
41 269.0196 623.8227
42 256.5823 625.3461
43 224.8139 644.0042
44 287.5487 546.2233
45 285.3416 526.8586
46 148.8555 389.8924
47 251.1599 474.6091
48 246.4218 537.8497
49 245.7852 526.6349
50 164.8857 520.9064
51 286.5037 501.4090
52 191.6231 373.8975
53 166.5349 378.6325
54 129.2853 313.9112
55 268.0373 388.6181
56 240.4642 404.5553
57 211.1182 627.3897
58 123.7298 611.2000
59 258.9747 548.7082
60 273.8142 554.8079
61 230.5371 628.2199
62 237.5967 626.7532
63 156.0709 365.2365
64 245.7449 545.6385
65 225.1085 375.9461
66 221.3510 359.1536
67 200.8268 269.8935
68 143.1259 338.0837
69 212.8967 311.9282
70 137.4170 380.2211
71 124.6730 364.2995
72 282.5823 616.1969
73 265.2031 619.2545
74 251.6469 622.2597
75 263.4672 551.9334
76 234.2678 627.7873
77 241.8262 629.9744
78 239.0535 625.6107
79 268.5924 543.9428
80 259.6238 623.5899
81 272.3977 623.6380
82 286.7380 624.3920
83 280.5468 670.1451
84 282.3204 652.5068
85 283.2548 641.8882
86 284.2115 633.3595
87 285.4892 627.3992
88 256.9000 626.6130
89 254.7252 628.4738
90 251.5394 633.1245
91 248.4661 639.1972
92 230.9901 595.4395
93 104.3421 516.0041
94 302.0731 559.3984
95 248.4639 626.6149
96 245.4420 627.5298
97 279.9294 563.8844
98 252.2970 557.0532
99 276.9365 559.5822
100 233.3909 485.7050
101 205.4167 498.7976
102 242.8810 534.6424
103 157.4692 287.5075
104 171.4041 319.9246
105 184.8433 357.0938
106 239.7543 654.0587
107 261.8752 362.9710
108 255.1411 310.0112
109 247.8622 261.7704
110 181.1508 437.7719
111 138.5008 457.7616
112 253.1618 432.2828
113 157.6684 410.5809
114 263.2603 462.2076
115 257.3813 531.8816
116 119.5009 470.4888
117 151.3619 472.1495
118 174.7761 479.9883
119 208.4652 476.8248
120 232.6516 468.6261
121 250.5238 459.5733
122 286.0901 437.7125
123 123.2955 511.9186
124 141.6724 408.2008
125 293.2706 555.3678
126 252.4669 494.7172
127 99.5273 429.2009
128 263.9204 449.5173
129 241.8166 535.1266
130 167.9842 420.8215
131 257.0554 518.3565
132 110.5377 562.8249
133 253.0038 424.6321
134 271.4321 507.8768
135 162.7467 658.5486
136 164.1383 678.1188
137 105.7009 514.8180
138 140.3493 632.6910
139 113.7781 394.8103
140 234.5459 718.0810
141 295.1024 558.5029
142 237.2361 508.7851
143 121.3854 434.5077
144 196.5940 429.3385
145 211.6825 431.4231
146 237.9012 633.8195
147 127.3071 550.8085
148 266.5764 740.9529
149 214.4215 718.5785
150 191.2274 702.4759
151 303.1811 310.9380
152 302.2237 743.6806
153 226.3022 430.5212
154 240.1031 427.8248
155 248.8337 426.2970
156 128.2734 403.4558
157 237.9077 409.6289
158 222.7736 403.7514
159 207.3589 402.4372
160 192.0040 405.7212
161 182.7202 410.9736
162 102.9483 383.5367
163 186.2823 426.1090
164 302.1193 578.1238
165 245.8801 584.4438
166 258.6889 546.1930
167 278.5828 579.4105
168 302.6901 410.6766
169 186.5586 682.9158
170 209.5843 700.9679
171 265.1304 730.2866
172 142.2936 649.9816
173 248.4354 418.5330
174 274.6182 469.1324
175 302.3746 731.7551
176 238.9502 731.8553
177 111.9953 557.5572
178 270.0150 626.6810
179 267.8372 630.8472
180 265.6874 637.6478
181 263.7602 646.8831
182 258.1607 663.2961
183 245.1589 626.4283
184 240.4283 625.5873
185 235.5724 623.1527
186 217.9326 610.5053
187 151.0922 562.1884
188 274.9986 448.7522
189 266.8069 413.5148
190 255.6390 415.8677
191 248.5166 623.7117
192 148.8556 607.2265
193 281.1963 413.5354
194 247.3500 682.2095
195 302.3799 476.5889
196 286.4367 459.4383
197 302.5094 455.2617
198 262.5235 500.3627
199 302.4378 713.6315
200 302.4757 690.2543
201 274.0644 690.7795
202 207.1260 651.0250
203 228.2219 550.5126
204 225.7795 669.2937
205 189.4899 546.6791
206 212.8192 569.7094
207 174.4491 577.5601
208 267.6787 713.2121
209 252.2448 510.6032
210 192.0696 663.5862
211 215.0073 683.3318
212 193.0380 628.7218
213 132.2117 583.4601
214 171.1453 629.1440
215 121.7129 596.7362
216 199.1543 595.2850
217 263.8270 481.6095
218 262.9550 540.8667
219 251.4330 544.5338
220 270.4189 528.6115
221 253.4783 400.9124
222 225.4820 393.1186
223 201.0354 391.4378
224 180.3971 393.0116
225 165.7687 398.8813
226 154.5045 426.1223
227 102.2588 473.0897
228 168.3475 452.2058
229 186.3020 458.2004
230 209.5691 458.2378
231 231.4002 453.8823
232 248.3037 447.6580
233 259.9558 441.5213
234 101.5354 472.2451
235 251.9778 548.9843
236 274.3749 488.0022
237 275.2603 542.8028
238 284.9508 551.4314
239 275.3457 545.2745
240 257.2196 554.4986
241 287.9965 553.7115
242 289.5766 556.8890
243 258.9662 426.8366
244 269.0336 431.5303
245 274.0811 435.0960
246 177.4255 414.9058
247 169.0723 411.9486
248 317.0788 479.6366
249 426.6532 423.5527
250 318.2309 553.7251
251 495.4801 348.9123
252 376.2428 441.9866
253 393.8513 443.2405
254 410.7028 442.2506
255 432.6627 431.4027
256 361.4347 437.4676
257 399.6889 399.3323
258 381.2617 399.8323
259 416.5122 401.9825
260 427.8216 407.0408
261 447.8569 444.5013
262 366.3715 700.8799
263 432.7077 418.8524
264 501.7955 433.6585
265 468.8770 432.2804
266 388.3096 524.7310
267 322.9301 605.1602
268 319.8319 622.8221
269 344.2926 610.4493
270 357.8763 617.5965
271 335.3157 623.6819
272 347.7000 624.9708
273 379.1415 643.7443
274 316.8082 546.2512
275 319.0787 526.8567
276 458.0226 389.6654
277 354.0102 475.0246
278 357.6180 538.3240
279 358.4118 527.0896
280 440.5357 521.6923
281 318.0879 501.4921
282 414.9094 372.9532
283 440.2250 378.1027
284 478.6909 314.9399
285 337.4234 388.1126
286 365.0354 404.5876
287 392.6803 627.2065
288 479.3814 612.3519
289 344.9869 549.1447
290 330.2165 555.1491
291 373.3409 627.7454
292 366.3509 626.1896
293 451.1636 364.6745
294 358.2222 546.2032
295 380.7113 375.0509
296 384.7809 358.1409
297 406.2959 270.1891
298 464.5114 338.3002
299 393.9190 311.6379
300 469.5943 380.1625
301 482.8125 365.0860
302 321.7142 616.1226
303 339.1381 619.0748
304 352.6204 621.8985
305 340.4919 552.2933
306 369.5083 627.1827
307 362.1785 629.4416
308 364.7477 625.1800
309 335.4096 544.0833
310 344.6640 623.1931
311 332.1048 623.5089
312 317.7372 624.2762
313 324.2679 670.1515
314 322.5896 652.3767
315 321.6283 641.8496
316 320.4867 633.3470
317 319.2337 627.3830
318 347.4681 626.2375
319 349.6151 628.0841
320 352.7228 632.7232
321 355.7000 638.8320
322 373.2220 595.5942
323 500.1307 517.3535
324 355.6683 626.2182
325 358.6440 627.1526
326 324.0652 564.0299
327 351.6048 557.4876
328 327.0408 559.7051
329 371.8616 486.3010
330 399.9699 499.4989
331 361.2325 535.1469
332 450.2560 287.9058
333 436.1302 319.6232
334 421.7886 355.9880
335 364.5716 653.9341
336 343.8966 362.3589
337 351.2971 310.0114
338 358.9844 261.9247
339 424.8080 438.5216
340 467.4088 458.8115
341 352.1247 432.7758
342 448.6610 410.9127
343 341.9511 462.5001
344 346.6739 532.2265
345 486.0376 471.6672
346 454.2930 473.1575
347 430.8435 480.7889
348 397.0876 477.5669
349 372.7361 469.2091
350 354.7603 460.0331
351 319.3054 437.7377
352 481.8085 513.0025
353 464.7304 408.5799
354 310.8180 555.3426
355 352.4228 495.1067
356 506.3858 430.7185
357 341.4016 449.8743
358 362.3534 535.6220
359 437.8386 421.3894
360 347.2159 518.6500
361 493.1165 564.2395
362 352.4770 425.0331
363 333.0431 508.0297
364 440.4833 658.9490
365 438.7910 678.5879
366 498.9157 516.1338
367 462.7602 633.3085
368 492.8897 395.8275
369 369.7608 718.1946
370 309.0109 558.5606
371 367.7213 509.2738
372 484.4869 435.4208
373 409.4213 430.0760
374 394.2854 432.0641
375 366.0458 633.3544
376 477.1965 551.7800
377 337.6764 741.1119
378 389.2616 718.7549
379 412.0396 702.8012
380 379.4053 431.1418
381 365.4380 428.2554
382 356.6856 426.8091
383 478.1577 403.8809
384 367.7501 409.8782
385 382.9705 403.9077
386 398.4689 402.7633
387 413.8145 406.1058
388 423.0787 411.4246
389 503.8790 385.0964
390 419.6789 426.8631
391 358.2651 584.6630
392 345.3687 546.5115
393 325.6852 579.4852
394 416.9331 683.3852
395 394.1080 701.1451
396 339.4107 730.4643
397 460.4258 650.6827
398 357.0312 418.8305
399 330.4299 469.3616
400 365.2512 732.0595
401 491.8342 558.7136
402 334.6124 626.5034
403 336.8353 630.6660
404 338.9752 637.4272
405 340.8386 646.6785
406 346.5622 663.1932
407 358.9612 625.9203
408 363.5170 625.1464
409 368.3788 622.6702
410 386.0303 610.4626
411 453.5488 562.8971
412 330.3190 448.8947
413 338.6614 413.6630
414 349.7547 416.0864
415 355.5104 623.3100
416 454.9186 607.8401
417 324.2503 413.5515
418 357.0758 682.1614
419 318.5168 459.5276
420 342.0470 500.5710
421 330.7605 690.8677
422 396.6152 651.1676
423 376.1966 550.9904
424 378.2470 669.4228
425 415.5699 547.2622
426 391.6886 570.2384
427 430.2596 578.1955
428 337.1094 713.4192
429 352.2541 511.0377
430 411.6640 663.8274
431 388.9167 683.4756
432 410.9242 628.8165
433 471.6579 584.2940
434 432.5615 629.4811
435 481.6759 597.6140
436 405.1638 595.6376
437 341.0734 481.8135
438 341.0497 541.0892
439 352.5120 544.9856
440 333.8027 528.8137
441 351.8764 400.7672
442 380.1743 392.6823
443 404.9620 391.0838
444 425.8582 392.9551
445 440.6243 399.0205
446 451.6313 426.8383
447 503.1407 474.4007
448 437.5073 453.0355
449 419.4443 459.0341
450 396.0686 459.0156
451 373.9961 454.3834
452 357.1258 448.1953
453 345.4545 441.8570
454 503.5411 473.6855
455 351.8950 549.4895
456 330.3373 488.1764
457 328.9479 542.8994
458 319.1387 551.4634
459 328.6525 545.3695
460 346.7299 554.9828
461 316.1250 553.6772
462 314.4910 556.9743
463 346.4169 427.2486
464 336.3076 431.8536
465 331.3327 435.2699
466 428.4342 415.5103
467 436.9246 412.3412
