# Image: /home/yaroslav/Projects/Diia.AIContest-AdAstrum/fixtures/FLUXSynID-processed/00c1610e4785/00c1610e4785_m_live_0_a_d1.jpg
# Mode: stream
# Status: fail
# Errors: image_blurry_or_out_of_focus: Image is blurry (sharpness score: 32.53); strong_shadows_on_face: Strong shadows or uneven lighting detected (difference: 36.4)

# 2D Landmarks (index x y)
0 288.2927 617.8953
1 278.0260 545.3943
2 285.8506 569.3037
3 264.0034 477.2758
4 276.6778 523.2077
5 278.2034 495.3104
6 285.5958 431.3728
7 154.0950 437.6141
8 286.8333 389.1309
9 285.6501 362.3613
10 288.2451 259.7056
11 289.1164 628.2214
12 290.6575 635.6213
13 292.5619 638.2297
14 291.5188 640.8424
15 291.1641 648.2087
16 291.1768 658.3844
17 291.9968 670.5077
18 295.6641 694.5145
19 280.3538 557.2710
20 264.7629 556.9883
21 98.5631 372.3057
22 211.0775 452.2129
23 191.1560 454.7953
24 172.3643 454.7895
25 148.8289 446.4911
26 227.5691 445.9890
27 182.2918 408.9087
28 203.1754 408.5593
29 163.6374 412.5041
30 151.8780 418.8271
31 134.6336 460.7781
32 222.0774 735.2272
33 148.1937 434.0660
34 91.8314 459.5837
35 115.3131 450.0982
36 192.9605 535.5146
37 263.2173 615.2769
38 269.8987 635.8214
39 239.4394 622.6379
40 225.6739 632.4591
41 252.6897 637.6908
42 239.6525 640.8283
43 206.2239 665.5261
44 260.8995 545.5414
45 257.0884 524.3760
46 119.9447 399.8839
47 232.5264 481.9833
48 220.5505 543.0466
49 220.9118 532.1134
50 137.8210 537.5689
51 260.0540 498.5687
52 160.2365 376.6295
53 134.9758 384.7619
54 110.2473 333.3430
55 246.1713 387.6563
56 222.3570 412.2160
57 189.8878 647.6034
58 121.4603 653.5090
59 236.4846 554.3349
60 253.7669 560.3910
61 211.7647 646.6654
62 221.1730 644.7233
63 124.9648 371.6189
64 222.2455 552.5353
65 196.4375 376.3068
66 191.1059 358.7217
67 175.8126 277.8429
68 117.4597 350.7958
69 184.5465 315.2231
70 110.4005 392.0271
71 104.0779 382.6435
72 265.8210 627.5526
73 246.6068 632.1128
74 232.5964 637.0032
75 242.5220 557.8995
76 216.5440 645.9296
77 224.1022 647.2855
78 223.9478 643.7691
79 243.5579 546.5471
80 244.9589 639.4306
81 258.3864 638.3264
82 274.4424 638.1974
83 269.3002 694.5148
84 267.8380 669.7525
85 268.3359 657.1332
86 269.7202 647.1906
87 271.8305 640.8861
88 241.0821 642.2578
89 238.0201 644.4577
90 233.8522 649.6294
91 230.3393 656.9629
92 207.5862 609.6540
93 103.4374 554.2960
94 283.1547 562.2176
95 232.9418 643.4265
96 228.6815 644.3793
97 260.5673 569.9834
98 231.4173 565.3288
99 257.3401 565.4032
100 212.8447 495.4724
101 181.2691 510.9163
102 219.5879 541.7614
103 134.0165 301.2048
104 142.7636 327.4379
105 152.7318 359.7033
106 222.5966 676.6295
107 237.1386 360.5468
108 230.9126 310.4162
109 225.5882 265.3405
110 157.0807 452.4396
111 115.6299 476.8982
112 237.8710 439.7724
113 131.7173 424.5752
114 245.1164 467.3325
115 230.1439 534.3627
116 98.6435 493.2814
117 126.5228 489.4124
118 149.5565 494.6883
119 185.9833 489.1883
120 213.4464 478.9799
121 233.5866 467.8114
122 267.2222 437.9313
123 100.4831 535.6606
124 116.8658 423.1245
125 270.0942 556.4695
126 232.2739 501.5024
127 96.5734 462.7501
128 247.9222 455.4650
129 220.7445 543.9305
130 143.1100 436.6496
131 231.2122 521.0912
132 109.0485 603.1620
133 238.0878 432.2905
134 244.8392 507.5532
135 146.0454 694.6156
136 154.6698 721.0260
137 92.2859 545.9165
138 125.6007 668.7006
139 97.9064 418.0670
140 219.1378 759.1479
141 274.8933 561.5073
142 216.2273 518.0243
143 102.2148 455.8150
144 172.5041 442.0772
145 190.0256 443.1076
146 219.7832 651.8745
147 105.4970 577.2005
148 258.9972 789.3131
149 202.2135 763.8528
150 179.8135 746.4176
151 286.4049 308.5228
152 303.3068 792.8336
153 207.1988 441.1414
154 223.0482 437.1193
155 233.0963 434.5006
156 106.1631 420.6998
157 220.7800 421.1335
158 203.5442 418.0117
159 185.9153 417.7978
160 168.7479 421.5734
161 158.2968 426.9335
162 94.6040 412.7847
163 161.2817 439.9306
164 287.2738 584.5868
165 223.6067 595.8062
166 234.7932 551.0161
167 259.4225 587.2704
168 287.9129 410.0524
169 169.9454 720.1575
170 193.4979 740.0487
171 253.6850 771.8863
172 137.0330 692.7207
173 232.5984 427.1798
174 253.3477 470.4550
175 298.8553 774.8670
176 227.0728 778.7961
177 99.2901 590.9953
178 254.6437 641.0573
179 251.4974 645.6957
180 248.7298 653.3694
181 246.5778 664.5302
182 242.9292 686.8747
183 228.5099 643.3380
184 221.9665 642.4403
185 215.7207 639.8335
186 194.6233 627.4502
187 125.7479 584.4150
188 256.5730 451.2258
189 251.3878 418.0278
190 240.4895 422.3165
191 233.8501 640.5976
192 127.8367 636.2010
193 264.5331 415.2482
194 232.2544 711.0926
195 280.7909 473.1293
196 264.9549 458.3248
197 283.1151 452.6231
198 239.9704 503.6828
199 296.3292 750.1472
200 295.8455 720.6174
201 262.3971 720.1228
202 187.6808 676.4910
203 206.1468 561.8674
204 208.6022 696.8255
205 162.6258 561.4757
206 188.5718 583.8558
207 148.1860 597.1118
208 255.0498 748.2892
209 230.4558 516.6660
210 172.6946 694.2806
211 197.5142 716.3255
212 170.4500 651.7683
213 112.2104 612.8527
214 149.0508 656.6486
215 109.0982 632.1863
216 174.3561 613.1452
217 243.3782 485.6508
218 236.3739 543.2072
219 226.2995 549.6038
220 242.2453 528.2940
221 234.4320 404.5658
222 201.2296 397.4492
223 173.3838 397.0617
224 151.1436 400.8255
225 137.1674 409.6618
226 131.0062 442.9902
227 89.3851 502.2679
228 144.0708 468.2886
229 162.7998 472.3694
230 188.1979 470.7772
231 213.1019 464.6445
232 232.3756 456.4642
233 245.1563 448.5974
234 101.1582 508.6214
235 228.8105 555.2624
236 250.6413 488.3176
237 248.2195 543.1829
238 261.7921 553.4798
239 250.2284 546.9696
240 235.9544 561.4471
241 264.2889 555.2933
242 268.7780 560.1465
243 244.6378 433.2806
244 254.9266 436.9395
245 258.5322 439.0550
246 152.4750 430.8172
247 142.8931 425.9471
248 299.9408 476.1746
249 452.0357 427.4436
250 304.8844 556.2290
251 546.2288 353.5210
252 389.5705 445.6980
253 411.2259 447.1075
254 432.5760 445.9638
255 461.6991 435.8186
256 371.2204 440.8229
257 414.6042 400.0565
258 392.7367 401.1419
259 435.6994 402.2680
260 451.0368 407.8411
261 481.2198 449.2635
262 382.4751 735.0493
263 460.1011 423.2118
264 558.2389 443.5606
265 508.0226 436.6474
266 403.2415 529.6191
267 315.3737 613.8667
268 314.2030 634.8225
269 345.5418 620.0945
270 366.1961 628.8260
271 336.3036 635.7940
272 354.3855 637.9384
273 397.7220 661.8569
274 296.7893 544.5611
275 298.2410 523.0305
276 486.6551 386.2169
277 358.7596 477.8818
278 357.9222 539.0683
279 360.0903 528.0883
280 472.9704 528.2304
281 298.7116 497.2488
282 427.0900 365.8840
283 460.9675 372.1123
284 517.2285 314.7272
285 330.8346 384.3505
286 373.6744 406.3882
287 415.1203 642.8728
288 556.6185 647.1972
289 342.8068 551.4828
290 323.2994 558.6987
291 389.5072 642.1005
292 380.9190 640.3697
293 474.6911 357.9001
294 360.9910 548.8898
295 383.8520 368.7594
296 387.1327 350.4077
297 415.3094 265.5853
298 494.6658 334.6414
299 398.2479 305.0565
300 502.5275 377.0903
301 523.9110 365.8513
302 314.9212 626.4300
303 339.7268 629.9393
304 359.6485 633.8491
305 337.4638 555.5183
306 384.7218 641.3777
307 373.7251 643.2336
308 379.6047 639.5418
309 326.5466 544.3199
310 352.0426 636.5646
311 333.8166 636.4611
312 313.4658 637.1414
313 324.0095 693.8087
314 318.0167 668.6454
315 315.8254 656.0325
316 314.4457 646.1481
317 313.3622 639.8515
318 353.3242 639.1579
319 355.7088 641.1757
320 359.5647 646.4155
321 363.7081 653.8887
322 385.5956 605.3712
323 576.5005 541.9125
324 366.0519 639.8908
325 369.0863 640.5703
326 315.0613 568.6695
327 354.2869 562.3220
328 318.9223 563.9468
329 382.8716 490.0908
330 418.6620 503.6806
331 365.6683 537.8214
332 475.0300 284.4763
333 454.5466 313.4367
334 435.0513 347.8910
335 378.0922 674.2215
336 335.9111 356.2863
337 344.4854 305.0337
338 355.2052 258.4955
339 451.0984 442.6234
340 506.4695 464.2315
341 359.4375 435.7422
342 478.9071 412.2301
343 341.5902 464.1793
344 340.3341 531.1729
345 534.1423 479.7953
346 489.1434 477.8683
347 458.4191 484.8431
348 415.7469 481.7193
349 384.8027 473.2970
350 361.1019 463.5278
351 307.4472 436.4754
352 532.2650 523.8383
353 499.2422 409.3017
354 291.7100 556.0448
355 355.8228 497.6424
356 573.8685 446.0837
357 342.8465 452.2990
358 369.6815 539.9158
359 467.9148 425.2924
360 342.6983 517.8415
361 571.9207 593.7205
362 360.3302 428.3238
363 320.4792 505.1838
364 493.1633 691.9338
365 499.5476 719.9057
366 563.7405 533.5934
367 524.4009 663.7117
368 541.9707 401.2786
369 390.3819 759.6479
370 292.0611 561.1231
371 376.9041 513.3351
372 530.0187 441.2774
373 429.6083 433.2009
374 410.7564 435.1788
375 379.0352 647.9322
376 531.7232 567.3306
377 350.6009 790.0907
378 426.1916 765.0669
379 460.4231 747.1434
380 392.7298 434.2077
381 376.2086 431.3784
382 365.7341 429.9145
383 518.1191 405.5243
384 378.0734 415.7746
385 396.4249 411.1672
386 413.9923 409.9385
387 432.7115 412.3316
388 445.3523 416.8734
389 563.7146 394.6271
390 442.7797 430.2405
391 363.9959 592.4679
392 342.1203 547.9579
393 317.9940 585.6315
394 459.5217 719.3825
395 426.4866 740.5002
396 347.3716 772.2811
397 530.6433 689.1349
398 365.4998 422.9098
399 321.8172 468.2567
400 389.9096 779.9805
401 559.8180 581.2405
402 334.4980 638.9930
403 336.9824 643.4619
404 339.6477 651.0854
405 342.6257 662.3924
406 353.6685 685.3550
407 370.6905 639.4546
408 375.9572 638.2449
409 382.0748 635.4579
410 404.3487 622.6028
411 496.3266 575.8179
412 324.1701 448.9288
413 339.2571 414.9064
414 354.8348 418.3424
415 367.4075 636.9463
416 506.1069 629.6893
417 317.0222 413.2471
418 369.0506 710.2956
419 304.0092 456.9542
420 338.3377 500.6552
421 332.6553 719.9325
422 422.8297 673.3440
423 388.3143 557.2066
424 398.3164 695.2037
425 440.1825 554.3773
426 409.7329 578.5339
427 463.5728 590.1446
428 341.4193 748.1949
429 354.7073 513.0297
430 446.5839 692.1027
431 414.9196 715.6676
432 440.5325 647.0683
433 529.0946 604.6656
434 473.7388 651.9405
435 549.5043 624.7231
436 429.8655 607.4234
437 338.6069 482.5925
438 333.1354 540.6317
439 351.2805 546.1255
440 320.0228 526.1468
441 354.5408 400.3580
442 388.2147 390.2885
443 418.1460 387.4810
444 444.9729 389.6391
445 465.7841 397.3552
446 485.4961 430.8169
447 564.0067 487.9164
448 467.9514 457.5979
449 444.4621 462.9750
450 414.7685 463.0574
451 386.9233 458.5873
452 365.3008 451.8871
453 349.8752 445.0218
454 575.8667 493.9029
455 352.0617 551.9923
456 319.3342 486.1682
457 314.2309 541.5007
458 304.1878 552.6844
459 316.1743 545.4291
460 346.5133 558.7725
461 299.1546 554.5177
462 299.5878 559.6056
463 351.5030 429.7706
464 337.4173 434.1145
465 328.6056 436.6835
466 453.1897 420.3247
467 464.5011 414.3434
