# Image: /home/yaroslav/Projects/Diia.AIContest-AdAstrum/fixtures/FLUXSynID-processed/008860a08ba5/008860a08ba5_m_doc.jpg
# Mode: stream
# Status: fail
# Errors: strong_shadows_on_face: Strong shadows or uneven lighting detected (difference: 80.2); face_too_small_in_frame: Face occupies only 42.5% of frame (min: 50.0%)

# 2D Landmarks (index x y)
0 307.2835 614.2626
1 308.2750 550.0872
2 307.2471 572.7888
3 291.2216 485.6318
4 308.3191 528.9517
5 308.0467 502.9009
6 307.1608 443.0782
7 167.2051 444.1409
8 306.9655 399.4721
9 307.1515 373.3740
10 306.8694 279.6629
11 307.2237 624.5685
12 307.0903 633.0226
13 306.9564 637.0162
14 307.7890 644.8677
15 307.8755 653.4871
16 307.8734 664.5906
17 307.7941 676.6434
18 307.4664 695.4041
19 307.9309 561.4169
20 290.2260 561.1269
21 100.6905 377.5213
22 221.6161 461.1156
23 202.6255 462.6577
24 184.6581 461.7151
25 160.3599 452.1883
26 238.0689 456.0050
27 198.4904 414.3524
28 218.2957 415.5084
29 179.6241 416.8657
30 166.6345 423.0880
31 145.1083 465.2732
32 234.8834 726.7095
33 161.0431 439.8738
34 91.6181 461.4308
35 124.2043 453.4138
36 210.4385 539.5352
37 283.6114 611.4456
38 287.0007 633.2547
39 259.1358 619.8043
40 243.6646 630.6663
41 269.6101 635.7351
42 256.1164 639.8353
43 220.4899 665.3626
44 292.0586 549.7763
45 289.6020 529.5074
46 135.5834 402.2528
47 248.3437 490.3497
48 245.4885 547.6531
49 244.0050 537.3970
50 153.1224 539.6194
51 290.4352 505.3676
52 181.6915 380.3849
53 154.3736 387.3238
54 118.6890 339.9408
55 266.5326 395.8437
56 235.8293 421.1901
57 206.1833 646.5716
58 112.4248 646.1660
59 260.0020 558.9672
60 276.7640 564.6097
61 227.4942 647.2235
62 236.4657 645.4847
63 143.5619 374.5223
64 244.8540 557.2215
65 218.3445 381.9332
66 214.8798 365.1320
67 195.8243 289.9267
68 131.6760 355.9900
69 207.3523 325.2497
70 124.2575 394.5383
71 112.6971 386.5328
72 284.9099 623.7536
73 264.9295 629.4013
74 249.8950 635.5599
75 265.2160 562.4658
76 232.2179 646.7732
77 239.9393 649.4556
78 238.4586 644.2606
79 270.7612 551.0358
80 259.8747 639.0189
81 273.4035 637.4404
82 289.3439 636.9538
83 281.9201 695.3583
84 283.7855 675.3653
85 285.1802 662.7196
86 286.8743 651.5742
87 288.5771 644.5054
88 257.3179 644.7827
89 254.3928 647.2508
90 249.9835 652.9470
91 246.0199 660.2794
92 227.5182 609.1010
93 91.3635 551.7331
94 307.6286 566.2343
95 248.4689 645.3165
96 244.5296 646.4863
97 283.3536 573.1539
98 252.2793 569.5382
99 280.1973 569.0342
100 227.7450 502.4953
101 196.8598 515.8181
102 240.7957 546.9365
103 148.6556 310.0194
104 161.4877 334.6279
105 174.7475 364.1337
106 236.2553 676.7243
107 260.4004 369.2754
108 254.2463 323.6829
109 247.0383 281.0406
110 169.1079 458.5948
111 125.1561 479.9615
112 248.8559 450.5857
113 144.6647 428.3622
114 262.2785 476.6165
115 257.8450 539.0389
116 105.5870 494.6830
117 138.0670 492.8151
118 162.9107 498.9088
119 199.3026 495.2796
120 226.2296 486.8770
121 246.9629 477.0451
122 288.5648 448.6554
123 109.1563 535.6707
124 128.7961 426.0654
125 298.4121 560.5149
126 250.3157 508.6335
127 86.8361 464.4535
128 262.2669 465.5168
129 239.1973 549.1413
130 154.7818 441.7521
131 256.8343 526.8133
132 98.0474 598.1665
133 249.0364 443.1431
134 273.2692 513.7560
135 154.0538 686.2533
136 155.2441 709.7054
137 91.9253 544.1263
138 130.4079 661.1817
139 101.8883 421.3361
140 231.1604 746.3066
141 300.1621 565.4106
142 232.8728 523.8831
143 108.4962 458.2423
144 185.6199 449.5399
145 202.0723 451.3296
146 235.0511 653.9344
147 114.0400 575.1713
148 266.5976 772.2799
149 208.3984 749.2717
150 183.7728 733.4063
151 307.0433 325.0710
152 307.0897 775.5578
153 218.2796 450.4274
154 233.5144 447.4054
155 243.6412 445.3793
156 115.6757 423.3630
157 232.9232 430.9580
158 216.7739 426.4652
159 200.6455 425.2343
160 183.9416 427.9851
161 173.0367 432.8472
162 90.9791 416.6026
163 174.5956 446.8159
164 307.3451 585.6772
165 244.4693 596.5128
166 259.5879 555.4344
167 280.9687 587.8039
168 306.8742 421.4103
169 179.0601 710.5098
170 203.8680 728.6759
171 265.4428 758.6554
172 132.5108 683.2285
173 244.2335 437.8270
174 275.8241 479.2042
175 307.5322 761.2678
176 235.3387 762.6064
177 99.0868 587.1194
178 271.5288 644.1569
179 268.6014 649.2930
180 265.3571 657.8536
181 262.7399 668.9868
182 256.4374 687.3611
183 244.3050 643.2085
184 238.2515 641.9283
185 232.4276 639.2273
186 213.3495 626.4510
187 139.6009 583.3151
188 275.7798 461.2128
189 264.9837 428.7519
190 252.6872 432.9110
191 248.4868 640.6464
192 138.4608 631.7115
193 282.1176 425.6504
194 244.8038 706.9821
195 307.7585 482.1847
196 289.4740 467.9248
197 307.4682 463.1676
198 262.1580 510.6399
199 307.6654 741.1713
200 307.5508 716.8192
201 274.9469 716.4060
202 201.4543 673.2960
203 224.2842 565.3908
204 221.0636 693.1100
205 181.1044 563.1717
206 207.3072 585.0429
207 165.5301 596.2132
208 268.1325 739.5956
209 250.3339 523.0183
210 184.8903 688.1104
211 209.5746 708.7653
212 186.3832 649.0395
213 119.9995 608.9170
214 162.6264 652.1864
215 110.1589 626.3067
216 192.7154 612.2144
217 263.4289 493.7149
218 264.4632 547.7417
219 251.4461 554.0354
220 272.8729 533.1839
221 249.8057 413.5453
222 218.8864 403.8736
223 192.0370 401.7371
224 169.3512 404.4616
225 153.0458 412.8470
226 141.4276 447.2441
227 88.6843 502.2624
228 155.5218 473.1299
229 175.0983 477.9548
230 200.1136 477.6965
231 224.3348 473.1871
232 243.6518 466.1958
233 256.9818 458.9753
234 88.5256 508.2831
235 252.0810 559.7647
236 275.9993 495.8965
237 278.4469 547.4632
238 289.2353 557.6426
239 278.5052 551.3281
240 258.0394 565.8708
241 292.5601 559.2476
242 294.2416 564.1402
243 256.0859 444.2523
244 267.5697 447.8180
245 273.9107 449.6559
246 166.4057 436.5613
247 156.1947 430.2972
248 324.0037 486.0405
249 443.5811 446.9764
250 324.6885 561.4011
251 506.8527 382.8167
252 389.7074 462.9680
253 408.7449 464.8478
254 426.5111 464.1034
255 449.9001 455.1401
256 373.3348 457.5426
257 413.0769 416.5110
258 393.3580 417.3155
259 431.7098 419.4069
260 444.2797 425.9011
261 464.5560 468.6329
262 378.7309 727.5648
263 449.4503 442.8631
264 514.8043 466.3624
265 484.6768 457.1937
266 401.4275 541.1049
267 330.7140 611.3118
268 326.9129 633.1023
269 354.6674 619.6740
270 369.2249 630.3580
271 343.9506 635.6077
272 356.9333 639.4599
273 391.6881 665.7020
274 324.1904 549.9637
275 326.6908 529.7750
276 475.3304 405.7302
277 363.8481 491.4204
278 367.8662 548.3957
279 368.9019 538.1511
280 457.2720 542.1535
281 325.4823 505.6712
282 431.1489 382.7657
283 457.5523 390.4115
284 490.6516 344.8282
285 347.2868 396.5175
286 375.8611 422.6846
287 405.4308 646.9899
288 491.3022 649.2607
289 353.6370 559.4129
290 337.2420 564.9742
291 384.5485 647.0548
292 375.8856 645.0922
293 468.2736 377.9547
294 368.1277 558.0229
295 395.0439 383.5734
296 398.8304 366.7801
297 416.4137 292.7453
298 479.1709 360.0623
299 405.9098 327.5234
300 486.2391 398.4404
301 496.6389 391.1904
302 329.3082 623.6690
303 348.7828 629.0881
304 363.1329 635.2014
305 348.3768 562.9361
306 379.9675 646.3310
307 373.1439 649.3050
308 373.7135 643.9045
309 344.0381 551.3055
310 352.8466 638.6464
311 339.6609 637.2018
312 324.1799 636.7175
313 332.7140 695.4904
314 331.4064 675.3697
315 330.2983 662.7348
316 328.5220 651.6778
317 326.6653 644.5486
318 356.5315 644.6193
319 359.4777 647.1940
320 363.8281 652.9827
321 367.7010 660.3451
322 385.2054 609.5353
323 511.6107 556.1806
324 364.6604 645.2037
325 368.5761 646.3386
326 330.9353 573.3265
327 360.5898 570.2648
328 333.8607 569.3385
329 384.0975 503.9651
330 414.6898 517.7642
331 371.7793 547.7082
332 462.0991 314.0699
333 450.6139 337.8617
334 438.0950 366.6661
335 376.8087 677.0468
336 353.8343 370.2358
337 359.6736 324.9233
338 366.3673 282.6084
339 441.5054 461.4031
340 483.7943 483.6758
341 362.7752 451.8674
342 465.6035 431.7300
343 350.5184 477.4748
344 356.5165 539.6598
345 502.1715 498.8948
346 471.4769 496.0745
347 447.6404 501.6717
348 411.9962 497.3764
349 385.3665 488.4724
350 364.9685 478.2320
351 325.4873 449.0372
352 498.6692 539.2751
353 480.9804 429.7865
354 317.3821 560.6817
355 362.2095 509.5748
356 517.2434 469.7019
357 350.0043 466.4243
358 372.8575 549.9438
359 455.3607 444.9469
360 356.9467 527.3937
361 504.9595 602.1340
362 362.4482 444.4092
363 341.6326 514.2156
364 454.7968 688.3136
365 452.2494 711.9238
366 513.3842 548.2685
367 476.7854 663.8015
368 505.9521 426.1379
369 382.1531 747.1333
370 314.9488 565.5693
371 379.0426 525.0781
372 499.5404 462.5301
373 425.7815 452.1037
374 409.3819 453.5826
375 377.8288 653.8403
376 493.5693 578.3729
377 346.9689 772.8449
378 402.6481 750.6309
379 425.8260 735.1152
380 393.0811 452.3445
381 377.8619 449.0244
382 367.7928 446.7974
383 493.6270 427.4719
384 378.5864 432.5822
385 394.7289 428.4676
386 410.8379 427.5875
387 427.2870 430.6151
388 437.9490 435.5520
389 514.9409 422.0081
390 436.4977 449.6245
391 368.7466 596.9437
392 354.3114 555.8870
393 333.3087 587.9377
394 431.1591 712.2903
395 407.7982 730.0559
396 348.9434 759.2604
397 472.9290 685.9508
398 367.2943 439.1554
399 338.1147 479.8344
400 377.2273 763.5534
401 506.2049 590.6622
402 343.1776 644.1887
403 346.2163 649.2399
404 349.3838 657.9201
405 351.9534 669.1033
406 357.5359 687.6609
407 368.1655 642.7564
408 374.1108 641.6302
409 379.8407 638.9836
410 398.7133 626.8572
411 469.6808 585.7639
412 337.6286 461.8484
413 347.3504 429.5334
414 358.9767 434.0922
415 363.8678 640.2554
416 470.0472 634.0054
417 331.1534 426.1407
418 368.7841 707.5653
419 325.0686 468.2616
420 351.2318 511.2634
421 339.6522 716.6291
422 409.9986 674.3006
423 387.7436 566.4412
424 391.2674 693.9904
425 430.3412 564.9823
426 404.6914 586.2748
427 445.1843 598.0359
428 346.5333 740.0152
429 362.2979 523.8293
430 425.9834 689.6198
431 402.6772 709.9061
432 424.6705 650.0648
433 487.4668 611.7581
434 447.3226 653.9167
435 495.7499 629.4332
436 418.7450 613.3739
437 349.7564 494.4430
438 350.2748 548.1576
439 362.2241 554.5952
440 342.5976 533.7159
441 362.7072 414.6371
442 393.5356 405.4387
443 420.2399 403.9485
444 442.4890 407.2794
445 458.0911 416.0956
446 468.2832 450.6255
447 517.0181 507.0717
448 454.7997 476.1225
449 435.7172 480.5118
450 411.1045 479.8580
451 387.0441 474.8484
452 368.0758 467.5326
453 354.9616 460.0320
454 514.5334 513.1661
455 361.1475 560.3901
456 338.4321 496.3791
457 337.2877 547.7479
458 326.0760 557.8717
459 336.7211 551.5714
460 355.2040 566.5201
461 323.1186 559.4182
462 320.8091 564.3617
463 355.6978 445.3622
464 344.6179 448.6482
465 338.8948 450.4040
466 444.3002 439.4216
467 454.2820 433.3303
