# Image: /home/yaroslav/Projects/Diia.AIContest-AdAstrum/fixtures/FLUXSynID-processed/008860a08ba5/008860a08ba5_m_live_0_p_d1.jpg
# Mode: stream
# Status: fail
# Errors: strong_shadows_on_face: Strong shadows or uneven lighting detected (difference: 86.5); face_too_small_in_frame: Face occupies only 40.4% of frame (min: 50.0%)

# 2D Landmarks (index x y)
0 302.8335 611.1235
1 305.1379 549.2222
2 302.8297 569.5745
3 289.0297 485.5653
4 305.8655 529.0980
5 305.9526 503.4042
6 305.1911 444.0321
7 166.3766 441.2322
8 305.8094 395.6437
9 306.6231 369.9617
10 307.2253 294.2522
11 302.5767 620.8080
12 301.9897 628.4989
13 301.2634 631.9025
14 301.3685 637.8840
15 301.3999 646.5252
16 301.1019 657.4191
17 300.3084 668.8620
18 298.2674 686.5544
19 304.1440 559.7859
20 285.6991 558.2446
21 104.6771 375.7119
22 220.3037 457.6682
23 201.7819 458.9373
24 184.0676 457.8056
25 159.7138 447.9049
26 236.2793 452.9043
27 197.0314 410.3596
28 216.3377 412.1800
29 178.3913 412.4987
30 165.5804 418.7529
31 145.8799 459.4860
32 224.0658 711.7741
33 159.8905 436.7989
34 95.1949 452.5867
35 126.2204 445.9528
36 207.1161 532.7749
37 278.6966 607.4188
38 281.3627 627.7740
39 253.5360 613.5685
40 237.6040 621.7027
41 263.4272 628.7772
42 249.5656 631.1116
43 212.0332 651.2756
44 288.7401 548.2374
45 286.9962 528.8365
46 136.6240 393.2330
47 245.3725 487.1298
48 241.9198 543.3189
49 240.4256 533.2853
50 152.2725 529.6732
51 288.0863 505.1438
52 179.7137 370.5468
53 154.1541 377.9799
54 122.2675 341.8127
55 263.5264 388.4770
56 233.4633 418.5247
57 198.6457 632.6897
58 109.0913 623.2909
59 255.7311 554.3878
60 271.8377 560.5505
61 219.6367 634.5921
62 228.6243 633.6007
63 143.8917 365.3065
64 240.7340 552.1551
65 215.0312 372.2600
66 212.0697 356.7207
67 198.1720 299.0610
68 133.2132 353.3575
69 207.0666 327.4651
70 126.1933 385.5592
71 115.5726 381.8083
72 279.7758 619.0199
73 259.1149 622.7902
74 243.7327 626.7264
75 260.6246 557.9033
76 224.3826 634.4736
77 232.1044 638.1568
78 230.6554 632.4485
79 267.0230 547.8361
80 253.2067 630.2313
81 266.9428 630.2827
82 283.2045 630.8991
83 272.2676 685.0505
84 275.5898 666.5776
85 277.7012 654.6125
86 279.7726 643.8789
87 281.6315 636.8138
88 249.6737 634.8871
89 246.6215 637.4351
90 242.0775 642.8177
91 237.7694 649.4992
92 221.3770 600.0863
93 92.7819 534.7693
94 303.4432 563.9450
95 240.5829 634.5506
96 236.7714 635.5960
97 278.3067 569.1769
98 247.1178 564.0097
99 275.1819 565.0769
100 225.0928 497.8273
101 194.9013 509.3792
102 236.8433 542.0060
103 151.4327 315.2600
104 161.5998 333.9649
105 172.9496 355.4865
106 227.1396 664.0111
107 258.3331 362.9951
108 254.2422 329.4425
109 248.7430 293.4233
110 168.5265 454.4200
111 127.1601 472.3004
112 246.4200 447.6755
113 145.1267 422.5005
114 259.2408 474.6213
115 254.6498 535.9638
116 108.3300 485.0869
117 139.3227 485.0483
118 162.7432 491.8665
119 197.7414 489.6895
120 223.9742 482.5900
121 244.3179 473.9230
122 286.4955 448.6506
123 110.5920 523.2600
124 130.5272 418.2429
125 294.5358 558.5231
126 246.9471 505.0067
127 90.4086 454.2841
128 259.4595 463.4668
129 234.7343 543.5630
130 154.1187 437.3092
131 253.5339 523.8433
132 97.3870 577.9888
133 246.1154 440.8574
134 270.5307 512.3029
135 146.6228 665.9201
136 146.8137 686.8869
137 93.6498 529.2650
138 125.5581 640.5061
139 105.4608 415.1413
140 219.0007 730.4025
141 295.8315 562.8486
142 229.3390 518.8088
143 111.5692 449.7726
144 185.1093 446.7012
145 201.4187 448.4788
146 226.9742 641.9018
147 113.5967 559.9640
148 252.5605 757.5095
149 196.0284 729.9510
150 172.8857 712.0978
151 307.0501 333.2138
152 292.8484 762.4303
153 217.2391 447.7552
154 231.8343 444.7884
155 241.2275 442.7314
156 118.3193 414.9986
157 230.3484 431.1602
158 214.3714 427.8193
159 198.7006 426.7675
160 182.4989 428.5893
161 171.6812 432.0664
162 94.8842 411.0021
163 174.0500 443.9902
164 302.6839 582.5485
165 238.4329 589.6504
166 255.7260 551.0969
167 275.9277 583.6820
168 305.0310 420.5256
169 169.5856 691.1096
170 192.9935 710.7755
171 252.6748 744.7584
172 126.5787 659.5206
173 241.3907 436.5378
174 273.0857 478.2617
175 294.4039 749.3627
176 221.7483 745.7623
177 98.8384 569.3880
178 264.1949 635.4567
179 261.0892 640.4420
180 257.5737 648.7274
181 254.3248 659.2431
182 246.8324 675.9140
183 237.3042 632.5149
184 231.4392 630.9639
185 225.7218 627.9666
186 206.8219 614.8061
187 137.8534 569.4301
188 273.1465 460.3842
189 262.3075 426.2708
190 250.0665 430.7108
191 241.4457 630.2444
192 134.2712 614.1996
193 279.8197 423.5252
194 234.8853 693.3414
195 305.7101 482.8727
196 287.2766 467.9688
197 305.5064 464.1057
198 258.9688 507.9933
199 295.7673 730.0762
200 297.0826 706.7665
201 264.7041 704.4676
202 193.2682 657.6972
203 219.4689 558.2779
204 211.6344 678.1008
205 178.0971 553.5844
206 202.4913 575.8344
207 161.8748 583.3775
208 256.7209 726.2944
209 246.6409 519.0792
210 176.2705 670.7803
211 199.6982 692.4923
212 179.4381 633.6657
213 117.7027 591.4555
214 156.2872 635.1957
215 107.7317 606.4968
216 187.3100 599.8149
217 260.2628 491.5329
218 261.0031 544.4834
219 247.7779 549.6339
220 269.8919 531.3063
221 246.8692 408.7004
222 216.5095 397.4175
223 190.4968 394.8529
224 168.5608 397.8834
225 153.0811 406.5483
226 142.0144 441.3641
227 91.7540 490.5397
228 155.6699 467.3409
229 174.6916 472.6182
230 198.9537 473.0033
231 222.5728 469.2119
232 241.3760 462.9394
233 254.2968 456.5018
234 91.3098 494.4976
235 247.8934 554.9394
236 273.3464 494.6813
237 275.0052 545.2867
238 284.9977 555.2360
239 274.8211 548.7089
240 253.3021 560.8793
241 288.5926 557.0523
242 289.7788 561.3743
243 253.3476 441.7575
244 264.6953 445.9358
245 271.2381 448.3040
246 165.0435 434.6910
247 155.6089 425.7587
248 321.6427 486.7510
249 434.1835 451.8553
250 320.9799 559.4019
251 490.2168 392.5375
252 382.0699 463.8663
253 399.8872 466.5198
254 416.8677 466.7014
255 439.5939 458.8898
256 367.0641 458.0282
257 407.2918 419.7993
258 388.5891 420.0449
259 424.8464 423.2514
260 436.4045 430.4350
261 451.7193 471.4825
262 364.5607 715.9297
263 440.2205 448.1204
264 494.5409 468.7672
265 469.9481 459.7720
266 393.7066 539.0805
267 326.2754 608.3801
268 321.7848 628.6716
269 349.3083 615.2576
270 362.7593 624.1017
271 338.3768 630.2803
272 350.4330 632.9881
273 381.8841 655.6041
274 320.9521 549.3427
275 324.1047 530.1872
276 465.3215 408.0682
277 358.4162 491.2043
278 362.9109 546.9305
279 364.0917 536.9749
280 444.3951 539.7762
281 323.0947 506.4118
282 427.8027 382.8600
283 450.7344 392.0094
284 477.8839 357.6278
285 347.4652 392.7963
286 371.7068 424.9168
287 395.8628 637.7563
288 465.1760 635.6731
289 348.8475 556.9842
290 333.1274 562.2677
291 376.5748 637.9446
292 367.9570 636.3335
293 460.8226 380.5675
294 362.7134 555.6695
295 394.7044 381.3964
296 398.6192 366.3215
297 411.7049 308.7656
298 469.8052 368.7041
299 403.8345 337.0601
300 474.8098 401.2986
301 482.6778 398.1353
302 324.5209 619.9980
303 343.4416 624.2308
304 356.7846 628.7774
305 343.7551 560.2701
306 372.1408 637.4024
307 365.4060 641.0999
308 365.7758 635.1886
309 339.8247 550.0525
310 346.1603 632.0380
311 333.7633 631.6123
312 318.6245 631.6064
313 323.2225 686.5056
314 324.0107 667.6955
315 323.6381 655.6695
316 322.1880 644.8780
317 320.2713 637.7080
318 349.2594 637.0572
319 352.2503 639.7689
320 356.4145 645.4552
321 359.9013 652.4015
322 378.2650 604.1635
323 485.2694 549.8283
324 356.8275 637.0659
325 360.9570 638.2298
326 326.6011 570.3485
327 355.3323 566.9755
328 329.6618 566.5819
329 377.1522 503.3023
330 405.7169 516.8033
331 366.3198 545.8700
332 453.5480 328.9880
333 445.3659 347.4666
334 434.9556 368.5042
335 367.0278 667.5756
336 354.1671 368.1675
337 358.8130 334.4420
338 364.3438 298.6036
339 431.3545 464.5277
340 468.2712 485.4254
341 357.7989 452.1638
342 454.9140 435.6608
343 346.1447 477.8579
344 352.3124 539.0264
345 483.8473 499.3888
346 457.4393 496.8372
347 435.9808 501.8846
348 403.0464 497.2125
349 378.1331 488.3014
350 359.1906 478.2908
351 322.9262 450.1694
352 479.9660 536.5035
353 468.5106 432.5022
354 313.6945 559.2470
355 357.1131 508.8282
356 494.2826 470.8892
357 345.5241 466.8007
358 367.1110 547.5539
359 445.3404 449.2262
360 352.8589 526.9487
361 478.3073 592.0004
362 358.0989 445.4653
363 338.5132 514.5240
364 435.2240 675.1275
365 430.3306 696.0518
366 490.4587 543.9847
367 454.9855 651.3956
368 488.7087 431.3480
369 366.9387 734.8074
370 310.9271 563.3285
371 372.7467 523.6583
372 482.4603 464.8582
373 416.7001 455.6922
374 400.7944 456.2099
375 369.8381 645.0586
376 474.2312 572.4317
377 332.0579 760.0839
378 384.9855 735.7710
379 406.3295 719.4055
380 385.5536 454.1998
381 371.6639 450.2799
382 362.7594 447.6819
383 479.2423 430.3716
384 373.3193 437.3493
385 388.4511 435.4026
386 403.6830 435.4072
387 419.3620 438.3294
388 429.6232 442.5358
389 495.1268 428.0446
390 427.0893 453.9313
391 362.9783 592.7292
392 349.5969 553.8603
393 328.5979 584.9518
394 413.2612 698.6190
395 391.0951 716.8464
396 334.9433 747.3194
397 448.4469 670.3963
398 362.8618 441.6173
399 334.9145 480.6539
400 361.3428 750.0391
401 482.7800 582.9419
402 336.4429 637.1268
403 339.4291 642.2114
404 342.3329 650.6812
405 344.4058 661.4341
406 347.9727 678.6575
407 360.8724 634.8655
408 366.8555 633.6122
409 372.4975 630.9346
410 390.4603 619.5407
411 453.7923 579.9876
412 334.2851 462.7785
413 344.4378 429.9031
414 355.0207 435.3084
415 356.6021 632.5097
416 451.9163 624.5023
417 329.0932 425.7441
418 356.4375 696.7052
419 322.6700 469.3646
420 347.0622 510.9565
421 328.1314 706.2219
422 397.5275 663.3629
423 380.9975 563.0820
424 378.7349 682.7556
425 420.0727 561.7005
426 396.4799 581.7966
427 432.5054 592.1052
428 333.5994 728.6251
429 357.4526 522.7409
430 410.6493 677.7733
431 387.8897 697.9990
432 412.4140 640.3407
433 467.5662 603.2313
434 431.8828 643.7522
435 472.3194 618.9901
436 408.6550 606.4770
437 345.6109 494.6154
438 346.0572 547.1424
439 357.3164 552.8377
440 339.3753 533.7578
441 360.7305 414.0055
442 390.5547 405.4981
443 415.5923 405.2124
444 435.8657 409.7881
445 449.2617 419.5576
446 456.0063 454.1022
447 494.8736 506.3359
448 442.7830 478.3457
449 425.0687 482.0457
450 402.0473 480.6396
451 379.4864 475.1364
452 361.9818 467.5482
453 350.0401 460.2644
454 489.4195 510.3608
455 356.0586 558.0234
456 335.2867 496.8973
457 333.7870 547.2153
458 322.4565 556.4885
459 332.9804 550.4818
460 350.1473 563.5805
461 319.4682 558.1382
462 316.9208 562.2727
463 351.5679 445.8987
464 340.7906 449.0591
465 335.4059 451.0205
466 435.6754 445.6710
467 445.1029 437.8982
