# Image: /home/yaroslav/Projects/Diia.AIContest-AdAstrum/fixtures/FLUXSynID-processed/00702d3d8375/00702d3d8375_m_live_0_e_d1.jpg
# Mode: stream
# Status: fail
# Errors: image_blurry_or_out_of_focus: Image is blurry (sharpness score: 35.51); strong_shadows_on_face: Strong shadows or uneven lighting detected (difference: 35.2); face_not_looking_straight_at_camera: Head is turned 172.8째 (max: 15.0째); head_is_tilted: Head is tilted 14.1째 (max: 10.0째)

# 2D Landmarks (index x y)
0 268.0471 528.4501
1 270.3584 450.5721
2 273.0414 478.1778
3 266.6221 380.7113
4 272.5034 427.5797
5 277.5317 399.9390
6 291.8196 336.9860
7 167.7000 326.0313
8 298.3763 293.7593
9 301.1603 266.8302
10 316.1710 166.7545
11 267.1914 539.4894
12 267.2994 547.7436
13 268.2671 551.1961
14 268.3093 552.7713
15 267.1981 560.2642
16 266.0549 570.5453
17 264.9665 582.8479
18 264.0019 608.0230
19 270.6604 463.7028
20 256.2484 463.2600
21 119.4709 257.6627
22 217.9218 350.0317
23 199.0461 349.8111
24 181.6912 347.6784
25 160.7324 335.1739
26 234.3731 346.1386
27 199.5713 296.3826
28 219.0599 299.5462
29 181.0307 298.0166
30 168.4159 304.1541
31 143.8268 350.1108
32 187.1933 641.7138
33 162.3971 320.7597
34 97.6776 346.2968
35 126.1596 337.3741
36 189.4286 435.5374
37 244.9377 522.9913
38 247.1662 545.7716
39 220.6572 528.8378
40 204.8396 537.7605
41 230.0802 546.1910
42 216.3245 548.3442
43 179.8041 570.7884
44 255.0129 449.1205
45 254.5847 426.9526
46 142.0088 284.1112
47 234.7413 384.3518
48 217.5723 445.3118
49 218.8445 434.3161
50 135.7796 431.3540
51 260.5538 401.3672
52 185.8603 264.0452
53 160.1337 269.4852
54 139.2265 218.8395
55 262.6101 287.2453
56 235.8355 307.4328
57 166.8203 550.0366
58 89.7839 554.4759
59 230.4630 459.1165
60 245.0484 466.8132
61 186.9222 551.2908
62 195.8489 550.4597
63 152.3437 256.2388
64 216.9300 456.0752
65 219.5996 268.8061
66 217.4328 251.2086
67 212.5525 171.0238
68 146.0211 236.2083
69 216.6190 208.4565
70 133.2457 276.1808
71 126.1225 267.5052
72 245.1862 536.3460
73 225.8290 539.5516
74 210.6241 543.4097
75 235.1005 463.7017
76 191.4150 551.1644
77 199.5182 553.6306
78 198.4858 549.8974
79 239.1136 450.5146
80 220.6898 547.7936
81 234.5527 547.7970
82 250.4033 549.2728
83 238.3750 606.0697
84 241.6834 580.0128
85 243.9993 566.8727
86 246.5315 556.9580
87 249.0708 550.9511
88 217.3639 549.9376
89 214.3875 551.9148
90 209.9763 556.8455
91 205.6361 564.2001
92 191.8075 512.9071
93 88.4878 447.9862
94 272.0335 469.9652
95 208.3853 550.6948
96 204.2863 551.1248
97 249.9415 477.0324
98 222.8819 470.7463
99 247.5244 472.1733
100 214.0718 396.1732
101 181.8783 408.3878
102 215.5757 444.7428
103 168.8138 189.1114
104 175.0622 215.4530
105 181.3395 247.3531
106 194.6288 584.1110
107 258.6310 259.2187
108 259.4270 209.6603
109 259.7612 164.6993
110 167.6524 343.0675
111 122.1281 365.6169
112 245.1350 341.1185
113 148.1265 310.6186
114 248.8933 370.3674
115 228.3982 436.3475
116 101.5143 381.2891
117 131.6548 379.6693
118 153.7087 387.7098
119 189.3651 386.1119
120 216.6590 378.9546
121 237.2713 369.7459
122 274.1219 341.7878
123 96.7859 425.5882
124 133.6841 308.8432
125 261.6100 462.0272
126 232.1839 404.3483
127 98.1000 351.3940
128 252.6722 358.6610
129 215.2586 447.5563
130 157.0569 323.6021
131 230.6848 423.2878
132 85.6333 500.4608
133 246.6409 333.1342
134 245.3257 409.7297
135 114.2404 596.1645
136 116.2841 625.4698
137 82.7969 436.5120
138 96.2411 568.2251
139 112.3377 303.9067
140 181.0029 664.7714
141 264.8260 468.5566
142 214.1927 419.9773
143 111.3154 342.6749
144 184.3114 333.8652
145 200.0977 337.2952
146 194.7115 558.0597
147 94.1648 469.7190
148 214.7779 698.4875
149 161.4414 669.9415
150 139.8033 652.0096
151 308.7025 214.2878
152 256.0687 707.0300
153 216.0666 337.8948
154 231.4863 336.2618
155 241.5226 335.0416
156 122.5622 306.1341
157 232.3964 315.8941
158 217.0498 308.0617
159 200.8228 304.7575
160 183.9791 306.9254
161 173.2360 312.2656
162 106.6420 299.2069
163 174.1603 329.9664
164 271.8975 494.3665
165 210.2159 500.6944
166 229.9956 455.0971
167 245.8114 494.7309
168 296.3738 315.6781
169 135.6327 623.6314
170 157.3295 644.3680
171 213.0685 680.6464
172 100.7837 595.9999
173 242.4373 326.0228
174 257.0779 373.6121
175 255.5663 687.7469
176 185.0825 685.6301
177 81.4071 484.7108
178 231.7739 549.6368
179 228.4219 553.9317
180 224.9898 561.5379
181 221.4257 572.8893
182 213.6341 596.1017
183 203.8742 549.7949
184 198.1117 547.8776
185 192.7837 544.5686
186 175.5927 529.6503
187 114.9915 479.1170
188 262.2237 354.7180
189 261.4999 319.8130
190 250.4236 322.3061
191 208.8975 547.8746
192 106.4793 533.7118
193 274.2981 318.3480
194 200.0503 619.2628
195 282.5958 378.1628
196 269.7077 361.8620
197 287.1179 357.9900
198 240.2464 406.7523
199 257.2778 662.8846
200 260.8164 633.4550
201 228.3041 630.5960
202 160.8791 580.1261
203 198.2426 464.7999
204 178.3716 603.0446
205 156.5719 459.0471
206 177.8128 485.1823
207 136.1589 494.3648
208 217.7054 657.6896
209 228.9969 419.7680
210 143.5893 596.9776
211 165.1434 620.8031
212 148.0779 552.7568
213 93.9092 508.0058
214 125.5083 556.3689
215 84.3421 529.1184
216 158.9427 513.2126
217 245.2216 388.8247
218 233.1505 446.2130
219 222.1657 452.7787
220 240.4952 430.2841
221 248.7274 302.5280
222 220.0201 289.3343
223 194.1109 284.8805
224 172.2089 286.3954
225 156.8981 294.4595
226 143.5795 330.5864
227 87.5516 390.3796
228 152.2225 358.7930
229 169.7417 365.4453
230 193.9255 366.7672
231 218.0537 363.6597
232 237.3676 357.7910
233 250.5543 351.3209
234 93.9520 399.7965
235 223.0406 459.3598
236 252.6307 391.1562
237 243.8894 446.0918
238 254.4800 458.7402
239 245.2264 450.9474
240 228.2630 466.8908
241 256.5963 460.3917
242 259.5294 466.7053
243 252.5080 335.2001
244 261.5840 340.3417
245 264.9983 342.6787
246 167.1691 316.7529
247 158.8630 311.6826
248 299.1137 383.8660
249 440.2490 351.6412
250 291.0869 466.5535
251 533.8494 295.6304
252 381.3801 364.6442
253 401.0403 368.1809
254 420.4025 369.7087
255 447.8326 362.2229
256 365.1463 357.8685
257 409.5229 315.3322
258 389.1279 314.6914
259 428.7607 320.6386
260 442.0946 329.3644
261 464.1847 380.6422
262 338.6742 661.0085
263 448.1658 347.5985
264 535.9790 389.3594
265 490.0846 372.3023
266 383.4364 454.7528
267 293.5105 527.5369
268 289.6382 549.9712
269 320.5986 538.7665
270 338.9011 550.9357
271 309.9648 554.2564
272 326.7531 559.3138
273 364.0880 590.5999
274 287.1843 452.1162
275 291.6512 430.3896
276 476.1182 315.4452
277 348.9539 395.1275
278 339.5772 457.3770
279 343.0834 446.6637
280 447.5243 462.1925
281 295.4190 404.7437
282 425.4090 285.5747
283 454.8107 296.6958
284 511.8887 251.4658
285 337.5545 293.6269
286 371.0879 319.5117
287 382.5673 572.6860
288 507.7199 603.1869
289 324.1053 468.3661
290 306.6126 472.9532
291 360.4561 568.9747
292 352.5455 566.3435
293 468.4450 285.3091
294 340.9480 468.7934
295 386.6359 283.3158
296 392.1846 266.2922
297 427.5787 188.1620
298 489.6383 266.8393
299 407.9686 224.1204
300 491.3468 309.7362
301 512.4175 303.3267
302 291.4534 540.8192
303 313.9360 548.2683
304 332.2155 555.4138
305 319.0953 472.1459
306 356.2063 567.7645
307 345.6251 568.4450
308 350.9291 565.4893
309 311.3020 456.9979
310 324.6643 558.1365
311 307.4959 555.1792
312 288.3114 552.8068
313 290.9827 611.9264
314 289.9836 584.8395
315 289.8961 571.3914
316 289.7215 561.3175
317 289.3690 555.0487
318 326.9728 561.0323
319 329.0651 563.4294
320 332.0032 569.2629
321 334.8644 577.5975
322 358.7826 529.7355
323 539.1398 495.9942
324 338.6747 564.0886
325 341.7585 565.1185
326 298.6661 482.0039
327 333.4784 482.3551
328 302.4290 477.6766
329 369.2845 410.9125
330 400.6844 429.3675
331 346.7833 458.0479
332 478.0048 214.8444
333 456.3573 239.7475
334 434.6212 269.6001
335 344.3297 600.7316
336 346.3646 266.5324
337 360.7260 217.7696
338 375.6436 173.8260
339 437.4016 368.3393
340 485.7506 400.7135
341 354.9516 351.2036
342 466.2471 340.5506
343 335.7426 378.5379
344 325.7486 445.6257
345 509.3639 421.5589
346 468.2833 411.8797
347 439.3015 414.9234
348 400.5141 405.9673
349 373.1193 393.4780
350 352.9003 380.5149
351 310.4781 345.0669
352 502.2376 466.6525
353 485.0378 342.0645
354 280.6078 463.7757
355 343.6999 415.1611
356 549.2904 396.1533
357 338.1602 366.4996
358 350.1059 461.3026
359 454.6669 351.6448
360 329.5060 432.8276
361 528.3952 549.7185
362 356.4870 343.2655
363 312.7017 416.1864
364 444.6538 636.0984
365 445.5790 667.4478
366 530.0638 483.4142
367 477.2446 612.9976
368 525.5176 343.1363
369 341.8277 686.1746
370 279.6824 469.8551
371 360.7681 434.4411
372 509.9424 381.2931
373 419.4304 355.4329
374 402.2119 355.4644
375 349.8754 573.9400
376 496.1102 512.2497
377 299.9478 710.4819
378 372.0022 698.6593
379 405.6575 687.2386
380 385.9081 352.8784
381 370.8804 348.5297
382 361.2449 345.9190
383 502.8013 342.1690
384 374.5545 329.0844
385 391.8295 324.3080
386 408.4120 324.1879
387 425.5440 329.3565
388 436.3056 336.8360
389 545.7383 341.0850
390 431.6632 353.8414
391 339.9657 513.8993
392 324.0326 464.0339
393 299.4211 499.8593
394 409.7440 658.0590
395 377.1430 673.2767
396 300.7179 692.4648
397 478.4351 642.0750
398 361.9777 337.2480
399 318.5951 379.4514
400 337.2664 706.7714
401 520.5178 532.6779
402 309.3918 557.5104
403 311.2942 562.1789
404 312.7347 570.4222
405 313.8937 582.4822
406 320.0206 608.1912
407 342.4175 563.7101
408 347.5864 562.8031
409 353.4744 560.5949
410 374.6150 550.0589
411 462.9750 515.4975
412 322.8283 360.3086
413 339.8556 326.7753
414 353.0946 331.6447
415 339.3438 560.9847
416 464.7825 573.4485
417 321.1845 322.4165
418 330.3169 635.1590
419 304.9468 365.1747
420 327.9800 415.0998
421 295.3362 639.0065
422 383.9901 605.2944
423 365.5035 481.7981
424 358.8897 624.3285
425 414.5146 485.1328
426 383.1405 506.1999
427 431.2185 525.3316
428 299.2359 668.0805
429 340.2646 430.6186
430 402.1398 627.6517
431 370.7565 646.4537
432 403.8688 580.4974
433 488.9089 551.2141
434 432.8538 590.9753
435 505.4377 576.8139
436 398.6021 538.1633
437 330.7433 396.8667
438 317.8152 454.0700
439 332.5631 463.5330
440 309.5989 436.8060
441 355.4305 312.1101
442 387.1138 304.1109
443 414.7828 304.4474
444 438.7254 310.6696
445 456.3422 322.2766
446 469.9866 361.5740
447 535.9793 435.9490
448 450.9393 387.0356
449 428.8811 389.6706
450 401.9096 385.9482
451 377.0478 378.1023
452 358.2150 368.8246
453 345.2719 359.8628
454 544.8537 446.0782
455 332.4478 470.4024
456 314.2010 397.0363
457 302.1496 451.5349
458 291.3204 462.1750
459 302.6201 456.2458
460 326.9253 477.2602
461 287.1692 463.2073
462 286.2744 469.4054
463 348.6065 343.9658
464 335.6803 347.0055
465 327.8893 348.3776
466 442.6828 342.4415
467 453.2325 339.2181
