# Image: /home/yaroslav/Projects/Diia.AIContest-AdAstrum/fixtures/FLUXSynID-processed/0069735d8477/0069735d8477_m_live_0_p_d1.jpg
# Mode: stream
# Status: fail
# Errors: strong_shadows_on_face: Strong shadows or uneven lighting detected (difference: 47.3)

# 2D Landmarks (index x y)
0 293.8887 583.2001
1 282.8062 501.4106
2 291.1389 529.8410
3 266.9452 428.1859
4 280.9910 476.7110
5 281.7407 446.6756
6 287.1312 378.6075
7 156.2775 390.5295
8 287.2421 328.2665
9 285.7619 299.5070
10 285.0947 206.0118
11 294.8355 594.8339
12 296.4770 604.1690
13 298.1739 608.6735
14 298.3281 614.1141
15 298.3414 623.4010
16 298.7611 635.6160
17 299.8856 649.6502
18 303.7581 675.8007
19 285.5117 515.1933
20 269.9828 516.9611
21 99.3029 330.2464
22 212.2025 405.0739
23 192.6176 408.5322
24 174.3009 409.4937
25 151.3375 400.8961
26 228.7137 397.8248
27 182.6678 352.2885
28 203.7194 351.9027
29 163.9159 357.4681
30 152.1921 366.4322
31 137.3203 418.7942
32 228.9892 720.3652
33 150.0396 386.1661
34 92.2052 422.4240
35 117.5295 407.2522
36 197.4385 498.6225
37 269.2593 581.6208
38 276.5266 605.8883
39 246.1626 592.3745
40 233.0197 605.3685
41 260.1048 609.6702
42 247.6872 614.9997
43 212.5043 645.2182
44 265.8031 502.3711
45 261.4566 479.0764
46 121.9289 346.8001
47 234.8324 437.6914
48 226.5025 504.7452
49 226.0530 492.8849
50 143.2589 503.7029
51 263.6871 451.0211
52 160.5745 315.7566
53 136.3549 327.1830
54 111.2864 287.4479
55 245.7287 326.0855
56 223.1783 357.1704
57 196.5957 625.4645
58 118.7363 636.3826
59 242.7441 516.9615
60 259.4868 522.5005
61 219.4800 625.1275
62 229.2607 622.3697
63 126.3005 315.0258
64 228.5467 516.3644
65 195.9639 313.8808
66 190.8309 296.4635
67 177.1195 226.8630
68 118.4375 300.2757
69 185.1254 259.7221
70 112.3969 340.3952
71 105.6451 336.3173
72 272.2889 595.6812
73 253.8054 602.8955
74 240.3235 610.4332
75 248.8331 520.9703
76 224.4325 624.2045
77 231.3158 625.6182
78 231.9088 620.6866
79 249.2827 506.3799
80 252.8974 613.8686
81 265.6325 611.1970
82 280.8403 609.7066
83 276.7933 676.4723
84 274.9993 649.5389
85 275.4409 635.1639
86 276.8046 622.8292
87 278.8029 615.0890
88 248.4861 618.4559
89 245.3200 621.6932
90 240.9633 628.0058
91 237.1458 636.5915
92 214.5752 580.5264
93 101.2385 526.8802
94 288.3909 521.4338
95 240.6741 620.2295
96 236.2744 621.9119
97 266.6376 532.4382
98 238.1055 530.7771
99 263.1313 527.7749
100 215.7605 453.7513
101 185.1687 472.1945
102 225.1069 504.5345
103 135.1659 252.0890
104 143.2215 273.7033
105 152.9418 299.7402
106 228.8291 657.5966
107 236.9945 297.9039
108 231.1995 255.0914
109 225.5071 213.1982
110 159.5091 407.4839
111 118.3978 438.0791
112 239.1721 390.6328
113 133.7164 375.8345
114 247.0422 420.5450
115 235.6847 493.3032
116 100.6351 457.4180
117 129.7495 451.3232
118 152.7721 455.8258
119 188.7308 447.8236
120 215.5094 435.3765
121 235.3219 422.0238
122 269.0219 386.4143
123 103.4009 503.8507
124 119.1178 374.9716
125 275.2124 514.8709
126 235.5392 458.9392
127 95.4918 428.2152
128 249.4483 407.7482
129 225.8463 507.5899
130 145.1037 389.3539
131 236.0049 479.1168
132 105.7858 580.7551
133 239.5269 382.1747
134 248.9007 462.2974
135 146.8967 679.7726
136 153.2647 710.0184
137 92.0101 516.3601
138 126.5003 651.4874
139 99.2634 376.5515
140 224.7750 748.0629
141 280.2444 521.1464
142 219.9890 478.4191
143 104.2758 415.1474
144 174.4057 395.2695
145 191.3340 395.7049
146 226.7633 630.7518
147 108.7929 549.0572
148 265.8329 782.2380
149 203.7542 755.3246
150 179.3626 736.9717
151 285.1243 252.0646
152 313.5467 785.1387
153 208.1074 393.1979
154 224.0588 388.4328
155 234.3824 385.1661
156 108.3070 374.5163
157 221.3541 368.8734
158 203.7211 364.7091
159 186.0802 364.7122
160 169.2479 369.6841
161 159.3662 376.5607
162 94.2878 374.3551
163 163.3964 393.1179
164 292.5661 546.4855
165 230.2865 564.2402
166 241.1160 512.7475
167 265.1548 551.3821
168 288.6896 354.0209
169 171.3782 707.0067
170 196.6445 727.8896
171 261.8078 761.0319
172 135.3319 679.2267
173 233.7503 376.1808
174 255.7908 422.4183
175 309.1484 763.3961
176 231.2679 771.1410
177 98.6641 565.8804
178 261.9639 616.2607
179 258.7262 622.1010
180 255.6708 631.4409
181 253.4166 644.4679
182 249.7202 668.7139
183 236.8563 619.3078
184 229.9320 618.3345
185 223.3477 615.6537
186 201.9634 601.6703
187 131.5900 555.7592
188 258.4197 401.8614
189 252.4553 364.8089
190 241.6726 369.9725
191 242.0891 616.1625
192 131.5773 613.9753
193 265.3640 360.4115
194 239.3820 693.9067
195 283.7230 422.8764
196 267.2091 408.0536
197 285.3463 401.2035
198 243.6043 459.8395
199 306.3838 734.8772
200 304.9480 702.6994
201 270.7989 703.0164
202 192.5117 656.6315
203 211.4105 527.9774
204 213.8739 678.9324
205 169.1376 528.3439
206 194.7755 552.4438
207 155.1382 568.5035
208 263.7706 733.4339
209 234.5146 475.6130
210 176.0098 677.2047
211 202.1236 700.6039
212 175.9097 629.6733
213 114.8116 588.5755
214 153.0876 636.2054
215 108.7932 611.4693
216 181.4812 585.6183
217 246.2141 440.2873
218 242.2649 502.8822
219 232.5433 511.6947
220 247.1116 484.8759
221 234.8481 347.5171
222 201.6152 338.4601
223 173.9909 339.0039
224 152.2318 345.0327
225 138.8299 356.8820
226 133.2475 398.0693
227 89.2725 468.6541
228 146.7467 426.3699
229 165.2847 429.9078
230 190.1170 426.8995
231 214.5800 419.1404
232 233.7238 409.4398
233 246.4692 400.3273
234 99.4666 477.6376
235 235.3250 518.6209
236 253.7292 441.3944
237 253.3037 501.0212
238 266.9408 512.5939
239 255.6784 505.8129
240 242.6822 525.6296
241 269.6020 513.9777
242 274.0881 520.1135
243 246.1687 382.9116
244 256.2516 386.7920
245 259.9238 388.6386
246 154.0744 381.7754
247 144.2875 376.0998
248 302.6204 425.9232
249 448.4852 370.2423
250 308.9617 514.4485
251 532.6994 299.0488
252 388.6834 392.0533
253 409.7772 392.8419
254 430.3039 391.5328
255 457.8206 379.6504
256 370.5266 387.3852
257 410.5093 335.8716
258 388.6333 338.5342
259 431.7681 338.1579
260 447.3418 345.1612
261 476.8563 396.0270
262 393.7997 714.6533
263 455.9976 364.7932
264 550.8939 392.5086
265 501.9527 381.6753
266 403.8188 485.4777
267 319.9388 578.0078
268 318.5256 603.1453
269 349.4212 585.5159
270 368.9237 596.0233
271 339.6479 604.3962
272 356.7397 607.6739
273 403.7332 634.5520
274 301.3865 500.0072
275 302.3474 476.1694
276 479.5789 322.3000
277 358.7325 429.3473
278 359.0912 496.0440
279 361.0420 484.3024
280 470.9428 482.8393
281 302.0922 448.5671
282 424.1527 298.0100
283 455.6417 305.4964
284 503.3600 257.7764
285 331.5826 320.3680
286 370.0850 346.6571
287 419.0041 612.4700
288 559.5765 615.7628
289 344.4893 510.2137
290 326.5414 518.2331
291 392.7672 614.0512
292 383.3146 612.4125
293 467.6059 291.7984
294 362.0221 508.0451
295 383.4372 301.1579
296 386.1195 283.0724
297 406.1960 208.1800
298 484.8674 273.7195
299 393.7556 243.8194
300 493.7220 314.2437
301 513.0522 307.5867
302 319.4609 592.4048
303 343.4016 596.9181
304 362.3224 602.1532
305 339.5958 515.0506
306 387.7733 613.5859
307 378.0411 616.1783
308 381.5211 611.1461
309 329.1789 500.7135
310 353.7948 607.1383
311 336.7945 606.4105
312 317.5340 607.0084
313 332.6858 673.7446
314 326.4771 646.5050
315 323.7387 631.9863
316 321.3021 620.1033
317 319.7105 612.5391
318 357.6377 611.3819
319 360.5865 614.1306
320 365.2962 620.1745
321 370.4926 628.4037
322 387.8884 569.5611
323 572.5133 500.1249
324 369.4539 612.0947
325 372.9364 613.1252
326 319.3442 529.2227
327 356.1545 523.7156
328 322.7252 524.0201
329 382.6829 442.5675
330 418.0056 456.6967
331 366.5475 495.6790
332 463.0975 226.3397
333 447.1318 251.3921
334 431.2215 280.5542
335 385.7853 649.3930
336 336.2533 291.0504
337 341.7931 246.4037
338 348.9908 202.8543
339 447.8345 387.4319
340 501.8882 412.8748
341 358.6124 381.9602
342 473.3776 352.5297
343 341.9391 414.1880
344 342.4549 486.1139
345 529.3590 430.0479
346 485.8022 427.6714
347 456.4346 435.5835
348 414.6659 432.4794
349 384.2543 423.6637
350 360.7812 413.4752
351 308.5682 383.6791
352 529.0444 477.7147
353 492.4006 349.7104
354 296.4934 513.4340
355 356.2097 451.0546
356 565.1723 397.9869
357 342.6559 401.2742
358 370.3450 498.6210
359 463.5803 367.1859
360 344.2804 471.9782
361 571.6997 556.5292
362 359.0267 373.6841
363 322.9871 457.4288
364 501.5865 665.1081
365 509.7517 697.3473
366 560.8871 489.0929
367 529.1105 633.2183
368 532.5302 346.9361
369 403.6750 742.8380
370 296.8965 519.9772
371 377.3048 468.3392
372 523.3780 387.5894
373 427.3976 377.1728
374 409.2300 379.6778
375 383.9874 620.8098
376 529.7138 525.0723
377 363.4561 780.1473
378 440.5530 749.1795
379 473.6217 728.0918
380 391.5889 379.3433
381 375.2222 377.0474
382 364.5335 375.5983
383 510.1149 347.1204
384 375.8995 358.0565
385 393.3520 351.4514
386 410.8364 349.0191
387 429.4581 351.3282
388 442.0737 356.6681
389 552.5359 343.1289
390 439.8648 373.7155
391 367.0235 555.8829
392 343.8207 505.7016
393 322.4895 547.5180
394 470.7688 696.0756
395 439.3613 720.4384
396 359.5734 758.4650
397 537.1195 662.7541
398 363.8622 367.2095
399 323.2196 417.9094
400 404.4609 767.1374
401 559.4301 541.0049
402 339.9023 611.2474
403 342.8669 616.5688
404 346.5554 625.8630
405 350.6690 638.6844
406 362.3448 663.2250
407 372.4103 610.3467
408 378.2686 608.4991
409 384.5811 604.7993
410 406.5661 589.0602
411 494.8342 534.5776
412 324.7803 397.3784
413 338.0773 358.9566
414 352.9275 362.0826
415 368.5367 607.9315
416 507.7726 594.4116
417 316.9648 356.9654
418 379.0338 688.3442
419 306.0074 405.4781
420 339.4664 453.5174
421 342.2704 700.3884
422 430.2112 645.0113
423 389.5326 517.1091
424 407.8478 670.5093
425 439.6400 511.7044
426 410.5673 539.2680
427 463.2138 550.6444
428 352.3046 730.5803
429 355.3190 467.8208
430 455.5151 665.3385
431 425.9426 692.2769
432 445.3429 615.0965
433 529.0535 566.3296
434 478.6961 620.1460
435 551.4743 589.3418
436 430.6688 570.9698
437 339.3530 434.0785
438 335.5467 496.4788
439 352.6485 503.7905
440 323.3068 479.7630
441 353.0683 339.5538
442 385.8996 325.6604
443 415.1569 321.7008
444 440.9298 324.5275
445 460.7080 334.2659
446 480.3182 374.4155
447 558.7590 439.8695
448 464.5726 404.7323
449 441.9904 410.9703
450 413.3289 411.1649
451 386.1407 406.7298
452 364.7600 400.0831
453 349.3903 393.0189
454 569.1806 449.1250
455 353.4758 511.1382
456 321.3657 436.9836
457 317.8226 496.7724
458 308.3995 509.8814
459 319.5110 501.5837
460 348.4537 519.3737
461 303.7635 511.7799
462 304.1789 518.2945
463 350.3695 375.4993
464 336.7673 381.2180
465 328.3966 383.9920
466 449.5213 360.9758
467 460.2149 353.9233
