# Image: /home/yaroslav/Projects/Diia.AIContest-AdAstrum/fixtures/FLUXSynID-processed/0069735d8477/0069735d8477_m_live_0_a_d1.jpg
# Mode: stream
# Status: fail
# Errors: image_blurry_or_out_of_focus: Image is blurry (sharpness score: 38.49); face_not_looking_straight_at_camera: Head is turned 177.2째 (max: 15.0째); head_is_tilted: Head is tilted 18.2째 (max: 10.0째); face_too_close_or_cropped: Face occupies 72.3% of frame (max: 70.0%)

# 2D Landmarks (index x y)
0 328.9966 648.8638
1 342.7359 563.7441
2 330.0223 590.9776
3 313.4900 485.4201
4 343.7147 538.2685
5 339.6477 506.5170
6 325.2573 433.5296
7 136.4891 431.7122
8 321.0439 383.4978
9 321.6391 352.6447
10 315.5160 233.9046
11 328.2254 661.3811
12 326.0130 670.9613
13 323.1488 674.6183
14 322.7246 683.5932
15 323.6904 693.8310
16 323.9197 707.1123
17 322.7283 721.8761
18 317.6859 746.2334
19 338.9420 577.3151
20 310.1363 577.2304
21 27.7902 348.3693
22 207.6645 452.7471
23 183.7098 454.9425
24 159.8729 454.0488
25 125.6151 441.2550
26 227.8828 446.5581
27 178.6078 393.7953
28 204.0468 395.4406
29 153.5798 397.0771
30 135.5735 404.9951
31 105.3174 458.5450
32 221.8438 788.4888
33 126.7200 425.7397
34 17.0635 453.8695
35 74.6658 444.5713
36 196.2870 550.4332
37 297.5135 644.9002
38 297.7574 671.0009
39 261.3873 653.9570
40 236.2675 665.0685
41 271.2349 673.1539
42 249.5373 676.4682
43 198.7207 706.1793
44 321.7649 563.3435
45 319.5745 539.0454
46 97.2173 382.7887
47 244.4406 489.3806
48 250.0056 559.9077
49 246.2367 547.3135
50 118.2792 550.4122
51 317.2207 509.4900
52 164.0878 357.1451
53 126.0306 365.0988
54 60.6566 302.7287
55 272.1729 378.3560
56 225.4450 402.7405
57 179.8124 682.5282
58 24.2269 688.0800
59 266.9266 573.5098
60 288.1929 581.1350
61 205.2589 682.4919
62 215.6213 680.9130
63 110.5325 349.4200
64 245.5539 571.4024
65 212.5990 360.3653
66 208.8722 339.8330
67 175.0760 243.3495
68 87.2093 324.7639
69 195.5923 288.6174
70 79.2963 373.0708
71 54.4252 361.5706
72 297.7037 660.1249
73 267.6694 665.6932
74 243.6580 671.1382
75 272.3763 578.1738
76 210.8824 681.9622
77 223.7072 686.6647
78 217.7539 679.7973
79 286.7849 564.4447
80 251.8095 675.0100
81 273.5483 674.3120
82 297.7224 674.0451
83 284.5047 746.4365
84 290.9480 720.6023
85 293.8177 705.1708
86 295.5131 691.5898
87 296.5857 683.2033
88 248.7944 682.3180
89 245.7802 685.3749
90 240.6078 692.2110
91 235.5794 701.1086
92 215.6716 637.9196
93 -2.2084 567.1519
94 334.5783 583.2260
95 233.7254 682.0744
96 229.4618 683.2719
97 297.1301 591.8710
98 251.9360 586.8320
99 293.0602 586.7884
100 217.7520 503.9732
101 178.4553 520.6299
102 239.3616 558.8679
103 108.1213 266.7024
104 132.5601 299.1572
105 155.2020 337.2839
106 221.8498 722.1126
107 265.7662 346.2262
108 255.3306 287.5671
109 242.0715 233.7511
110 138.3113 449.9363
111 77.8881 476.9833
112 240.9779 439.9890
113 105.7025 413.3719
114 263.4374 473.2079
115 270.7577 549.7585
116 47.1947 495.7295
117 98.4511 492.2484
118 133.3697 499.6063
119 180.7963 494.9793
120 214.7181 484.5488
121 240.6998 472.7022
122 301.3393 440.2331
123 50.8643 546.3464
124 83.8661 411.4917
125 326.3271 576.4708
126 248.7087 512.0203
127 -2.9324 456.2528
128 260.7918 459.2280
129 233.8472 561.2331
130 117.5972 428.1294
131 266.5276 534.5555
132 4.5357 626.4464
133 239.6919 431.3238
134 292.2124 519.4767
135 98.8787 739.7351
136 91.9379 771.0845
137 13.6825 558.1203
138 62.9742 707.9882
139 34.5769 404.1134
140 214.3140 814.8708
141 324.7752 582.2157
142 225.0506 530.5698
143 50.1206 450.7800
144 162.4866 439.1125
145 183.9077 441.0173
146 217.4829 691.7648
147 52.2585 596.5401
148 257.9490 846.4810
149 174.4632 820.7567
150 136.3673 801.1768
151 319.3055 290.4005
152 308.8610 847.7801
153 203.8838 439.6250
154 222.2057 435.8794
155 233.7742 433.5735
156 62.5176 407.8489
157 219.5631 415.1486
158 199.2598 408.8592
159 179.0513 407.2701
160 157.7646 410.8142
161 143.4224 416.8860
162 8.1307 396.4683
163 147.3249 435.6521
164 328.6693 609.6238
165 240.5445 622.3429
166 268.6111 569.3169
167 293.7218 612.5940
168 320.7614 408.3999
169 137.0381 770.5444
170 173.8945 793.7330
171 261.7837 828.3947
172 55.4652 736.1654
173 233.8111 424.6256
174 287.1555 477.3379
175 314.1747 829.1364
176 214.6682 836.4337
177 19.5054 612.9343
178 271.5920 682.3378
179 268.5553 688.6606
180 264.9454 699.0334
181 261.1350 712.8364
182 249.7466 736.4434
183 229.0381 678.7984
184 222.8346 677.0832
185 216.0144 673.6284
186 193.3411 658.3903
187 92.5603 606.1576
188 282.8521 455.0686
189 263.0109 414.8738
190 245.6192 418.4708
191 233.1141 675.7542
192 82.3499 668.6629
193 288.4826 412.5991
194 234.5982 762.0408
195 334.4974 481.2110
196 307.2562 463.7139
197 329.8957 458.0488
198 269.6390 515.0739
199 317.0260 803.2613
200 317.4829 772.4266
201 276.0782 773.1209
202 174.2236 718.3579
203 213.0591 581.9964
204 201.4837 744.1000
205 155.9010 580.4842
206 189.7311 607.5775
207 130.2473 622.3120
208 267.7580 803.0606
209 250.8151 529.5897
210 150.0178 739.7321
211 185.2484 766.2237
212 154.3742 687.5147
213 55.7830 639.8654
214 118.7993 693.9024
215 33.0209 663.2019
216 167.0456 640.8610
217 268.1259 494.3163
218 279.5871 560.3042
219 258.1746 567.7742
220 294.7149 543.1463
221 245.9504 396.5595
222 208.3323 383.8001
223 174.0179 380.5668
224 143.5026 383.9414
225 119.7520 394.3583
226 99.1651 436.1647
227 12.1145 505.3402
228 120.6318 467.8671
229 147.9054 474.1093
230 180.7843 473.4908
231 211.3164 467.6802
232 235.1435 459.1789
233 252.1251 450.8411
234 -3.8245 511.6846
235 256.2608 574.5939
236 291.6053 497.6204
237 301.7205 560.6858
238 311.6570 573.2987
239 298.7699 565.2923
240 261.5391 582.3539
241 317.8172 575.0605
242 316.2539 580.8580
243 249.6291 432.6539
244 265.4892 437.6493
245 276.1371 440.5442
246 134.5527 421.6472
247 120.8862 414.3028
248 352.3774 485.7004
249 459.5342 435.9026
250 354.4153 577.1444
251 507.1256 358.3032
252 400.6260 456.1394
253 422.0780 458.2301
254 441.7595 457.1425
255 464.3510 445.2783
256 382.6984 449.5912
257 430.7715 400.3041
258 407.7463 401.1767
259 451.2156 403.8077
260 463.4944 411.6803
261 479.0737 461.8624
262 393.7502 781.9818
263 465.1459 430.7412
264 514.8340 457.9717
265 496.2208 448.6578
266 425.9537 550.4062
267 356.6441 644.6185
268 349.3526 670.5386
269 382.3089 652.2890
270 396.6909 663.0305
271 367.7746 671.7877
272 381.3019 674.7865
273 413.9688 702.6249
274 360.7216 563.4921
275 363.9432 539.1343
276 493.3642 390.1596
277 381.5063 490.4030
278 400.4149 559.4607
279 399.2490 546.9168
280 481.2618 550.2497
281 359.0281 509.6748
282 452.5953 365.3515
283 478.5618 373.2009
284 496.8277 314.2445
285 363.7262 381.6218
286 387.1498 407.4976
287 430.7289 679.3795
288 485.1742 680.0075
289 383.6472 573.1083
290 365.3636 580.6503
291 409.7862 680.3383
292 398.9885 678.8400
293 487.3711 358.5109
294 398.4473 570.5063
295 415.0366 366.9108
296 419.9505 347.0250
297 431.7184 252.6664
298 492.3298 334.6337
299 424.7750 296.6721
300 501.3904 381.0187
301 505.0796 370.3547
302 353.9003 659.6935
303 374.8360 664.1064
304 389.3859 669.1857
305 377.2473 577.5780
306 404.6734 679.8667
307 396.7553 684.5532
308 395.2579 677.6126
309 377.1609 564.2751
310 374.7047 673.5155
311 360.9527 673.2323
312 343.7733 673.7562
313 347.4785 744.9485
314 350.4358 719.5414
315 350.1367 704.2980
316 348.1254 691.0246
317 344.9987 682.5012
318 377.4082 680.5108
319 381.4507 683.5646
320 386.7863 690.2515
321 390.7927 698.7765
322 413.6452 635.9481
323 500.0157 565.5793
324 385.5469 680.1383
325 391.1243 681.3368
326 358.1150 591.2708
327 388.4298 585.6352
328 361.7973 586.2718
329 402.8839 504.9332
330 436.2438 521.4250
331 400.5161 558.0617
332 473.6706 278.2910
333 467.0104 309.2498
334 459.2777 346.1975
335 396.8442 718.3490
336 372.6142 350.7475
337 377.2575 291.9742
338 381.0697 239.2448
339 456.8710 453.3400
340 497.9598 479.7058
341 371.5422 442.8291
342 481.8737 418.9914
343 367.5898 474.2537
344 390.8311 549.8626
345 514.3187 497.5823
346 489.1383 494.3987
347 467.0280 501.2227
348 429.4042 496.6173
349 400.3529 486.2283
350 378.6631 474.3899
351 344.5042 440.9248
352 515.5809 545.8527
353 495.3872 417.1875
354 349.8134 576.4064
355 383.8569 512.4912
356 505.4965 460.8405
357 363.2737 460.8348
358 398.5611 560.4685
359 470.1366 433.2620
360 388.5694 534.6625
361 496.1487 621.8559
362 370.5185 434.1020
363 374.4461 519.5033
364 466.9479 729.5030
365 455.1941 758.7499
366 518.4646 556.8807
367 486.9007 698.9150
368 509.7497 410.8028
369 395.4527 806.7093
370 343.6155 582.3357
371 401.2118 530.8012
372 507.7558 454.6158
373 441.3312 443.0721
374 423.0440 445.1162
375 401.5925 689.4118
376 511.2911 593.7670
377 354.6014 841.5454
378 410.3772 809.5703
379 431.6129 788.4494
380 404.3360 443.6476
381 387.0635 439.4162
382 376.1342 436.6067
383 504.5879 414.0462
384 388.4555 418.7743
385 406.6251 413.3494
386 425.7045 412.0187
387 444.2785 415.6187
388 455.1696 421.8622
389 509.4192 404.2806
390 452.6346 439.5450
391 397.2468 620.5745
392 385.7530 569.0621
393 359.3953 611.8808
394 443.4023 759.6738
395 420.1329 783.2833
396 360.9494 823.7698
397 471.1079 725.7672
398 376.2499 427.3893
399 361.0779 477.8369
400 386.5091 827.7272
401 512.5244 608.8039
402 363.3913 681.1160
403 367.5015 687.2613
404 371.4080 697.5012
405 373.7418 710.9161
406 375.7713 733.4830
407 392.1442 676.8359
408 399.8654 675.0390
409 406.5057 671.4613
410 426.3633 655.9786
411 493.1408 603.5341
412 355.4388 456.0752
413 357.5443 417.2873
414 368.2632 421.5919
415 385.3951 674.0455
416 488.6804 662.6977
417 345.2189 414.0958
418 384.3980 757.0165
419 349.0571 464.0738
420 377.2991 515.2056
421 353.4086 770.4266
422 430.0694 712.8278
423 413.7404 580.8707
424 408.5753 738.1596
425 457.1464 579.4608
426 431.4983 606.0510
427 471.4002 619.4596
428 360.4425 799.3988
429 387.4536 529.6086
430 443.0258 731.5933
431 417.9201 758.0754
432 448.2607 682.9531
433 503.9369 634.9335
434 468.1261 687.3879
435 502.9154 656.3621
436 445.5152 638.4981
437 371.6738 495.0015
438 384.7746 560.2891
439 394.7456 567.4234
440 379.0024 543.2255
441 375.1119 400.0816
442 410.0073 389.3233
443 439.8422 387.6235
444 463.3961 391.3780
445 477.5429 401.4094
446 481.5397 440.7095
447 519.2954 506.9863
448 470.5711 470.7521
449 452.0511 476.4656
450 425.7740 475.9828
451 399.3124 470.0980
452 378.6975 461.4685
453 364.9037 452.9390
454 500.8520 513.3436
455 391.6261 573.9932
456 366.2001 497.8576
457 373.5056 560.5110
458 358.1845 573.0057
459 370.6382 564.9823
460 383.9465 581.5010
461 355.8062 575.0104
462 350.2511 580.7953
463 364.0785 435.3438
464 354.3780 439.8507
465 351.7385 442.2611
466 461.0345 426.5577
467 471.3444 420.2832
