# Image: /home/yaroslav/Projects/Diia.AIContest-AdAstrum/fixtures/FLUXSynID-processed/00b4299e5bd5/00b4299e5bd5_m_live_0_e_d1.jpg
# Mode: stream
# Status: fail
# Errors: strong_shadows_on_face: Strong shadows or uneven lighting detected (difference: 54.3); face_not_looking_straight_at_camera: Head is turned 178.4째 (max: 15.0째); head_is_tilted: Head is tilted 28.1째 (max: 10.0째); face_too_small_in_frame: Face occupies only 43.7% of frame (min: 50.0%)

# 2D Landmarks (index x y)
0 310.9190 639.8486
1 306.9127 586.7711
2 307.9058 600.5901
3 289.8014 515.5302
4 306.1766 566.3508
5 305.1856 537.2408
6 303.2396 464.9805
7 179.0791 454.3471
8 301.9103 421.1793
9 301.2415 395.2854
10 297.9698 284.6675
11 311.4836 648.5139
12 311.7155 653.3740
13 311.7900 653.5354
14 311.9193 657.0468
15 312.2853 664.2252
16 312.6376 673.2949
17 312.9795 683.3516
18 313.1841 701.2342
19 307.2071 595.6196
20 290.2712 591.3959
21 106.4144 375.2271
22 231.4205 470.7565
23 213.9971 472.4141
24 196.7196 472.0029
25 172.7501 461.6175
26 245.4000 466.1722
27 204.3237 431.1660
28 222.6863 430.9127
29 187.7918 434.1847
30 176.7511 439.2205
31 158.2862 474.3962
32 248.2450 734.6650
33 171.9924 450.0180
34 103.2688 461.6554
35 136.4867 462.6327
36 218.3700 556.0283
37 287.7896 636.7867
38 291.2577 652.6091
39 264.6433 639.8849
40 250.0673 644.1926
41 274.1609 651.9142
42 260.7856 651.6140
43 230.5791 668.6499
44 291.8438 586.2110
45 289.0521 566.2908
46 146.3668 422.4965
47 252.7607 505.9938
48 249.7059 573.0501
49 248.9030 560.9079
50 165.2990 551.2658
51 289.3843 539.2279
52 188.9497 405.8056
53 163.7493 411.2561
54 122.3803 342.1534
55 266.8643 418.8251
56 239.2165 434.7085
57 215.0756 651.0866
58 131.1214 639.2524
59 262.5289 583.7939
60 277.8751 590.1117
61 233.0180 650.1588
62 240.3625 649.6202
63 152.4301 397.4349
64 248.9474 579.1661
65 222.9412 407.0144
66 218.3948 390.0192
67 193.3853 297.1966
68 137.8485 368.4612
69 207.7101 341.1517
70 134.2211 412.1657
71 120.2763 394.3406
72 289.4234 646.9755
73 270.2423 647.9844
74 255.7710 648.4725
75 266.9879 586.5256
76 236.7638 649.9290
77 245.7726 654.6506
78 242.1693 649.0191
79 272.2851 581.9991
80 263.6176 649.3050
81 277.4117 650.9595
82 293.4588 652.8505
83 289.5925 701.8746
84 291.0306 682.7172
85 291.5042 671.7710
86 291.9821 662.9410
87 292.9959 656.7335
88 261.7851 653.3162
89 259.5751 655.3491
90 256.7231 660.1196
91 254.2031 666.4156
92 233.6144 624.3541
93 107.6283 543.4322
94 307.4499 597.3792
95 252.6363 651.9567
96 249.3879 652.5201
97 284.7087 599.1571
98 255.4558 589.3546
99 281.3623 594.9601
100 235.0933 516.6033
101 206.5158 529.5383
102 246.0205 567.7674
103 149.9165 315.5796
104 165.8757 350.0075
105 181.2689 388.7374
106 246.2320 681.8895
107 259.7318 392.9348
108 250.6124 338.1924
109 241.0213 287.7771
110 181.6311 468.4874
111 139.1022 488.2876
112 253.9857 461.5374
113 156.2415 442.8121
114 264.5180 494.0686
115 260.7703 569.1380
116 120.6658 500.8576
117 152.5088 502.2720
118 176.1785 509.9142
119 210.0812 506.9248
120 234.5757 498.8057
121 251.9934 489.9861
122 286.6382 470.0533
123 124.8856 541.7137
124 140.0466 440.2453
125 298.0936 594.7332
126 254.3851 527.1364
127 97.8161 455.7227
128 264.8462 480.1754
129 244.5261 566.9158
130 166.9304 452.3659
131 260.1129 554.2527
132 116.3229 590.6604
133 252.8470 454.0656
134 274.3837 545.0467
135 170.8748 688.5329
136 174.5702 707.8600
137 108.6301 544.3705
138 146.8243 662.5267
139 110.7893 424.2510
140 246.0863 753.1231
141 300.2066 596.6354
142 239.1713 540.4637
143 120.9670 465.2794
144 197.8853 459.8461
145 213.4589 461.1773
146 242.1043 658.1782
147 129.2305 580.7891
148 279.4214 775.7637
149 226.9359 751.4118
150 203.1797 733.6859
151 299.6816 337.8747
152 314.8163 777.6832
153 227.9305 459.7837
154 241.4042 456.8483
155 249.4545 455.3901
156 126.2022 434.6830
157 236.9705 440.3197
158 221.5448 435.2728
159 206.0705 434.6713
160 190.6946 438.3158
161 181.3879 443.5627
162 98.8294 410.5232
163 186.9340 457.1829
164 308.9658 612.4223
165 249.4187 615.3346
166 262.1413 582.2644
167 284.0865 613.1311
168 302.5413 441.0529
169 196.9211 714.0297
170 220.7502 733.9470
171 277.3240 765.7223
172 151.3201 678.5371
173 247.8972 448.5591
174 276.1543 503.1958
175 314.6303 766.7055
176 251.5537 766.3053
177 116.3084 587.2256
178 275.9900 655.1107
179 273.8716 659.5125
180 272.2762 666.5921
181 270.8623 676.2867
182 265.6645 693.7041
183 248.2912 650.4754
184 243.5359 649.3145
185 238.6134 646.8090
186 220.3067 636.4184
187 152.0639 592.5236
188 275.8880 480.9793
189 266.2368 443.1214
190 255.0474 445.4672
191 251.7637 647.8993
192 152.2439 637.0094
193 280.7592 443.8617
194 256.2458 714.1438
195 304.5436 512.4628
196 287.9042 493.8060
197 303.9151 489.4217
198 264.9960 534.8281
199 314.2342 748.2871
200 313.6318 723.3894
201 284.1657 723.9769
202 214.6942 677.9523
203 231.0669 581.7012
204 234.3721 698.7497
205 190.1619 578.1525
206 215.0914 600.2305
207 175.7954 607.7881
208 278.8138 748.1131
209 254.8349 543.8798
210 200.8531 693.1413
211 224.7879 715.0882
212 198.4478 654.8763
213 135.1212 613.3133
214 176.4901 657.8615
215 127.2505 626.4891
216 201.2013 622.7708
217 265.6074 514.9376
218 266.5145 578.9821
219 254.9065 580.1748
220 273.9425 567.4858
221 252.3151 430.8949
222 223.8302 424.0165
223 199.0912 423.1359
224 178.3566 425.4741
225 163.8869 431.5689
226 153.8718 457.5199
227 103.5050 502.6664
228 169.1461 482.7096
229 187.9313 488.4549
230 211.6891 488.1885
231 233.4627 483.5758
232 249.8134 477.3451
233 260.7613 471.2736
234 102.4037 499.0656
235 255.4306 583.3399
236 276.6358 523.6080
237 279.2027 582.3339
238 289.2897 590.1752
239 279.2118 584.1217
240 260.4841 587.9979
241 292.5599 592.8383
242 294.3935 594.8140
243 258.9496 456.3013
244 269.1327 461.2476
245 274.3483 465.7098
246 176.0597 447.2844
247 167.6654 444.1280
248 319.5441 514.5411
249 428.9266 446.8367
250 324.0027 590.2624
251 497.5577 363.1984
252 376.8071 466.3230
253 394.6525 466.9700
254 412.1169 465.3825
255 435.6357 453.6020
256 362.1287 462.6345
257 401.5730 424.8805
258 382.8220 425.7839
259 418.6684 426.8872
260 430.1738 431.3990
261 450.8453 465.1057
262 378.2879 729.9517
263 435.6651 442.0914
264 505.1327 448.7917
265 471.9451 451.8753
266 395.5022 549.8981
267 333.7392 634.9684
268 332.2464 650.9637
269 357.5468 635.9628
270 373.0386 638.7097
271 349.5453 648.6299
272 363.1813 646.8424
273 393.4069 661.6733
274 321.9720 585.1970
275 323.3302 565.0894
276 460.1124 412.2069
277 357.2022 502.5773
278 363.3531 569.0906
279 363.5559 556.9154
280 448.7595 541.5960
281 321.3204 538.1664
282 415.6672 398.1408
283 441.6426 402.0138
284 479.4926 331.1905
285 337.2132 416.5150
286 366.5643 430.8253
287 407.5325 642.9916
288 486.0193 627.2507
289 351.2441 580.8483
290 336.6184 588.0797
291 390.6033 642.8817
292 383.0988 642.7487
293 452.4706 387.4459
294 364.6356 575.0616
295 380.9621 401.6982
296 384.5364 384.2802
297 404.0469 290.5734
298 465.4660 358.0133
299 392.4848 335.2064
300 471.6104 401.0724
301 484.7958 382.9150
302 333.4713 645.1638
303 353.0080 644.3784
304 367.9705 643.4243
305 347.1251 583.7718
306 386.7631 642.8001
307 378.0313 648.4617
308 381.1173 642.5799
309 341.0460 579.8551
310 360.1484 644.7771
311 346.3761 647.9172
312 330.3483 651.3232
313 336.6716 700.0480
314 334.8396 680.8140
315 333.7536 670.0200
316 332.4768 661.3096
317 330.9274 655.2287
318 361.9196 648.7571
319 364.2493 650.5633
320 367.3569 655.0464
321 370.1913 661.1458
322 386.2328 618.3773
323 504.5651 530.4494
324 370.9027 646.4556
325 374.2718 646.7725
326 330.7256 597.3740
327 359.1315 585.5461
328 333.5504 592.9652
329 375.8103 511.9332
330 405.7378 522.9075
331 367.0713 563.4794
332 449.5655 306.0238
333 435.8148 341.1366
334 422.2020 380.4476
335 378.4869 676.4204
336 342.9656 390.1132
337 348.9140 335.1675
338 355.2285 284.1471
339 427.1962 460.9836
340 470.8616 477.5356
341 353.2084 458.6557
342 451.3124 433.4140
343 344.5559 491.4848
344 351.7918 566.2018
345 489.8732 488.7932
346 458.1663 492.2551
347 435.0260 501.3007
348 400.6464 500.6842
349 375.2435 494.2279
350 357.0127 486.6510
351 320.5031 468.9384
352 487.8869 529.5377
353 467.3165 429.6841
354 316.3395 594.0683
355 356.7209 523.7432
356 510.0105 442.7588
357 343.4353 477.7535
358 368.5831 562.4346
359 440.8487 443.8985
360 351.7074 551.1720
361 498.1664 578.1046
362 353.9710 451.2165
363 336.8425 542.8760
364 450.5448 678.4591
365 447.5200 697.9641
366 503.7277 531.2423
367 472.3985 651.0349
368 495.6136 412.0893
369 381.1825 747.9884
370 314.6181 596.0943
371 373.0635 535.8093
372 487.6719 453.5327
373 410.3151 453.6237
374 394.5794 455.8493
375 381.8893 651.6913
376 485.6904 568.6337
377 349.7017 773.1693
378 399.2691 744.8742
379 421.2689 725.5802
380 379.7121 455.3084
381 365.7385 453.0154
382 357.5347 452.2165
383 480.7164 423.1669
384 369.3090 436.4551
385 384.7025 430.3014
386 400.3946 428.8690
387 416.0776 431.5573
388 425.7728 436.1917
389 506.8527 397.8995
390 421.1806 450.2733
391 368.7845 610.6401
392 351.3849 579.3416
393 333.9592 611.1275
394 426.7589 705.5762
395 404.3853 726.9765
396 351.5254 763.0409
397 468.2739 667.4342
398 358.6622 445.2820
399 333.0001 501.3866
400 376.3699 761.5808
401 498.1006 574.3077
402 347.8032 652.0151
403 350.3055 656.1695
404 352.4296 662.9964
405 354.2867 672.5954
406 359.9591 689.8242
407 375.6615 644.5341
408 380.2933 643.0811
409 385.0074 640.0914
410 401.1893 628.9845
411 464.3384 581.7757
412 332.1013 479.1467
413 339.5750 440.9452
414 351.1184 442.6553
415 371.7845 642.3112
416 466.4523 625.9250
417 324.7985 442.5656
418 369.5168 709.6895
419 320.3372 492.7686
420 346.0482 532.0388
421 342.9058 721.8005
422 408.5114 670.4931
423 384.0343 576.1177
424 390.2690 692.6607
425 425.8047 570.0537
426 402.3790 593.5425
427 442.2550 598.5338
428 349.4366 745.6406
429 356.8157 540.4229
430 422.3577 684.8553
431 399.9231 708.4984
432 423.3343 646.2141
433 481.5956 601.3971
434 444.2251 648.1746
435 489.4484 614.0554
436 418.5172 614.6881
437 344.4273 512.2859
438 346.6283 576.4183
439 358.5651 576.7996
440 338.4953 565.4193
441 352.7734 427.7318
442 381.1891 418.8830
443 406.2384 416.4978
444 427.5541 417.5631
445 442.8475 422.7158
446 454.4595 448.0217
447 506.8653 489.6113
448 440.3738 474.0367
449 421.8025 481.0156
450 397.8396 482.3547
451 375.3728 479.0292
452 358.4547 473.9240
453 346.9552 468.6373
454 507.5394 485.9905
455 358.3632 579.8508
456 333.4526 521.6532
457 334.2421 580.6468
458 324.8115 588.9565
459 334.2537 582.3401
460 353.8014 584.7266
461 321.8099 591.8822
462 320.2322 593.8821
463 347.8363 453.7587
464 337.8516 459.2961
465 332.9069 463.8925
466 431.3004 439.6716
467 439.6329 435.7269
