# Image: /home/yaroslav/Projects/Diia.AIContest-AdAstrum/fixtures/FLUXSynID-processed/00b4299e5bd5/00b4299e5bd5_m_live_0_a_d1.jpg
# Mode: stream
# Status: fail
# Errors: image_blurry_or_out_of_focus: Image is blurry (sharpness score: 25.74); strong_shadows_on_face: Strong shadows or uneven lighting detected (difference: 32.2); face_not_looking_straight_at_camera: Head is turned 179.1째 (max: 15.0째); head_is_tilted: Head is tilted 26.2째 (max: 10.0째)

# 2D Landmarks (index x y)
0 295.5100 636.0702
1 290.4492 571.0649
2 293.1703 592.4553
3 274.3678 491.6958
4 290.2647 546.3542
5 291.2633 514.2141
6 294.9718 437.7865
7 145.3331 431.8228
8 296.4652 384.9016
9 296.8249 353.9026
10 300.5122 233.5442
11 295.9303 646.8852
12 296.4827 654.3526
13 297.0302 656.1763
14 297.6673 687.6361
15 297.4398 697.1298
16 297.2112 708.7773
17 297.1520 721.6751
18 296.9120 740.0998
19 291.0218 583.4246
20 271.2060 580.7662
21 75.1459 346.1548
22 207.1246 452.7794
23 185.5205 453.9008
24 164.6928 452.3079
25 137.0500 440.2097
26 225.1831 447.6597
27 178.5029 397.1197
28 201.5717 398.8046
29 156.8767 400.1931
30 142.5006 407.5011
31 119.4271 454.9478
32 214.9126 766.5740
33 137.8429 426.9292
34 63.5334 446.8745
35 97.2264 441.5795
36 184.0176 545.1168
37 263.8956 632.1277
38 267.7797 653.4500
39 232.2152 637.5657
40 212.9171 644.9445
41 244.8702 653.8749
42 227.7391 655.5347
43 190.2903 685.0645
44 271.9412 570.2790
45 269.5316 546.3264
46 109.2768 385.2092
47 231.2871 489.3511
48 221.1444 560.0489
49 220.8005 547.0048
50 119.4279 540.3676
51 271.7137 516.6312
52 159.5193 361.9682
53 129.6030 369.0797
54 93.7134 303.9077
55 252.6629 381.2400
56 221.6052 405.9119
57 172.7054 658.4135
58 89.9045 662.6553
59 237.1439 573.5008
60 256.1219 581.1553
61 190.8177 659.2013
62 201.8886 659.7088
63 118.2329 353.4910
64 220.0018 568.8436
65 199.7930 364.6690
66 195.6502 344.6467
67 175.8168 246.7440
68 106.5715 327.6199
69 187.8568 292.8165
70 97.4613 374.7860
71 86.2445 361.3642
72 265.2653 644.9184
73 239.1426 647.6773
74 220.3028 650.4515
75 242.5835 577.1921
76 196.0415 659.4829
77 207.2033 672.2271
78 205.7833 659.5242
79 248.8921 568.6988
80 232.5053 653.5744
81 249.7853 653.8339
82 271.1213 655.1957
83 263.6498 739.0599
84 264.8483 718.8757
85 266.3518 705.3789
86 268.1763 693.7594
87 270.7782 685.8164
88 230.3074 675.8806
89 226.2845 678.2619
90 220.7420 683.8513
91 216.4564 691.0748
92 196.7167 623.1141
93 68.2168 550.1146
94 291.9719 587.6767
95 219.2169 670.3349
96 212.9905 670.3969
97 263.7041 591.2200
98 227.4538 581.7004
99 260.0477 586.4767
100 207.7239 501.6024
101 171.1266 515.1010
102 216.7700 556.2766
103 125.2290 270.0134
104 138.6322 303.6901
105 152.0783 342.4519
106 208.7352 705.7941
107 245.3915 349.9184
108 239.1394 290.3765
109 232.3017 235.8590
110 146.9765 448.0049
111 96.5950 471.0050
112 236.6688 441.8412
113 119.4754 414.2867
114 246.9243 474.8496
115 234.9613 553.2908
116 75.3277 487.4171
117 109.7613 485.3803
118 136.5209 492.8989
119 177.7225 490.7765
120 208.7860 482.8273
121 231.8675 472.7527
122 274.7753 444.1496
123 75.2129 534.1001
124 102.4003 411.5267
125 279.8599 582.3140
126 231.0883 511.8347
127 62.1393 446.3076
128 248.5431 460.5070
129 215.2834 556.9890
130 130.8267 428.6015
131 235.0895 537.3428
132 74.9302 605.3495
133 236.7142 433.4519
134 253.2243 524.7923
135 129.5200 711.9232
136 135.9473 739.3311
137 61.3015 543.8739
138 102.1824 683.0439
139 74.5249 400.7131
140 213.3730 787.6361
141 282.9851 586.6913
142 210.7255 527.5114
143 80.3364 446.2267
144 166.5244 438.5701
145 185.3961 440.9243
146 201.7910 675.5331
147 77.9420 580.9248
148 252.7845 817.1117
149 192.8140 787.8108
150 167.2507 767.8573
151 298.6166 291.3762
152 295.8711 821.7407
153 203.6026 440.2334
154 220.7824 437.3326
155 231.5399 435.5166
156 88.2891 406.7817
157 218.5715 418.4234
158 200.3585 412.4258
159 181.7873 410.7615
160 162.9144 413.8674
161 150.6601 419.3474
162 65.2994 390.7349
163 153.9362 435.2616
164 294.2788 606.3445
165 217.0505 611.5992
166 236.7092 570.8564
167 261.3885 607.1589
168 296.2557 410.4129
169 158.8279 741.4581
170 185.5244 764.3948
171 249.8914 804.3123
172 111.2144 707.5074
173 231.0535 427.2570
174 259.5736 481.2663
175 295.2248 807.6008
176 219.9651 804.8894
177 67.7506 595.0797
178 248.3262 681.3713
179 244.4115 686.9505
180 240.4974 696.0218
181 237.4896 707.5628
182 232.0660 725.0790
183 211.8636 656.8012
184 204.5230 654.4993
185 198.1712 651.0024
186 179.8127 638.3640
187 102.4872 591.6067
188 261.4300 458.0760
189 252.5635 416.8788
190 239.9738 420.8766
191 217.8538 654.0408
192 104.6406 648.0811
193 269.5056 414.8090
194 222.9991 744.6836
195 292.4814 488.0995
196 274.1613 469.1777
197 293.7324 463.9828
198 242.9399 517.2367
199 295.3423 786.7821
200 296.0328 761.3120
201 257.4187 760.0513
202 175.5640 694.8367
203 198.5093 574.6534
204 197.4991 722.7868
205 148.4257 571.3017
206 178.1457 596.5875
207 130.9868 607.4417
208 251.1651 784.8410
209 229.7673 529.3314
210 161.4591 714.0310
211 188.5048 741.1754
212 156.5321 664.0866
213 85.0405 620.9978
214 132.2656 670.8805
215 80.1557 641.8777
216 160.5698 623.0420
217 246.0046 496.4792
218 241.7615 564.6281
219 227.5528 568.3317
220 251.1785 549.1054
221 235.9969 399.2040
222 201.3036 387.3355
223 170.7733 384.6420
224 145.3198 387.7694
225 127.7425 397.0942
226 116.4272 435.0082
227 59.6551 494.9413
228 130.8284 463.9329
229 152.8429 470.1444
230 181.3691 471.0152
231 208.7123 466.8198
232 230.0193 459.6724
233 244.2869 451.9743
234 64.9227 498.0475
235 228.1022 573.1529
236 257.8709 502.3437
237 256.9306 566.7590
238 269.6425 577.9131
239 257.3721 570.2900
240 234.0651 579.3179
241 273.1775 580.4770
242 275.9961 584.6938
243 244.1045 434.8383
244 255.2561 439.3661
245 260.9510 442.6293
246 143.4794 423.5170
247 131.6994 416.0021
248 311.4105 491.8219
249 458.7167 433.1130
250 313.8946 581.0055
251 549.4264 347.0471
252 393.5547 453.1189
253 416.0683 454.4637
254 437.9286 453.0717
255 468.2651 441.6177
256 374.6750 447.8066
257 423.6075 397.5407
258 399.8018 398.7218
259 446.2805 401.0663
260 461.6488 408.7614
261 487.2993 456.1007
262 379.4800 768.5093
263 467.1479 428.3975
264 557.5998 448.3938
265 513.5985 442.7971
266 412.8352 545.4058
267 328.2092 631.8525
268 326.4900 653.1519
269 362.8442 636.6652
270 385.2924 643.5016
271 351.6245 653.1479
272 371.3305 654.0410
273 410.6778 684.3088
274 309.4440 570.4566
275 311.8706 546.3793
276 498.3835 386.5148
277 364.6251 489.4703
278 367.7393 559.9631
279 369.4291 546.9274
280 482.5088 541.1419
281 311.5424 516.6619
282 441.4499 361.8509
283 474.7262 369.8374
284 526.2323 304.1007
285 342.1644 380.8647
286 379.3298 405.8081
287 429.1551 657.3587
288 528.1952 665.9838
289 351.6626 573.3398
290 331.8187 581.0575
291 411.8303 657.0985
292 401.1359 657.4424
293 488.7221 354.1271
294 370.3482 568.6697
295 397.6889 364.0705
296 402.1744 343.9214
297 431.1694 246.1721
298 506.7452 327.9358
299 414.1472 292.3137
300 513.5227 376.1339
301 531.5588 362.5509
302 327.8580 644.6532
303 356.5780 646.7956
304 378.2583 649.0138
305 346.4422 577.0808
306 406.7204 657.1634
307 394.1469 670.5817
308 397.5782 657.5177
309 336.6516 568.8883
310 367.4037 652.0291
311 347.5337 653.0273
312 324.4701 654.7815
313 331.0251 739.3464
314 330.1957 718.8231
315 329.1528 705.4301
316 327.4497 693.8685
317 325.3130 685.7525
318 369.6105 674.7636
319 373.3796 677.2483
320 378.6378 683.0299
321 382.6019 690.2582
322 400.1738 622.4280
323 556.9262 552.7098
324 382.4187 668.9308
325 388.4658 668.8440
326 324.1284 591.0913
327 363.8769 581.3292
328 327.7276 586.2877
329 389.5199 501.8047
330 427.6531 515.5002
331 374.8507 556.1537
332 488.3795 269.4650
333 469.3505 303.2832
334 450.1834 342.2641
335 389.9998 705.7547
336 349.8090 349.2682
337 359.5120 290.0616
338 370.7272 235.5022
339 457.1483 449.0849
340 512.1769 472.0700
341 362.7294 442.0652
342 487.8292 415.7963
343 347.8492 474.9278
344 351.1866 553.4452
345 536.9123 488.8572
346 495.6960 486.1998
347 465.8171 493.5128
348 422.2816 491.2750
349 389.8983 483.1265
350 365.8326 472.9734
351 316.5521 444.1039
352 534.2145 535.5227
353 507.4483 412.8657
354 302.5383 582.3232
355 363.0132 511.8514
356 565.7756 447.8895
357 348.0580 460.5822
358 378.1737 556.7125
359 475.1806 430.1430
360 352.6669 537.4597
361 547.2028 608.5574
362 363.4740 433.7652
363 331.9810 524.8606
364 475.4681 714.7891
365 471.7082 742.9286
366 555.9565 546.3011
367 506.7754 685.9129
368 545.4949 401.8737
369 380.7308 790.0332
370 300.9836 586.6995
371 384.8415 527.4796
372 533.9161 447.6957
373 435.5658 439.5305
374 415.9569 441.4623
375 399.6770 674.0374
376 530.8425 582.8379
377 339.6870 818.6971
378 405.5993 790.9371
379 435.4130 771.3539
380 397.1605 440.5423
381 379.7159 437.5001
382 368.7248 435.6736
383 525.2378 408.0520
384 382.9743 418.9007
385 402.1739 413.1339
386 420.9748 411.9613
387 440.3562 415.2633
388 453.0976 420.7839
389 561.6379 392.0029
390 449.1583 436.4518
391 376.5697 611.1971
392 351.2953 570.7887
393 328.6956 606.9293
394 442.4130 744.3843
395 412.0746 767.1692
396 341.4420 805.8297
397 501.6537 710.9877
398 369.3430 427.6198
399 330.7434 481.4356
400 374.7326 807.4423
401 547.6255 597.7911
402 349.4127 680.9902
403 353.1980 686.6014
404 356.7012 695.6851
405 359.1189 707.4148
406 364.4342 725.3674
407 389.9826 654.7376
408 396.7282 652.6299
409 403.0891 648.9954
410 420.1480 637.3838
411 501.5582 592.7636
412 331.5941 458.1653
413 345.2904 416.8118
414 359.5435 420.9526
415 384.5758 652.2589
416 501.3418 649.9588
417 325.1306 414.7549
418 372.3371 745.6461
419 314.1192 469.2216
420 347.1610 517.3372
421 335.6563 760.7613
422 424.5403 695.5696
423 397.1760 574.6815
424 400.3974 723.7103
425 450.5461 571.8831
426 419.6300 596.8411
427 470.2187 608.3588
428 340.5355 785.9763
429 362.3870 529.3638
430 438.8045 716.0367
431 408.9800 743.1934
432 444.8767 664.2904
433 523.7035 623.2075
434 470.4232 672.3663
435 532.9676 644.7114
436 439.7103 622.9687
437 346.2400 496.6615
438 343.7431 564.8231
439 360.7863 568.3375
440 332.2913 549.4173
441 362.2773 399.0610
442 398.1538 387.1609
443 430.1048 384.8569
444 457.5408 388.6854
445 477.3095 398.5269
446 491.7768 436.2970
447 559.8028 497.0363
448 474.0563 464.9134
449 450.0467 470.9192
450 419.7730 471.4964
451 391.2047 467.0866
452 369.1788 459.8156
453 354.0915 452.0409
454 561.9106 500.0325
455 361.3160 573.0000
456 329.6448 502.4817
457 326.1174 566.9666
458 314.2842 578.1123
459 326.8611 570.5723
460 356.0063 579.1642
461 309.8220 580.6434
462 308.6346 584.7737
463 355.2031 434.9455
464 342.3973 439.3687
465 334.8793 442.6141
466 460.8477 425.0620
467 473.7226 417.5031
