# Image: /home/yaroslav/Projects/Diia.AIContest-AdAstrum/fixtures/FLUXSynID-processed/007ba280f60a/007ba280f60a_m_live_0_a_d1.jpg
# Mode: stream
# Status: fail
# Errors: image_blurry_or_out_of_focus: Image is blurry (sharpness score: 42.04); strong_shadows_on_face: Strong shadows or uneven lighting detected (difference: 41.1); face_not_looking_straight_at_camera: Head is turned 178.5째 (max: 15.0째); head_is_tilted: Head is tilted 19.4째 (max: 10.0째)

# 2D Landmarks (index x y)
0 293.0363 647.4227
1 288.8696 556.8425
2 292.9184 583.9136
3 274.6724 482.4809
4 288.5929 533.0324
5 290.3191 502.9713
6 296.4949 432.0364
7 161.3139 431.6174
8 298.7322 388.2879
9 298.9770 360.6511
10 303.0022 248.1157
11 293.1859 660.1531
12 293.8579 669.3427
13 294.8717 672.6510
14 294.7515 680.5113
15 294.3877 690.8246
16 294.0964 703.6081
17 294.3298 717.8093
18 295.7262 737.9885
19 289.8327 569.1333
20 271.6175 568.2671
21 107.0901 357.9909
22 217.3448 448.1418
23 197.9468 450.7909
24 179.1327 451.0785
25 155.0730 441.2378
26 233.6835 442.1161
27 190.4236 401.2801
28 211.2792 401.1144
29 171.5526 404.9235
30 159.1497 411.6451
31 140.0886 457.0978
32 218.1362 769.0500
33 154.6856 427.4438
34 94.3725 452.0426
35 120.2223 445.3436
36 196.5934 544.1561
37 266.5449 642.9360
38 271.4024 668.8492
39 240.3379 649.8335
40 224.1917 660.0189
41 252.5013 669.5912
42 237.7066 671.8866
43 199.6295 696.1686
44 271.0783 556.0951
45 267.9314 533.9048
46 130.1640 394.7975
47 237.9040 484.8808
48 224.2327 552.5374
49 224.0701 540.7178
50 142.6532 543.8969
51 270.9744 505.7314
52 174.8187 372.6056
53 147.7830 379.9479
54 122.1831 318.0260
55 259.8250 386.0008
56 229.9608 405.6404
57 184.8603 673.0395
58 113.6006 662.5812
59 239.7483 564.9528
60 257.7628 572.8214
61 205.1830 676.0103
62 214.8982 674.9491
63 138.7850 366.4529
64 224.4720 563.6914
65 211.7182 373.2889
66 208.0602 355.0022
67 192.6635 262.6800
68 130.9969 340.2527
69 202.1420 305.4042
70 120.9712 385.8794
71 114.0878 372.2443
72 268.4310 658.1946
73 247.0899 661.9012
74 230.9384 666.3177
75 245.6572 569.7128
76 210.0108 675.9507
77 218.3315 680.7144
78 217.8587 673.3496
79 250.1693 555.4278
80 242.6509 670.5978
81 257.6423 670.8846
82 275.0618 671.7705
83 266.6055 737.4207
84 266.4592 715.7463
85 267.9895 701.1397
86 270.0729 688.1060
87 272.6274 679.5086
88 238.0800 677.0044
89 234.6324 680.0843
90 229.3898 686.5412
91 225.0645 694.4874
92 208.3496 630.1281
93 98.5642 552.5274
94 291.4499 574.7517
95 228.8065 676.0467
96 223.7111 677.7073
97 265.1750 584.3320
98 233.2139 578.9276
99 261.5400 578.8325
100 217.6245 499.1026
101 186.4613 515.7580
102 221.6195 551.7748
103 148.9391 285.4813
104 159.2105 317.2704
105 168.8833 354.9953
106 217.3583 711.1769
107 253.0724 357.6236
108 247.7086 301.1529
109 242.3469 251.2600
110 163.6061 448.2120
111 120.2515 474.1767
112 244.0492 435.9580
113 138.9733 418.5369
114 251.8189 469.4425
115 236.4778 542.6309
116 101.8178 490.7190
117 131.4363 488.9661
118 154.8729 496.0471
119 191.5625 490.7276
120 218.7889 479.9150
121 239.2059 468.3346
122 277.2400 438.4233
123 103.0145 537.5808
124 124.1962 417.5513
125 279.3698 568.1502
126 236.7599 506.7758
127 96.7844 453.4493
128 254.3669 455.7407
129 221.7051 554.1074
130 149.2856 430.3574
131 236.7070 528.5841
132 102.2198 606.1408
133 244.0820 427.6711
134 253.4209 514.7552
135 142.4432 714.7757
136 148.2365 740.8307
137 91.2040 545.5777
138 122.4206 683.6326
139 104.2858 408.4318
140 214.6668 791.8166
141 282.8351 573.8242
142 219.4371 524.8645
143 106.2937 450.5121
144 180.3737 436.5544
145 197.6134 437.3875
146 213.2523 684.9846
147 106.7615 583.0819
148 253.2231 824.0056
149 195.3953 792.2984
150 172.9608 771.1553
151 300.7611 301.1316
152 297.7426 829.0782
153 214.1921 435.5720
154 229.7515 431.7783
155 239.4259 429.6094
156 113.2216 414.3461
157 227.2614 414.3513
158 210.3703 409.8966
159 193.0180 409.2723
160 175.6868 413.3434
161 165.0692 419.3601
162 99.5562 400.2896
163 168.9285 434.2305
164 293.4097 604.4305
165 225.0801 614.7773
166 239.0246 560.7257
167 263.5880 606.9252
168 298.4805 409.1731
169 164.8895 745.2232
170 188.4773 768.6413
171 250.0004 808.4297
172 129.7242 707.4664
173 238.7225 421.7852
174 261.9486 474.0533
175 295.8321 812.6070
176 220.9392 810.6822
177 96.4999 595.2413
178 253.6183 678.0902
179 249.9762 684.3217
180 246.0402 694.1158
181 242.9453 706.7459
182 238.5757 725.8464
183 224.1699 673.2914
184 217.5419 671.3713
185 211.5268 667.6697
186 193.3114 650.1323
187 128.8925 594.2316
188 264.9262 452.4640
189 259.6245 414.7513
190 247.2958 417.4040
191 229.7637 670.5093
192 127.5225 650.3636
193 274.3410 413.6332
194 228.2006 746.5786
195 292.4326 478.3655
196 275.2758 461.3386
197 294.4889 455.7006
198 245.8616 510.0203
199 295.2437 788.9921
200 295.4080 761.2727
201 259.8187 759.7321
202 182.7640 703.6319
203 207.0600 574.2640
204 203.3262 728.2542
205 167.0595 572.5645
206 190.6286 598.8683
207 151.3642 611.0172
208 252.3325 786.1564
209 233.9928 523.6310
210 168.2899 719.8941
211 192.7811 745.8264
212 167.6094 674.3356
213 111.9019 622.4235
214 147.3843 676.3856
215 105.3656 641.3869
216 175.4646 631.2880
217 249.7007 490.1003
218 243.1425 551.8771
219 230.2472 559.5318
220 251.0016 536.7291
221 244.5149 400.6240
222 212.2432 392.2099
223 184.1253 391.2563
224 161.1981 394.5174
225 145.9725 403.3510
226 136.9103 437.7482
227 89.8439 497.8945
228 149.7673 465.7718
229 168.7864 470.8140
230 194.1830 469.3338
231 218.7821 462.9298
232 237.9899 454.7198
233 251.2494 446.9527
234 98.1000 502.7488
235 231.5827 566.3729
236 259.3427 493.7975
237 256.9616 552.4426
238 269.9975 564.1971
239 258.1876 556.2337
240 238.5529 574.1412
241 273.1808 566.5222
242 276.1742 572.0180
243 250.8625 429.4452
244 261.7134 434.9621
245 266.1383 438.3652
246 159.1442 423.7355
247 149.7914 419.1410
248 311.2652 482.4903
249 452.1054 429.0961
250 313.2086 568.2561
251 531.5073 354.7220
252 391.9416 446.1711
253 412.2443 448.5043
254 432.3559 448.9649
255 460.3225 438.9410
256 374.7389 440.4955
257 418.7901 398.7427
258 396.9193 398.8805
259 439.3513 402.2286
260 453.5566 408.7317
261 477.2478 455.3563
262 379.7189 771.3441
263 460.0783 424.7870
264 542.2785 450.0932
265 501.8392 443.3852
266 405.1631 544.0046
267 320.9383 642.5682
268 318.0183 668.6413
269 350.7828 649.3799
270 370.2655 659.0225
271 339.8405 669.1494
272 357.4400 670.9485
273 400.5432 696.1147
274 307.4806 555.9682
275 310.3817 533.6992
276 486.1811 392.0407
277 363.4885 484.4687
278 366.0665 552.3146
279 368.2405 540.6421
280 467.2628 543.4263
281 310.7067 505.7043
282 432.3107 369.8870
283 463.8621 377.1804
284 509.1531 314.1450
285 340.0251 385.0557
286 378.0843 403.9548
287 416.4980 672.6684
288 525.7207 664.9876
289 350.3618 564.6666
290 331.2621 572.7961
291 394.4325 674.8670
292 385.0538 673.7106
293 475.6528 363.4869
294 368.1058 563.7587
295 391.1253 371.1117
296 395.1949 352.6309
297 421.7324 259.7623
298 491.3348 336.7421
299 406.0175 302.7628
300 499.2695 383.1680
301 515.1075 369.2577
302 319.6993 657.9565
303 344.2516 661.4447
304 363.5206 665.3729
305 344.9197 569.5895
306 389.4308 674.6291
307 379.1816 679.7724
308 382.5686 672.3797
309 335.1974 554.8779
310 353.8812 669.6850
311 336.2236 670.4080
312 316.2391 671.4466
313 326.3801 737.8028
314 323.6267 715.7140
315 321.7400 701.1405
316 319.7240 688.0891
317 318.1145 679.5379
318 357.7158 676.2544
319 360.8151 679.3353
320 365.7804 686.0139
321 370.3326 694.1975
322 387.9772 629.7408
323 548.4279 552.7502
324 369.4482 675.3208
325 373.8743 676.7817
326 322.9531 584.3515
327 360.5024 579.0305
328 326.8305 578.6976
329 385.7189 498.4820
330 418.8154 515.0046
331 372.5684 551.8471
332 474.0419 281.6249
333 456.4771 313.9640
334 439.7215 351.9320
335 380.7982 711.6611
336 346.8535 356.2748
337 356.2660 299.8618
338 366.6739 249.7656
339 450.0079 446.0250
340 499.6784 472.7811
341 363.8861 434.7983
342 477.7804 416.1248
343 347.9309 469.1220
344 349.8538 542.2621
345 522.8738 489.6213
346 483.9868 487.6042
347 455.9021 494.8159
348 415.9293 489.6953
349 387.1311 478.8925
350 365.2614 467.7301
351 317.6057 438.1929
352 518.6653 537.1171
353 495.6765 415.2222
354 301.0339 568.0924
355 361.5880 506.6022
356 550.8803 451.7308
357 348.4821 455.1812
358 375.2132 554.1051
359 467.0239 427.7771
360 352.1945 528.4645
361 541.9842 607.6209
362 364.9115 426.3772
363 331.3578 514.6605
364 474.1305 717.7390
365 475.0820 744.8005
366 542.8856 545.7122
367 500.6371 686.0902
368 529.2908 405.7830
369 384.5538 794.8620
370 300.3351 573.7209
371 380.9857 524.5804
372 520.3970 448.7124
373 430.5407 433.9847
374 412.5004 434.8578
375 384.8583 684.2346
376 514.4984 583.4771
377 344.0163 826.1045
378 413.0357 796.5584
379 442.1736 775.4824
380 395.4797 433.1353
381 379.7992 429.6935
382 369.7935 428.0298
383 511.3543 411.7830
384 382.5486 412.7878
385 399.9348 408.0604
386 417.4685 407.3048
387 435.6200 410.9975
388 447.3874 416.7533
389 544.3865 397.7274
390 443.1391 431.7547
391 368.5534 614.7491
392 350.0128 560.2438
393 324.7452 606.7389
394 445.7419 748.7861
395 416.7956 772.3182
396 344.0176 810.3401
397 501.8713 710.7474
398 370.2958 420.5893
399 331.0309 474.0080
400 381.1378 814.1825
401 536.1116 596.3064
402 339.3933 677.7214
403 342.5245 683.9201
404 346.2446 693.8811
405 349.4630 706.7417
406 356.8961 726.5124
407 373.8804 672.1547
408 379.9336 670.1240
409 386.1854 666.3397
410 405.4501 649.6269
411 484.2457 594.3610
412 332.3362 452.2213
413 345.5425 413.9839
414 360.1085 416.3346
415 369.2262 669.4639
416 488.7226 651.6327
417 325.6719 413.2389
418 368.9323 747.9735
419 314.7771 461.1967
420 346.4761 509.8062
421 333.3829 760.7225
422 420.2408 704.8459
423 391.8637 574.3757
424 397.2361 729.8525
425 437.1316 572.4289
426 409.6781 598.9660
427 455.6952 611.2431
428 340.4734 787.5310
429 361.3999 523.5030
430 438.2745 722.2275
431 409.7257 748.5427
432 436.7292 674.7533
433 509.2535 623.4007
434 462.5185 677.7537
435 524.1750 643.1255
436 426.6812 631.2178
437 345.9195 489.8854
438 342.1595 551.4302
439 359.1576 559.2518
440 330.9806 536.5653
441 360.3082 399.5387
442 393.7234 390.1218
443 423.4482 388.5339
444 449.1609 391.8507
445 467.7375 400.6029
446 482.1307 435.5669
447 545.7366 497.2144
448 465.0084 463.9680
449 442.8559 469.2237
450 415.1127 467.6465
451 389.1923 461.3899
452 369.0695 453.6783
453 354.7166 446.0290
454 550.2002 502.0160
455 359.4262 566.2693
456 329.2902 493.7098
457 324.2740 552.1090
458 312.9405 564.0660
459 325.1593 555.8940
460 353.3910 574.3076
461 308.2599 566.3468
462 307.9060 572.0076
463 356.7983 428.3752
464 343.2609 434.2677
465 335.6289 437.8753
466 454.3346 421.1936
467 465.0818 416.3549
