# Image: /home/yaroslav/Projects/Diia.AIContest-AdAstrum/fixtures/FLUXSynID-processed/007ba280f60a/007ba280f60a_m_live_0_e_d1.jpg
# Mode: stream
# Status: fail
# Errors: image_blurry_or_out_of_focus: Image is blurry (sharpness score: 87.71); strong_shadows_on_face: Strong shadows or uneven lighting detected (difference: 37.4); face_not_looking_straight_at_camera: Head is turned 178.4째 (max: 15.0째); head_is_tilted: Head is tilted 15.7째 (max: 10.0째)

# 2D Landmarks (index x y)
0 311.9610 596.6988
1 314.1991 511.4171
2 311.2515 539.1095
3 294.7305 440.6317
4 314.2549 488.1448
5 313.1399 459.4063
6 309.0573 392.7354
7 163.7762 398.2284
8 307.4715 343.1530
9 307.5863 314.4899
10 305.6094 222.6162
11 311.9016 608.3688
12 311.4944 616.6515
13 310.7404 619.6608
14 310.7773 621.7735
15 311.1855 630.2273
16 311.4017 641.2825
17 311.1012 653.7963
18 309.6665 675.3042
19 313.2295 524.2230
20 293.9224 524.5038
21 89.4249 330.4915
22 220.7838 415.3301
23 201.0382 417.8396
24 182.2335 417.5224
25 156.5065 407.6509
26 237.7965 408.7034
27 196.4954 364.0689
28 216.6496 364.5048
29 177.2200 367.7713
30 163.6469 375.3847
31 140.7000 423.0917
32 231.5311 713.5451
33 156.8959 393.5849
34 79.8092 421.3548
35 117.5788 410.5553
36 210.1859 504.6097
37 287.1722 593.1505
38 290.0029 616.3349
39 261.0678 600.5906
40 243.1131 610.2835
41 270.7687 617.7919
42 254.6594 620.2070
43 214.7682 644.2714
44 297.1814 511.2877
45 294.7455 489.3359
46 130.4812 352.6182
47 248.9992 447.7490
48 248.0245 511.2121
49 246.0478 500.1959
50 150.3500 505.6744
51 294.7689 462.5071
52 178.7163 324.6884
53 150.5923 334.5656
54 109.8574 289.2500
55 266.5557 338.3401
56 234.6620 370.0465
57 199.4885 623.9535
58 96.2610 626.3388
59 262.4170 523.0889
60 279.1877 529.7873
61 221.1978 624.0814
62 229.3215 622.4150
63 138.5389 321.4020
64 246.6184 522.4510
65 216.8384 324.1391
66 212.9486 306.3965
67 192.8277 234.3016
68 124.5598 304.4070
69 204.9203 268.5151
70 117.9974 344.8842
71 103.8751 338.5913
72 288.4221 606.9836
73 266.9750 611.2397
74 249.2900 615.6346
75 267.5147 527.5121
76 225.6856 623.5458
77 234.8955 626.1946
78 231.1053 621.3276
79 274.7869 512.7757
80 257.6445 618.8864
81 273.9664 618.7828
82 291.7988 619.0633
83 282.3690 676.0912
84 285.3451 652.8362
85 286.9798 639.5587
86 288.4424 628.6424
87 289.7901 621.4444
88 253.4853 621.7317
89 250.9864 624.1380
90 247.1160 629.7382
91 243.2219 637.3867
92 226.0856 584.1506
93 75.5961 521.8079
94 312.2312 530.1035
95 242.7043 622.3114
96 239.2017 623.3557
97 286.1431 540.2247
98 253.6566 536.9519
99 282.8320 535.0806
100 228.0420 462.2176
101 196.2430 478.2224
102 242.2243 511.2472
103 142.6541 256.2660
104 156.5214 279.9719
105 171.0210 307.8337
106 232.6233 656.9344
107 260.2166 309.5999
108 253.4585 266.7000
109 245.5356 224.5489
110 165.9125 414.6191
111 119.5380 440.1711
112 248.6510 402.0686
113 139.9840 381.8991
114 263.0085 431.9453
115 261.5422 500.5409
116 97.9234 457.2630
117 134.2584 453.9648
118 160.6853 460.1262
119 198.3545 454.9400
120 226.0122 444.5432
121 247.1111 432.6388
122 290.0527 399.3562
123 101.9241 502.3710
124 122.7743 379.7373
125 303.2923 523.3345
126 251.5852 468.1836
127 72.1793 425.5090
128 262.7778 419.2676
129 239.8756 514.0584
130 150.7715 396.0403
131 259.8373 487.3893
132 81.5188 573.3797
133 248.2051 393.8820
134 277.0098 472.3696
135 143.1379 669.8752
136 142.8545 696.4034
137 79.8561 512.6874
138 118.2660 642.3296
139 91.6186 376.9722
140 226.5476 735.6265
141 304.4798 529.3039
142 233.4680 486.1214
143 100.1590 416.6760
144 183.5053 403.7981
145 200.6076 405.1393
146 230.1329 630.8647
147 105.8185 546.1284
148 263.8844 763.7531
149 200.7915 739.7280
150 173.7766 722.4156
151 306.9114 268.1600
152 306.9355 766.0201
153 217.4169 403.4815
154 232.9473 399.3613
155 243.0076 396.4885
156 108.1454 377.5277
157 231.1999 380.7951
158 214.2672 376.6805
159 197.6653 376.1036
160 180.4066 379.8244
161 169.2350 385.4720
162 77.7380 373.2007
163 171.8154 401.0452
164 311.2722 557.5546
165 244.9263 569.9515
166 262.5345 518.7443
167 283.9019 560.7395
168 307.5623 368.6238
169 169.8464 696.8191
170 196.8733 716.7113
171 263.6948 748.5852
172 118.0030 667.0683
173 243.0783 388.0709
174 277.7708 434.2247
175 308.3088 749.6903
176 230.1171 754.0067
177 86.2514 560.3839
178 270.4345 621.1214
179 267.7370 626.2253
180 264.9011 634.6588
181 262.1938 646.3166
182 254.6621 667.9013
183 239.6439 621.5453
184 234.3292 620.1125
185 228.7594 617.0390
186 209.1597 602.8641
187 133.9923 554.5842
188 276.8834 414.1565
189 265.0570 377.2634
190 252.1146 382.5257
191 243.4834 619.0185
192 129.3717 608.9889
193 282.6408 373.4626
194 242.4957 690.7270
195 311.8160 436.4121
196 291.8563 420.8374
197 310.4617 415.1742
198 264.7543 469.7142
199 309.0589 726.8469
200 309.4736 699.2819
201 274.9873 700.1055
202 195.0493 654.3168
203 223.6483 533.4619
204 216.3874 676.0073
205 178.9022 531.5735
206 205.3452 556.3372
207 160.7961 568.8441
208 267.2895 726.7245
209 252.0222 484.0280
210 177.2136 671.4695
211 204.1064 694.0312
212 179.1635 627.4433
213 110.2931 583.7857
214 154.2078 631.4575
215 96.9057 603.8707
216 188.2576 586.8363
217 265.0939 450.9432
218 268.3946 509.4076
219 254.2292 517.8636
220 277.2236 493.3525
221 249.4622 360.0297
222 217.5926 350.3043
223 190.0544 349.3167
224 166.5566 353.6988
225 149.5336 364.0620
226 136.1595 403.0748
227 76.7077 466.4459
228 152.1609 431.3819
229 172.6435 436.2519
230 198.6545 434.9687
231 223.7420 428.9707
232 243.6061 420.2357
233 257.1582 411.7462
234 73.4447 473.6553
235 254.2581 524.7722
236 279.0407 452.6125
237 282.9641 508.6857
238 293.5359 520.3240
239 282.8971 513.0270
240 259.9648 532.1323
241 297.2744 522.0038
242 298.3092 527.8861
243 255.7245 394.8861
244 267.9294 398.9740
245 274.5859 401.0746
246 162.4166 389.7356
247 152.4702 383.6065
248 328.1705 440.4203
249 440.4443 396.6460
250 329.5119 524.0785
251 498.4147 330.2362
252 387.4426 414.5203
253 406.5609 416.6455
254 424.2805 415.9637
255 446.2935 405.8339
256 370.8933 408.1654
257 410.7257 364.1039
258 391.3288 364.6353
259 428.8740 367.7025
260 441.0204 374.8800
261 460.9707 421.1587
262 381.7810 710.5553
263 446.1644 392.1016
264 507.9631 418.8482
265 479.9472 408.3444
266 403.1139 502.9910
267 335.6303 592.5897
268 331.7551 615.9159
269 359.1449 599.3922
270 374.5809 608.7376
271 348.9840 617.0111
272 362.8618 619.1206
273 397.8524 642.0883
274 330.3095 510.9162
275 332.9844 489.0491
276 471.0001 352.2190
277 364.2281 447.1300
278 371.7937 510.4441
279 372.4925 499.1590
280 457.0070 502.7757
281 330.7974 462.3333
282 429.1967 325.5495
283 454.0467 334.9412
284 483.1600 289.5988
285 347.0031 338.5933
286 373.8039 370.2250
287 412.1762 621.4704
288 486.9153 621.1591
289 357.6728 522.4734
290 341.8599 529.3539
291 391.9508 622.5271
292 383.8690 620.9779
293 464.2423 322.0113
294 371.7981 521.7394
295 394.1512 324.8460
296 398.1171 307.1564
297 412.0115 235.0867
298 474.0139 304.5303
299 403.9555 269.2991
300 480.9611 344.6194
301 490.1766 338.1121
302 334.1878 606.5765
303 353.4337 610.1880
304 368.7849 614.2844
305 352.4310 526.9289
306 387.7498 622.0004
307 379.9937 624.7474
308 381.6676 619.8163
309 348.3961 512.0829
310 358.8315 617.9366
311 344.6110 618.1512
312 328.5156 618.7021
313 335.8992 675.1739
314 335.5817 652.0374
315 334.6832 638.7939
316 332.9432 628.0724
317 330.8232 620.9693
318 362.9931 620.3385
319 365.7736 622.6694
320 369.7935 628.2990
321 373.3616 635.8381
322 389.9136 582.4204
323 503.4364 517.8579
324 371.8441 620.9202
325 375.6946 621.9312
326 335.3722 539.7923
327 364.2112 536.2424
328 338.3535 534.7687
329 384.2443 461.1585
330 414.8780 476.4445
331 375.0695 510.3506
332 455.9072 257.0452
333 446.7559 280.8352
334 436.0240 308.7307
335 381.7879 654.6431
336 353.6195 310.1085
337 358.6903 267.1100
338 363.6270 225.0654
339 438.5728 412.7878
340 479.8914 437.6736
341 360.4491 401.6931
342 461.4389 380.9054
343 351.1797 431.4329
344 360.9504 499.7790
345 497.7070 454.1543
346 468.7667 451.3220
347 446.1787 457.8874
348 411.1947 453.3396
349 384.6065 443.5313
350 364.1798 432.0888
351 327.1489 399.2508
352 495.6518 498.6857
353 476.3677 378.3408
354 322.7759 523.1217
355 363.6492 467.5195
356 508.0366 423.3489
357 349.4089 419.0100
358 375.4724 513.1634
359 451.2778 394.7484
360 360.7802 486.7048
361 498.7010 568.7848
362 360.1314 393.5251
363 346.4574 471.8911
364 456.0525 664.8349
365 451.4882 691.1296
366 508.2975 508.6154
367 476.2055 637.2040
368 499.1277 375.4784
369 385.1078 732.3668
370 319.7516 529.0745
371 380.4177 485.2228
372 494.0884 414.2877
373 423.2579 402.3794
374 407.0257 404.1491
375 384.4226 629.2338
376 491.4874 542.0137
377 348.4343 762.0073
378 404.2415 735.5384
379 426.6794 717.5466
380 390.6021 402.7601
381 375.3059 398.7189
382 365.3821 396.0843
383 488.1243 376.0755
384 376.2013 380.4137
385 392.2037 376.2227
386 408.5236 375.3744
387 425.0486 378.6838
388 435.5298 384.1133
389 506.0734 372.1249
390 433.6626 399.4952
391 372.9134 568.6886
392 358.3835 518.0171
393 337.6184 560.0698
394 433.5441 692.1720
395 410.4133 712.5864
396 351.4782 746.7016
397 470.2595 661.7488
398 365.0014 387.6276
399 340.7253 433.8957
400 379.3820 750.8757
401 502.3056 555.6434
402 348.4712 620.1342
403 351.5647 625.1634
404 354.4667 633.3751
405 356.8622 644.9649
406 361.7340 666.2330
407 375.4186 620.2241
408 380.9779 618.5522
409 386.4053 615.4914
410 404.5074 600.5788
411 469.6800 550.9239
412 338.7398 413.8516
413 345.5021 377.2905
414 356.7568 382.4191
415 370.9994 617.8055
416 470.6703 604.5489
417 330.9112 373.4145
418 371.8585 688.3595
419 328.3116 420.6671
420 353.9019 469.0929
421 342.4525 698.7948
422 414.9759 651.0244
423 390.7661 531.9912
424 395.1882 673.1443
425 432.3540 529.0896
426 408.1611 554.2253
427 447.7148 565.6315
428 349.3892 725.1319
429 364.5610 483.3764
430 429.5253 667.2444
431 405.7555 690.3162
432 429.9064 623.9864
433 486.2236 579.2450
434 450.3829 627.2567
435 493.2527 598.8966
436 423.2568 584.2038
437 351.6365 450.4215
438 354.8527 508.6322
439 366.3308 517.0155
440 348.2046 492.8188
441 361.0315 360.2156
442 391.7773 350.5598
443 417.9476 349.5742
444 439.5423 353.7339
445 454.1808 363.6944
446 464.0045 401.3050
447 510.8992 463.1955
448 451.6257 429.2972
449 433.6725 434.2957
450 409.4284 433.5751
451 385.2829 427.9038
452 366.2206 419.7021
453 353.2009 411.4650
454 505.4249 470.7195
455 365.0839 524.1025
456 342.0748 452.1790
457 342.9271 508.0495
458 331.0926 519.9035
459 341.6674 512.3133
460 358.9930 531.5723
461 328.4333 521.6742
462 325.5613 527.6688
463 353.6080 394.7150
464 342.9079 398.9032
465 338.2384 401.0891
466 441.5838 388.3373
467 450.4568 382.6078
