# Image: /home/yaroslav/Projects/Diia.AIContest-AdAstrum/fixtures/FLUXSynID-processed/007ba280f60a/007ba280f60a_m_live_0_p_d1.jpg
# Mode: stream
# Status: fail
# Errors: face_not_looking_straight_at_camera: Head is turned 177.7째 (max: 15.0째); head_is_tilted: Head is tilted 14.9째 (max: 10.0째)

# 2D Landmarks (index x y)
0 313.6077 593.1601
1 316.1631 510.5238
2 312.5226 537.8972
3 294.9831 440.1968
4 316.1347 487.2303
5 314.2612 458.6725
6 308.3588 392.5514
7 161.3360 399.3546
8 306.5548 347.2262
9 306.7225 319.0803
10 303.0966 217.9437
11 313.5500 604.7237
12 312.9833 613.1506
13 312.0834 616.3382
14 312.0136 618.6293
15 312.5162 626.8588
16 312.7706 637.7015
17 312.4585 650.2382
18 310.8101 671.9446
19 315.0969 523.3966
20 294.2768 524.0529
21 81.6450 330.9696
22 218.7178 415.1049
23 199.0465 417.8824
24 179.9882 417.9379
25 153.5196 408.9552
26 235.4191 408.5033
27 194.4629 367.4084
28 214.4543 367.1654
29 175.2108 371.2188
30 161.4781 378.3315
31 137.0868 424.4895
32 232.9875 713.1046
33 154.2314 395.2197
34 73.2732 423.8458
35 113.1026 413.2862
36 208.7916 504.5026
37 288.4488 590.1621
38 291.1948 613.4271
39 261.6092 598.7882
40 243.3889 609.7953
41 271.3894 615.7537
42 255.0042 619.2584
43 215.5920 645.3509
44 298.8245 510.7143
45 296.1473 488.6946
46 128.0831 359.0878
47 247.1150 447.3281
48 246.3127 510.7941
49 244.2064 499.6683
50 148.1815 506.5689
51 295.7399 461.9483
52 179.1353 332.5346
53 149.5578 342.0798
54 103.4301 289.0078
55 267.1233 344.0758
56 232.2732 371.6964
57 199.8363 625.7947
58 91.0385 631.1021
59 260.9352 522.6360
60 278.4753 529.0346
61 221.8760 625.4117
62 229.8299 623.4557
63 137.2049 329.0302
64 244.6598 521.8446
65 218.0502 331.6017
66 214.0787 313.5712
67 188.9095 231.6359
68 121.0142 307.4510
69 203.6756 269.7194
70 114.7824 351.1615
71 98.3887 341.5539
72 289.6958 603.9743
73 267.5813 609.3393
74 249.6715 614.9496
75 266.1467 526.8513
76 226.2933 624.7587
77 235.7057 626.4616
78 231.5079 622.2987
79 274.3228 512.6492
80 257.7385 617.9746
81 274.4100 616.7329
82 292.7428 616.2983
83 283.9622 673.5232
84 287.1786 650.0455
85 288.7691 636.6607
86 289.9400 625.7681
87 291.1679 618.8142
88 254.3884 620.9149
89 252.0101 623.2375
90 248.1844 628.9345
91 244.4320 636.6813
92 225.8316 584.1048
93 68.1914 525.9804
94 313.7698 529.2401
95 243.4164 622.2776
96 239.9796 623.3922
97 286.0531 539.1790
98 251.9916 536.0373
99 282.4334 534.2111
100 226.1548 461.9366
101 194.5861 478.2873
102 240.1953 510.7039
103 137.7527 255.1639
104 154.7148 282.6713
105 171.3822 315.3674
106 233.9358 656.4606
107 260.7242 315.3624
108 251.9356 266.0287
109 242.3355 220.5546
110 163.2879 415.4818
111 115.5019 441.7580
112 246.2185 401.9197
113 136.8351 385.3234
114 261.4812 431.5428
115 260.7261 500.2505
116 93.1284 459.4241
117 130.9492 455.1005
118 158.2528 460.7205
119 196.4150 455.0390
120 224.0502 444.3409
121 245.0771 432.3064
122 289.0474 399.2847
123 97.7835 504.5616
124 119.0054 384.1675
125 304.7662 522.7210
126 249.7284 467.7585
127 63.9650 427.9843
128 260.8816 418.9823
129 237.8567 513.4069
130 147.5766 397.9749
131 258.6980 487.0131
132 75.1691 577.9130
133 245.5418 393.9315
134 277.0491 471.9732
135 141.7239 672.7569
136 140.8408 700.0856
137 74.2456 516.1051
138 115.2423 645.8385
139 85.1481 379.3302
140 227.9967 735.5059
141 305.6457 528.5961
142 231.6710 485.7827
143 94.9690 419.5706
144 181.5342 404.0599
145 198.7304 405.0325
146 230.9811 631.4132
147 102.0354 548.9099
148 265.4743 762.3850
149 201.2156 741.3532
150 173.2391 725.1301
151 305.1179 266.6184
152 308.2588 763.4238
153 215.3287 403.0781
154 230.5874 398.9817
155 240.4239 396.2821
156 103.5534 381.8979
157 228.7655 381.8524
158 211.9966 378.3633
159 195.7070 378.1118
160 178.5063 381.9627
161 167.1880 387.4539
162 69.5378 374.3867
163 169.5909 401.7503
164 312.5748 555.6197
165 244.4023 569.0352
166 261.2023 518.4163
167 284.4337 559.0181
168 306.4815 370.1919
169 169.6391 699.0241
170 197.4401 718.0617
171 265.5163 746.8641
172 114.1780 671.5372
173 240.4815 388.4431
174 277.0666 433.9107
175 309.9177 746.7239
176 231.4525 754.0789
177 81.2980 564.1819
178 271.5746 619.3428
179 269.0757 624.3770
180 266.4114 632.7633
181 263.8545 644.4325
182 256.2924 666.2583
183 239.9281 621.9125
184 234.6532 620.7410
185 229.0010 617.9336
186 209.1982 603.9282
187 131.5021 556.4604
188 275.6435 413.9741
189 263.1764 378.3002
190 249.7018 383.0827
191 243.5158 619.2428
192 127.0906 611.6322
193 281.3905 375.1086
194 243.8730 689.8549
195 312.2567 435.8063
196 291.6179 420.5260
197 310.3304 414.7179
198 263.5465 469.3601
199 310.7743 723.7324
200 310.8334 696.1120
201 276.6320 698.0565
202 195.5135 655.7380
203 222.1929 533.0325
204 217.4793 676.3701
205 177.6530 532.1729
206 204.5013 556.5040
207 159.4386 570.2863
208 269.2098 724.9608
209 250.1976 483.5954
210 177.3426 673.2082
211 204.8973 694.8298
212 179.1761 629.4583
213 106.8659 586.8884
214 153.4296 633.6196
215 92.5762 607.7937
216 187.7786 588.1104
217 263.7520 450.5949
218 267.8920 509.2378
219 252.6717 517.4490
220 277.6236 493.1063
221 248.3643 363.1189
222 216.8035 354.8298
223 189.0960 354.2713
224 165.0360 358.6433
225 147.1346 368.5587
226 132.4515 405.3202
227 70.5467 469.3848
228 149.0913 432.4222
229 170.1269 436.8174
230 196.5492 435.1471
231 221.6349 428.8017
232 241.3894 420.0109
233 254.9680 411.5338
234 65.4331 477.0878
235 252.5491 524.2093
236 278.7916 452.2519
237 283.7043 508.4690
238 294.2420 519.9200
239 283.1617 512.8430
240 258.3151 531.3628
241 298.4049 521.5516
242 299.0294 527.2977
243 253.1975 394.8930
244 265.7717 398.9232
245 272.8203 401.1226
246 160.1162 391.5418
247 149.6915 386.2593
248 328.5261 439.7090
249 437.4779 396.0708
250 331.5750 523.1347
251 494.5788 326.2212
252 384.7111 413.6134
253 403.7558 415.5427
254 421.4664 414.6863
255 443.5331 405.0952
256 368.3769 407.5467
257 408.3900 365.4644
258 389.0430 365.7369
259 426.3715 368.7888
260 438.2799 375.3646
261 458.4633 419.4841
262 382.4878 707.6744
263 443.0823 391.9526
264 504.0483 416.2785
265 477.3713 407.1646
266 402.4888 500.7434
267 337.4838 588.8288
268 333.3353 612.2948
269 361.3204 595.9877
270 376.5267 605.8882
271 350.7964 613.5842
272 364.5678 616.1901
273 398.3545 639.9330
274 332.3902 509.9333
275 334.8300 487.8826
276 468.3306 354.1296
277 363.2045 445.7052
278 374.1816 508.1641
279 374.2011 496.9173
280 455.4603 500.2619
281 331.9257 461.3253
282 425.9836 329.9469
283 451.2712 338.2259
284 479.7265 285.4074
285 344.4794 343.3493
286 371.5768 370.7741
287 412.7958 619.6612
288 483.8267 620.1653
289 360.0527 520.4617
290 344.0090 527.6244
291 392.8481 620.6958
292 384.7101 619.0808
293 461.1983 324.8503
294 374.1722 519.1094
295 390.7670 329.9783
296 394.7422 311.7084
297 409.5102 230.2893
298 470.4016 303.2452
299 400.8894 268.1328
300 478.0688 345.9919
301 486.7841 336.4061
302 336.0429 602.7903
303 355.5096 606.7731
304 370.6324 611.4651
305 354.7677 524.8801
306 388.5852 620.0876
307 380.8304 622.3277
308 382.3310 617.9971
309 350.7936 510.9229
310 360.2727 615.1233
311 346.1570 614.7825
312 329.8909 615.2919
313 336.6890 671.8186
314 336.6401 648.5027
315 335.6933 635.2331
316 333.9649 624.6175
317 331.8715 617.7499
318 363.8020 617.5467
319 366.5259 619.7925
320 370.5722 625.3155
321 374.1344 632.9349
322 391.2625 579.9064
323 499.7414 516.3840
324 372.5563 618.4922
325 376.3793 619.4539
326 337.4282 537.9549
327 366.3673 533.5555
328 340.4923 532.9813
329 383.1205 459.3649
330 413.4023 474.3261
331 376.8059 507.8040
332 452.8432 252.6144
333 443.1105 279.9208
334 432.5240 312.4300
335 382.1206 651.7852
336 351.2526 314.6294
337 356.3749 265.3260
338 361.4004 220.0006
339 435.8002 411.7412
340 477.4635 435.3901
341 358.0418 401.3185
342 458.8159 380.9550
343 350.1470 430.3712
344 363.1307 498.1936
345 495.0489 451.7767
346 466.5511 449.1043
347 444.1215 455.6282
348 409.2381 451.5040
349 382.8080 442.0249
350 362.5463 430.9364
351 326.2983 398.8388
352 493.4460 496.4004
353 473.7602 378.6309
354 324.8300 522.2012
355 363.5575 465.8891
356 503.4072 420.6606
357 347.8224 418.2064
358 376.7180 510.5545
359 448.5190 394.4482
360 362.3901 485.0043
361 495.1221 567.6275
362 357.6528 393.3261
363 347.7184 470.6281
364 454.8760 662.9408
365 449.7068 689.8043
366 505.1243 506.6616
367 474.5721 635.4919
368 495.3913 373.0627
369 385.5844 729.4508
370 321.5877 528.1839
371 380.1920 483.1640
372 491.1548 412.5978
373 420.2611 401.3903
374 404.0186 403.0801
375 385.2367 627.0041
376 489.6186 540.0737
377 349.1794 759.1374
378 403.6811 733.5533
379 425.5074 715.8925
380 387.6938 401.8188
381 372.6135 398.0074
382 362.8354 395.6288
383 485.2349 375.8311
384 373.4039 380.7210
385 389.3367 376.8595
386 405.4091 376.1052
387 421.6982 379.2895
388 432.2138 384.3998
389 501.7250 368.4487
390 430.6968 398.6540
391 374.7305 565.8409
392 360.8486 516.2667
393 339.4001 557.5514
394 432.8934 690.1531
395 410.3436 710.1452
396 352.6478 743.5135
397 467.9543 660.7487
398 362.4400 387.5729
399 340.4300 432.9423
400 379.4630 748.2896
401 499.4841 554.0617
402 349.4230 617.0508
403 352.4954 621.9671
404 355.4491 630.1051
405 357.7857 641.6417
406 362.2214 662.9299
407 376.7197 618.0738
408 382.4328 616.4688
409 387.8443 613.4085
410 405.4664 598.5043
411 468.4642 548.7073
412 337.7205 413.1437
413 343.2933 377.8697
414 354.5247 382.5211
415 372.1200 615.6459
416 469.4515 602.6692
417 329.3043 374.6685
418 372.4807 685.4116
419 328.0430 419.9648
420 354.4648 467.6578
421 343.6014 695.6009
422 415.1445 648.9859
423 391.5530 529.3242
424 395.4531 670.6441
425 431.5076 526.6645
426 408.4436 551.8436
427 447.0781 563.4210
428 350.7238 721.9711
429 365.2426 481.5318
430 429.2562 665.0211
431 405.8800 687.8078
432 430.0745 622.1718
433 484.5283 577.5110
434 449.7471 625.2177
435 490.9253 597.3561
436 423.5613 582.0932
437 351.3755 449.1272
438 357.2691 507.2740
439 368.8787 515.0015
440 350.1545 491.6116
441 358.3877 362.3463
442 389.1127 353.2688
443 415.3683 352.1656
444 437.0087 355.7435
445 451.7503 364.8987
446 461.4105 400.5018
447 507.3351 460.9034
448 449.2086 427.6757
449 431.2504 432.5460
450 407.0393 432.1663
451 383.0832 426.7404
452 364.0864 418.9073
453 351.1431 410.9346
454 501.1330 468.7389
455 367.6197 521.7786
456 342.4242 451.1263
457 345.1692 507.0115
458 333.2242 519.0013
459 343.9044 511.3363
460 361.3707 529.1205
461 330.5137 520.7662
462 327.5713 526.7276
463 351.2921 394.5493
464 340.9410 398.7076
465 336.7154 400.8111
466 438.3648 388.4110
467 447.6362 382.7189
