# Image: /home/yaroslav/Projects/Diia.AIContest-AdAstrum/fixtures/FLUXSynID-processed/0024d7b330c2/0024d7b330c2_m_live_0_a_d1.jpg
# Mode: stream
# Status: fail
# Errors: image_blurry_or_out_of_focus: Image is blurry (sharpness score: 44.24); strong_shadows_on_face: Strong shadows or uneven lighting detected (difference: 36.9); face_not_looking_straight_at_camera: Head is turned 175.4° (max: 15.0°); face_not_looking_straight_at_camera: Head is tilted up/down 12.4° (max: 10.0°); head_is_tilted: Head is tilted 17.8° (max: 10.0°)

# 2D Landmarks (index x y)
0 322.5262 649.5514
1 338.3714 561.8900
2 322.9678 591.0662
3 307.7743 481.6085
4 339.5283 535.7549
5 334.5877 503.0964
6 316.7285 427.7523
7 126.2123 430.5541
8 311.2337 373.5403
9 311.7839 340.9661
10 304.4099 222.3156
11 321.5222 662.0624
12 318.7709 671.3075
13 315.0624 674.6453
14 315.2043 676.0707
15 316.3316 685.4940
16 316.6978 697.9842
17 315.0388 712.2997
18 308.5343 738.9441
19 333.7408 576.3472
20 304.9972 577.1829
21 11.4852 339.6022
22 198.5051 451.4343
23 174.4831 454.4083
24 150.5514 453.3947
25 115.2246 439.4036
26 218.1361 443.7407
27 169.0731 388.3018
28 193.6579 390.4316
29 144.2544 391.0644
30 125.8879 399.4361
31 96.1885 456.1269
32 215.4250 789.3575
33 116.2787 423.8497
34 4.5225 449.5267
35 65.3204 440.3031
36 190.6414 550.7120
37 292.7377 646.5256
38 291.5515 672.1555
39 257.2404 656.5273
40 231.3617 667.3417
41 265.1177 674.9567
42 242.8551 678.0188
43 192.8575 706.8323
44 318.0481 562.0815
45 316.2356 537.0508
46 86.7276 371.3526
47 236.4891 486.9421
48 246.2532 560.1738
49 242.0152 547.0802
50 112.1269 551.2729
51 312.8908 506.6321
52 154.5958 343.2054
53 116.2101 351.8075
54 46.3238 291.9081
55 262.2223 367.4220
56 214.3476 398.0782
57 173.6594 684.3513
58 13.3879 690.1475
59 262.4257 574.0965
60 283.1015 581.8775
61 199.4234 682.3568
62 208.2892 680.5659
63 99.8367 334.7208
64 241.3346 571.9687
65 203.0051 347.4075
66 199.6310 325.6278
67 165.7791 231.3237
68 74.6554 312.5164
69 186.4027 275.8757
70 67.6844 361.0650
71 40.5934 351.6027
72 292.4052 661.8318
73 262.7091 668.0313
74 238.1979 673.1820
75 267.4515 578.9001
76 204.6146 681.5766
77 218.0620 684.2103
78 209.4824 679.6619
79 282.8568 564.3474
80 243.8116 676.1796
81 266.1437 675.5024
82 290.3867 674.9694
83 277.3467 740.6664
84 285.4273 712.3515
85 288.3561 697.0080
86 289.6868 684.6091
87 290.0141 676.8625
88 241.5593 678.6835
89 239.2618 681.3367
90 235.4141 687.8443
91 230.8353 696.9519
92 210.7319 640.0528
93 -15.8870 566.5317
94 328.5251 582.7749
95 225.9728 679.8202
96 222.9840 680.7462
97 291.7974 592.7085
98 246.9441 587.6435
99 287.7640 587.5978
100 210.5352 502.5365
101 171.7566 520.1304
102 234.8409 558.9299
103 96.6809 254.7451
104 121.5978 285.5930
105 145.4785 322.1623
106 216.0486 721.2103
107 256.4880 333.5287
108 246.2732 276.3404
109 232.7123 221.9993
110 128.5242 448.8842
111 69.7522 474.7809
112 230.5330 436.4035
113 95.6108 407.1532
114 255.0899 469.9419
115 267.2921 549.2929
116 38.7831 494.0914
117 91.0336 491.0431
118 126.2495 498.8870
119 173.0099 494.0147
120 206.3598 482.7980
121 231.7423 469.9554
122 293.3140 434.8403
123 44.0238 546.7447
124 73.7364 403.9851
125 321.7102 575.7672
126 241.9396 510.4186
127 -19.4936 451.5227
128 251.5001 455.6190
129 228.6963 561.4825
130 107.1237 425.0464
131 262.4423 533.5671
132 -7.1915 627.5813
133 228.4268 428.1462
134 288.1141 517.2525
135 92.1014 743.2408
136 83.4106 774.3214
137 4.3015 558.1873
138 55.6868 711.0253
139 21.0676 397.1749
140 207.5341 815.8776
141 319.2648 581.9569
142 218.9046 529.9396
143 40.2047 446.4444
144 153.0612 438.7857
145 174.7716 440.5962
146 212.2338 689.7217
147 45.8614 598.5102
148 248.9435 845.7006
149 166.8620 822.9985
150 128.4848 804.4651
151 308.9604 279.6949
152 296.7578 845.1760
153 194.4904 438.3563
154 212.1506 433.4174
155 222.9277 430.3437
156 51.5492 399.7659
157 208.8266 413.8951
158 188.7192 408.8668
159 169.3981 407.4845
160 148.3591 410.5887
161 133.6858 415.9024
162 -8.7947 389.6585
163 137.5237 435.0066
164 321.6002 609.9288
165 235.9872 624.2239
166 264.4861 569.7592
167 288.5979 613.9012
168 311.1863 400.9784
169 130.2126 773.9534
170 167.2303 796.1884
171 253.9350 827.8715
172 45.7352 739.0474
173 222.7762 422.0161
174 280.2135 473.7031
175 303.8605 826.4845
176 206.9747 837.2199
177 11.2544 614.4661
178 264.8996 677.1946
179 262.6743 682.9442
180 259.9396 692.6295
181 256.6619 706.3070
182 243.9011 733.0974
183 221.8490 679.8827
184 216.7108 678.2941
185 210.5698 674.9846
186 187.8579 660.6282
187 86.5797 608.5378
188 274.5326 450.7885
189 252.2583 408.9490
190 234.5787 414.0420
191 224.6002 676.9683
192 75.7987 671.8906
193 278.8368 405.7422
194 228.3921 761.6025
195 328.1425 477.0380
196 300.3350 459.1168
197 322.4941 452.9790
198 264.0101 513.2765
199 307.4764 800.2413
200 308.2285 767.7456
201 268.7267 770.3214
202 168.0962 721.0261
203 207.8510 582.9739
204 195.5256 745.6283
205 150.0365 581.8491
206 184.2717 609.3711
207 123.7218 625.1554
208 260.3337 802.1541
209 245.1333 528.5984
210 143.7474 743.0601
211 179.2161 768.5278
212 147.9782 690.6145
213 49.3511 642.7821
214 112.1417 697.4398
215 25.3459 665.6298
216 160.6894 643.7943
217 261.2006 491.7598
218 276.1139 560.1365
219 254.2476 568.2409
220 291.2345 541.8656
221 235.1554 388.9641
222 198.2377 375.1393
223 164.8872 371.1759
224 134.2789 374.5803
225 110.1787 385.9471
226 89.2402 432.2553
227 1.0400 503.4919
228 111.9051 466.4881
229 139.4557 473.1139
230 172.1538 472.5373
231 202.2334 465.9326
232 225.5832 456.3521
233 242.1974 447.2781
234 -19.3387 509.0128
235 251.9191 575.3143
236 286.0659 494.7383
237 298.1358 559.8247
238 307.1887 573.0622
239 294.6772 564.9471
240 256.7491 583.1318
241 313.3250 574.6267
242 310.9840 580.8285
243 238.6100 428.7079
244 255.0633 433.1895
245 266.5622 435.8548
246 124.3458 420.1647
247 110.7311 409.4537
248 344.5662 481.3523
249 438.7121 431.6231
250 346.3808 575.9181
251 475.5500 349.2309
252 381.9129 452.5070
253 402.3240 455.0848
254 420.8852 453.5350
255 441.9978 440.2049
256 365.7466 445.1652
257 411.4727 393.9264
258 390.3177 395.6632
259 430.5068 396.7160
260 441.8492 404.5030
261 453.2237 456.2804
262 375.1611 777.6474
263 443.6232 425.8626
264 478.3442 451.2272
265 466.9145 441.5289
266 406.2590 546.8295
267 347.3978 644.0164
268 339.7222 669.7483
269 369.7107 649.8201
270 382.1044 658.9725
271 356.0629 669.4567
272 368.0748 670.9205
273 394.8177 696.0931
274 354.9224 561.4336
275 358.1597 536.3807
276 470.0557 378.0448
277 365.4911 486.1573
278 386.3209 556.3862
279 384.0451 543.4502
280 455.1425 545.7443
281 352.3768 506.0314
282 434.9080 352.1112
283 458.0129 360.1608
284 469.2511 303.6991
285 352.1569 371.1648
286 371.1145 402.4139
287 410.8884 673.2885
288 440.3194 674.4759
289 370.8456 570.6525
290 354.5631 579.2097
291 392.1096 672.5272
292 382.9506 671.4791
293 466.0744 344.1921
294 383.1958 567.4111
295 400.5218 354.5352
296 405.5123 333.4684
297 412.9286 241.0445
298 468.5101 322.7380
299 408.6443 284.5343
300 476.4613 368.5717
301 476.9995 360.1104
302 344.5488 659.1019
303 362.7282 661.9272
304 375.3963 665.3851
305 364.6373 575.2909
306 387.6600 672.0565
307 380.4460 675.7270
308 379.7147 670.7061
309 367.1723 561.9298
310 361.7612 669.7983
311 349.0979 670.9013
312 333.6751 672.8428
313 334.8369 737.1457
314 339.4229 709.4375
315 339.7787 694.4035
316 338.1757 682.1731
317 335.1775 674.4766
318 363.9144 672.2541
319 367.3381 674.7209
320 371.6434 680.8475
321 374.7670 689.5369
322 397.1157 632.5857
323 455.4970 560.4363
324 371.0850 672.3997
325 375.7927 672.8829
326 348.0411 590.5400
327 373.2895 582.8039
328 351.3756 585.1819
329 384.4688 500.9100
330 415.2112 517.3949
331 384.2541 554.5927
332 450.2113 266.9627
333 446.9727 296.4137
334 441.4118 331.9104
335 379.1221 711.8583
336 360.7594 338.7787
337 364.1269 281.0113
338 366.2841 227.8942
339 435.0616 449.2001
340 468.3784 473.7819
341 356.1239 437.7716
342 457.8014 410.7003
343 353.6896 469.6878
344 379.3586 546.8302
345 480.8667 491.6828
346 461.4975 488.9726
347 442.4916 496.7281
348 408.6522 492.6913
349 381.8753 482.2456
350 362.3510 469.9070
351 334.5364 435.2806
352 481.4810 540.4624
353 469.0047 407.9013
354 343.7171 575.3066
355 368.0816 508.6479
356 465.8429 454.1357
357 348.8714 456.0255
358 381.2375 556.9723
359 447.2723 427.3234
360 375.9317 531.1418
361 450.4001 616.8777
362 355.2791 429.3857
363 365.1749 516.0548
364 433.3143 723.8562
365 418.0447 753.1199
366 477.8808 551.5233
367 448.9841 693.1028
368 477.5889 402.5442
369 375.3338 802.3109
370 336.8226 581.7900
371 383.1126 527.1662
372 475.3647 447.3539
373 421.4188 439.8798
374 403.5685 442.1800
375 384.4520 680.8489
376 476.0231 588.7090
377 337.8687 837.8874
378 383.4639 804.8581
379 399.6992 783.4856
380 385.7880 440.1497
381 369.9583 435.0616
382 360.2618 431.7874
383 475.5914 404.4082
384 371.7212 416.2730
385 388.4411 412.0397
386 406.2227 410.6273
387 423.8899 413.3355
388 434.3389 418.4850
389 473.8648 396.2632
390 432.3441 435.8338
391 382.1939 618.0273
392 373.3901 566.6663
393 349.2406 611.1964
394 413.8136 754.6218
395 394.9006 778.3985
396 346.1871 820.2278
397 429.5820 719.9161
398 360.7050 423.3156
399 349.9265 473.3294
400 364.8202 823.4057
401 470.6351 603.4461
402 351.6905 672.7143
403 355.2302 678.2232
404 358.2414 687.6107
405 359.8365 700.9934
406 360.1195 726.0855
407 377.4558 671.4393
408 383.9749 669.4801
409 389.8932 665.6954
410 408.3206 651.4583
411 463.4738 598.9376
412 343.5859 451.0740
413 344.1123 410.8985
414 353.5002 416.3079
415 371.3688 669.0839
416 455.9351 657.7700
417 333.7008 407.0588
418 366.9990 751.8854
419 340.0697 459.1374
420 364.2198 511.6213
421 340.1654 765.2768
422 407.8713 708.0755
423 395.4689 577.6072
424 388.1281 733.1622
425 435.1209 575.6128
426 412.6443 602.7553
427 447.1396 615.7257
428 346.7341 795.6840
429 371.9922 526.0860
430 417.1850 726.9488
431 395.0089 753.3009
432 425.5870 678.2195
433 467.7996 629.9422
434 440.2441 682.5257
435 461.5783 650.6208
436 425.3349 635.0181
437 358.2875 490.7239
438 374.3568 557.6866
439 381.4538 564.5721
440 370.5887 540.2596
441 361.1187 392.2211
442 393.6891 380.3495
443 421.3298 377.7810
444 443.0489 381.3130
445 455.3785 391.8247
446 455.7516 433.9240
447 480.5476 501.2682
448 446.1430 465.9443
449 429.4149 472.2824
450 405.4454 472.3137
451 380.7653 466.3200
452 362.1546 456.9939
453 349.9463 448.0393
454 458.2589 507.3111
455 377.7200 571.1793
456 356.0794 493.8748
457 365.7776 558.2657
458 350.5163 571.5823
459 362.0459 563.0325
460 370.1800 578.9538
461 348.9659 573.8077
462 342.5884 580.0178
463 349.6024 430.1290
464 340.7161 434.4243
465 338.9136 436.7515
466 439.9276 422.3794
467 448.9320 413.3183
