# Image: /home/yaroslav/Projects/Diia.AIContest-AdAstrum/fixtures/FLUXSynID-processed/0024d7b330c2/0024d7b330c2_m_live_0_e_d1.jpg
# Mode: stream
# Status: fail
# Errors: image_blurry_or_out_of_focus: Image is blurry (sharpness score: 46.35); face_not_looking_straight_at_camera: Head is turned 171.3째 (max: 15.0째); head_is_tilted: Head is tilted 25.2째 (max: 10.0째); face_too_small_in_frame: Face occupies only 41.4% of frame (min: 50.0%)

# 2D Landmarks (index x y)
0 327.9428 626.2628
1 316.2387 568.5062
2 319.8341 583.5732
3 291.2719 502.8390
4 312.7111 548.9708
5 308.2522 521.3553
6 298.0132 453.5103
7 183.4804 463.9449
8 290.9197 410.3722
9 286.8185 386.1042
10 271.8390 295.9934
11 329.6356 634.6925
12 330.7778 639.4363
13 331.2896 639.6891
14 331.7551 640.4557
15 332.9183 646.7250
16 334.4612 654.8284
17 336.3311 663.8880
18 340.0996 681.2869
19 317.9103 577.2971
20 301.0610 576.1470
21 112.3919 403.2129
22 234.3272 471.6120
23 218.3281 475.9873
24 202.2508 478.0339
25 179.3791 471.5760
26 246.7468 464.6810
27 202.7795 437.0308
28 219.8171 434.4004
29 187.8836 441.9809
30 178.6199 448.4831
31 168.7190 485.5091
32 284.4445 721.4562
33 176.7379 460.6516
34 119.9374 482.6194
35 147.5772 476.6343
36 233.8156 553.2177
37 306.2071 626.0476
38 312.6173 641.1168
39 285.9038 631.9669
40 273.7309 638.3545
41 297.0504 642.6545
42 284.9546 644.2465
43 258.8930 662.8613
44 301.5718 570.0429
45 296.4015 551.3898
46 147.7265 433.6099
47 258.1844 500.8659
48 261.4245 564.5533
49 259.4837 553.2706
50 186.4333 555.9353
51 293.4456 525.5543
52 181.3147 410.6956
53 160.3410 419.6490
54 120.8283 370.0813
55 256.2507 412.6670
56 235.9667 435.8545
57 242.3676 648.9752
58 167.8280 646.5926
59 274.7303 573.1135
60 289.6862 577.3395
61 259.7880 646.7163
62 266.3722 645.1513
63 148.4498 408.4269
64 261.9544 571.2088
65 212.4346 407.0442
66 205.8901 391.9700
67 177.5275 320.1493
68 134.5072 388.3928
69 192.8853 354.5296
70 136.2852 426.0132
71 124.4143 415.5640
72 309.5297 635.9457
73 292.5866 639.2940
74 279.7833 641.8821
75 279.4718 575.3564
76 263.2996 646.0133
77 271.6342 648.0014
78 267.7046 644.2209
79 283.3615 569.1082
80 287.6209 641.8903
81 300.3225 641.5157
82 315.2226 641.1594
83 318.6047 684.4096
84 316.1887 665.9786
85 315.1782 655.9557
86 314.5159 648.0863
87 314.7489 642.5356
88 285.9681 644.2276
89 284.2515 646.1845
90 282.2043 650.6804
91 280.4363 656.6132
92 255.9637 619.6542
93 135.9405 559.7022
94 318.6684 579.6088
95 277.6453 644.6114
96 274.7442 645.5787
97 297.4792 585.4681
98 270.0202 580.6934
99 293.5895 581.6824
100 243.9333 513.8241
101 220.1467 530.0291
102 258.1821 560.6959
103 140.6438 341.9375
104 155.6772 367.4947
105 171.9058 396.0938
106 275.4755 672.2113
107 246.0123 389.5660
108 233.1459 347.2527
109 219.9782 306.0208
110 188.2296 476.9157
111 153.8316 501.1215
112 253.9511 458.8009
113 161.1404 454.1885
114 267.0941 487.5574
115 271.0123 558.6585
116 139.1365 515.7667
117 167.7591 512.3000
118 189.9153 516.1288
119 219.9922 508.6153
120 241.0569 497.3282
121 255.7956 486.1142
122 283.4609 460.7981
123 148.8669 553.3209
124 146.2820 453.0811
125 308.9502 577.7140
126 262.1456 520.5063
127 116.6678 479.7103
128 266.1691 474.7278
129 257.6410 560.4569
130 172.6243 463.1308
131 268.9168 544.7384
132 148.4465 602.8333
133 251.8441 452.1653
134 280.5308 533.4184
135 207.0431 687.8770
136 213.2580 706.9540
137 134.8651 559.0778
138 183.7719 665.3228
139 121.3280 446.0452
140 283.8500 741.1950
141 311.3415 579.8112
142 250.3036 535.7149
143 134.5868 481.7020
144 201.2455 466.7887
145 216.0567 465.8089
146 268.6138 651.7381
147 158.1392 589.2668
148 318.9398 761.3882
149 265.0696 743.8128
150 241.1331 729.0531
151 279.2809 340.5986
152 354.8055 758.7719
153 229.6288 462.0986
154 241.6565 456.8420
155 248.7558 453.9925
156 134.0762 450.3874
157 235.3614 443.0097
158 220.2580 441.5136
159 205.9171 443.2814
160 192.2717 448.4423
161 184.3384 454.1039
162 110.9144 437.4089
163 190.7847 465.7227
164 322.5190 596.4634
165 268.3588 608.2116
166 274.1423 571.3474
167 299.3166 600.8136
168 294.4708 430.7683
169 232.6976 709.7523
170 257.3663 726.0415
171 315.5222 749.3560
172 190.1982 681.2461
173 246.4442 448.0003
174 277.9911 493.6818
175 352.1004 745.8015
176 290.2969 755.4808
177 147.3090 598.1464
178 299.0788 643.4458
179 297.7358 647.5283
180 297.1114 653.8998
181 296.8745 662.8223
182 295.1674 680.0682
183 273.8272 645.0049
184 269.1124 644.5587
185 264.1153 642.6612
186 245.8376 633.8259
187 180.2973 596.7087
188 275.3799 473.0831
189 262.2277 439.2223
190 252.6861 443.5069
191 276.6569 642.2085
192 185.2355 639.7655
193 274.7932 436.9960
194 289.8337 700.2861
195 304.7185 497.8053
196 287.0437 482.6529
197 301.5048 476.1560
198 271.9275 525.6859
199 348.3494 726.1379
200 343.9992 701.9120
201 317.1941 705.7736
202 244.8094 673.1220
203 247.5111 576.7491
204 266.3126 689.3800
205 211.7862 577.8861
206 236.1639 596.9623
207 202.4213 608.6632
208 315.0494 730.0718
209 263.9728 536.2796
210 233.5601 688.9225
211 259.2681 706.3536
212 227.0752 653.3784
213 167.3938 619.4605
214 207.8839 657.7806
215 162.1894 633.5728
216 226.6996 621.6946
217 270.3415 506.8167
218 277.4360 567.0194
219 267.0951 570.6695
220 282.4973 554.7456
221 246.4572 428.6006
222 218.1034 425.4461
223 195.1291 427.8613
224 176.8327 433.0150
225 165.3347 441.3326
226 161.9572 469.5510
227 125.0435 520.8221
228 179.5651 491.9205
229 197.0569 494.6511
230 218.4507 491.0057
231 237.9851 483.2540
232 252.3376 474.5765
233 261.7288 467.0977
234 126.4626 519.3626
235 268.2816 574.0342
236 280.5610 512.6803
237 289.1781 568.1456
238 299.9916 574.7243
239 289.8634 570.0942
240 274.1132 578.1605
241 303.4151 576.7871
242 305.5202 578.9228
243 257.9572 453.0607
244 268.0394 456.2860
245 272.8925 459.3427
246 179.9998 457.9190
247 171.6158 454.6213
248 319.6510 498.1362
249 416.9223 425.3119
250 334.4661 570.6268
251 469.8022 343.3270
252 370.0061 448.9996
253 387.3134 447.8718
254 403.6286 444.5338
255 423.8554 430.9943
256 355.2977 446.6061
257 387.9014 405.2767
258 370.4900 408.4785
259 404.2559 405.2131
260 415.7820 408.5058
261 439.4858 440.3586
262 408.3808 701.3927
263 422.4624 419.8895
264 489.3998 420.5163
265 457.4879 424.5124
266 397.2514 526.2658
267 348.9151 618.9974
268 349.3563 635.0094
269 371.6335 618.0373
270 386.6363 619.7181
271 365.5509 631.3983
272 378.4180 628.7113
273 411.3428 637.5149
274 330.7512 565.1406
275 329.3978 545.8580
276 441.1852 383.4060
277 355.3423 484.7419
278 370.1623 547.0297
279 368.9630 535.5164
280 445.9821 512.8594
281 324.0739 520.3885
282 398.6194 372.3444
283 422.9290 374.2542
284 448.5609 314.8590
285 325.5366 399.8713
286 355.4297 415.3490
287 422.1793 619.2672
288 500.0315 591.7441
289 360.0145 559.5146
290 347.0401 568.2109
291 404.1730 622.7387
292 397.3178 623.2658
293 431.2698 359.4442
294 372.4728 553.5508
295 366.3178 379.3723
296 367.4979 362.8730
297 371.9351 286.9707
298 439.8188 336.3959
299 368.0984 324.0022
300 450.5176 372.4404
301 460.5817 358.8479
302 349.8201 629.3211
303 368.2266 626.9566
304 382.3431 624.9305
305 356.4951 563.2248
306 400.4332 623.1392
307 393.0239 627.6933
308 395.6849 622.9484
309 349.1241 558.3056
310 375.4251 627.0813
311 362.6465 631.1927
312 347.7715 635.7087
313 361.8646 677.2411
314 356.5179 659.0613
315 353.5984 649.4778
316 351.1446 641.9448
317 349.1203 636.8190
318 377.9716 628.7844
319 380.2570 630.0723
320 383.7606 633.5818
321 387.5530 638.6076
322 397.4112 596.4911
323 501.6196 498.4531
324 386.3889 626.4835
325 389.3125 626.4145
326 342.2212 578.2560
327 368.4636 565.0335
328 344.5405 573.4566
329 374.2262 492.2085
330 403.4710 499.6526
331 373.2576 542.1601
332 417.3012 294.9546
333 410.3456 323.5088
334 402.7750 355.3799
335 398.8684 651.7081
336 327.4373 374.4195
337 326.1220 331.1540
338 325.1769 288.1782
339 417.0786 438.9614
340 459.7701 449.9545
341 346.1325 443.4439
342 435.5685 407.9714
343 341.7139 475.0754
344 357.9887 544.4899
345 479.7504 458.8362
346 449.4209 465.3037
347 428.6786 476.2857
348 396.5134 479.2368
349 371.8147 475.5340
350 353.3111 469.8761
351 315.0841 455.3759
352 483.0932 497.5959
353 450.0556 401.7091
354 326.8214 574.6799
355 357.5115 504.8441
356 493.2467 416.4893
357 338.8181 462.5359
358 374.4735 541.5877
359 427.4731 420.6655
360 356.1291 530.4951
361 504.0696 543.7295
362 346.0549 436.4708
363 340.1233 523.5876
364 473.4729 644.4160
365 475.4284 664.1750
366 500.4737 498.0832
367 488.8473 615.2081
368 474.7921 386.4706
369 416.3650 719.7553
370 325.6440 577.4433
371 374.7162 515.2496
372 472.7054 424.8152
373 400.5142 433.8043
374 385.8046 437.5635
375 397.3457 630.1676
376 486.5604 534.7634
377 389.9837 750.0171
378 436.7234 716.1184
379 455.4481 694.4643
380 371.3833 438.4664
381 357.7511 437.3617
382 349.7176 437.1447
383 461.8949 394.7995
384 359.3086 422.3392
385 373.5288 415.8566
386 387.9653 412.8737
387 402.8654 413.3927
388 412.5036 416.1128
389 483.6066 374.9857
390 410.3101 429.4306
391 380.4502 590.0185
392 359.7322 557.5274
393 346.7188 593.1360
394 455.7650 673.6287
395 437.0666 697.0564
396 388.3518 737.5951
397 489.6600 632.0998
398 349.8960 430.7204
399 331.4893 484.7948
400 415.8927 735.2534
401 501.6145 539.3305
402 364.7983 632.3646
403 367.4928 635.7768
404 370.4824 641.4372
405 373.9816 649.7163
406 382.8672 665.4971
407 389.9629 625.6341
408 394.0267 623.8171
409 398.1831 620.4154
410 412.8293 606.3018
411 466.6956 549.3363
412 327.9382 464.2305
413 330.4213 427.4345
414 341.7541 428.3837
415 386.2505 623.8830
416 477.3039 591.7191
417 316.1421 429.7091
418 395.6126 682.9328
419 317.9963 477.4541
420 348.0017 513.0717
421 371.1561 696.9200
422 429.2294 642.9171
423 390.7616 553.4306
424 414.3573 665.2227
425 427.8933 542.2061
426 409.6359 568.4972
427 448.2497 568.1867
428 381.7816 719.2023
429 359.9856 520.5716
430 446.4436 654.1961
431 427.6105 679.0433
432 439.4156 618.3873
433 488.2096 566.5018
434 460.6650 616.3565
435 499.3713 577.8911
436 427.8533 588.5827
437 344.0683 494.5912
438 354.0714 554.4744
439 366.4475 554.6771
440 344.6257 544.5383
441 341.8554 411.9231
442 368.1887 399.2104
443 391.5092 394.0289
444 411.4611 393.0027
445 426.2121 397.1934
446 440.6793 422.8783
447 497.2072 458.5315
448 430.8366 450.0249
449 414.4009 458.4165
450 392.0873 462.0788
451 370.1963 461.1299
452 353.1681 457.7372
453 341.1808 453.7534
454 497.3131 457.0067
455 366.8859 558.3165
456 334.1700 503.7361
457 342.4572 559.2959
458 334.6657 568.9579
459 342.7347 561.3451
460 363.1206 564.0981
461 331.9523 571.9732
462 331.0860 574.6996
463 340.1729 439.2776
464 330.8910 445.6671
465 326.5770 450.2167
466 418.1444 418.3958
467 425.1507 412.0699
