# Image: /home/yaroslav/Projects/Diia.AIContest-AdAstrum/fixtures/FLUXSynID-processed/0024d7b330c2/0024d7b330c2_m_live_0_p_d1.jpg
# Mode: stream
# Status: fail
# Errors: strong_shadows_on_face: Strong shadows or uneven lighting detected (difference: 38.9); face_not_looking_straight_at_camera: Head is turned 170.7째 (max: 15.0째); head_is_tilted: Head is tilted 22.7째 (max: 10.0째); face_too_small_in_frame: Face occupies only 39.0% of frame (min: 50.0%)

# 2D Landmarks (index x y)
0 327.4211 624.6150
1 318.1751 566.2859
2 321.2196 582.7449
3 292.6985 501.5228
4 314.6683 546.5041
5 310.3304 519.2219
6 300.2483 453.2019
7 180.9549 465.9237
8 293.2453 409.2647
9 289.2510 384.5851
10 274.4512 294.1955
11 328.8460 633.6718
12 329.9411 639.4343
13 330.5014 640.4914
14 330.0773 640.1617
15 331.2541 647.1254
16 332.7559 656.0961
17 334.6757 665.8523
18 338.3684 683.1673
19 319.8041 575.6445
20 301.9656 575.3399
21 113.5328 404.7053
22 232.3559 474.1949
23 216.0119 478.4126
24 199.8635 480.3016
25 177.0626 473.5949
26 245.3388 467.3077
27 201.4332 437.1897
28 219.1491 434.9788
29 185.7965 442.2522
30 176.1152 449.0322
31 166.7423 487.4636
32 281.0191 723.1709
33 174.2705 462.3084
34 120.3697 484.4154
35 146.3937 478.0360
36 231.7466 554.4695
37 304.7944 624.3658
38 310.8837 641.3113
39 283.2525 631.9252
40 270.2076 639.8503
41 294.4584 643.5994
42 281.7159 646.0969
43 254.4715 666.8224
44 303.0535 568.0746
45 297.6670 549.1152
46 146.2180 433.1463
47 257.4610 502.0119
48 259.9097 564.9141
49 257.6810 553.8031
50 184.0817 557.9547
51 294.8296 523.6286
52 180.3099 409.7656
53 158.9483 418.8034
54 121.6287 370.8225
55 256.6205 411.8368
56 235.7209 436.9823
57 238.0990 652.4319
58 165.9779 648.4561
59 273.7491 573.6603
60 289.5898 577.3786
61 255.2766 650.3884
62 262.1745 648.2062
63 147.4923 407.3585
64 260.1391 572.2050
65 211.7745 406.1175
66 205.6416 390.7524
67 178.4814 319.3058
68 134.5230 388.1180
69 193.3981 353.4642
70 135.2755 425.6203
71 124.4717 416.0440
72 307.8735 635.0034
73 289.8364 639.7375
74 276.3031 643.5510
75 278.6905 575.9189
76 258.9005 649.4426
77 267.2796 650.9980
78 263.6445 647.0007
79 283.2467 568.4175
80 284.6802 643.9108
81 298.0393 642.9453
82 313.6299 642.0747
83 316.0928 686.5036
84 313.5767 668.1334
85 312.5328 657.4283
86 312.0464 648.5363
87 312.3608 642.4186
88 282.2457 645.6546
89 280.4027 648.0464
90 278.0593 653.2720
91 276.1596 659.7936
92 253.1152 620.6881
93 135.4122 562.0038
94 320.4663 578.3455
95 273.6366 646.7161
96 270.5489 648.0871
97 297.4933 585.2383
98 268.4415 581.8723
99 293.5899 581.5671
100 242.3717 515.3308
101 218.1867 531.6584
102 256.0772 561.7217
103 141.4202 341.9808
104 155.8223 366.7599
105 171.2429 394.9377
106 271.6621 675.5047
107 246.6358 388.2840
108 234.4473 345.8587
109 221.5688 304.5950
110 185.8102 479.0779
111 152.2497 503.1501
112 253.2037 461.2695
113 159.1508 454.8795
114 267.0744 488.2976
115 270.3097 557.9675
116 137.7252 517.7260
117 165.5853 514.5355
118 187.7204 518.3420
119 218.0402 510.5742
120 239.4539 499.2034
121 254.9876 487.7356
122 284.9285 460.6953
123 146.7036 555.5027
124 144.9141 453.5758
125 310.4228 576.1335
126 261.1259 521.3286
127 117.8735 482.1018
128 266.0723 475.9738
129 255.4168 561.9507
130 170.2583 464.8274
131 267.9264 544.3663
132 147.4534 604.8606
133 251.4954 454.3638
134 280.8542 532.1696
135 204.2933 689.8288
136 210.6988 708.3261
137 133.5907 561.0305
138 181.0801 667.2702
139 121.7607 447.2627
140 280.9008 741.9598
141 312.8309 578.6680
142 248.5531 536.9655
143 133.9188 483.0651
144 198.6126 469.0646
145 213.5916 468.2744
146 264.0714 655.2453
147 155.7369 591.4249
148 316.2609 761.1140
149 262.4396 744.2246
150 238.5908 730.0383
151 281.7580 338.8818
152 352.1357 758.4624
153 227.5905 464.7289
154 240.2482 459.5910
155 247.9955 456.5821
156 133.3720 451.0492
157 234.5950 444.0418
158 219.0095 441.7413
159 204.0350 443.2174
160 189.8135 448.5909
161 181.7635 454.7250
162 112.4601 439.4810
163 188.1105 467.8569
164 323.1650 595.2795
165 266.1405 608.7333
166 273.2799 571.5341
167 298.6441 600.0562
168 296.7239 430.3723
169 229.8208 711.4493
170 254.3231 727.2302
171 312.7463 750.0052
172 187.7645 682.9278
173 246.0290 449.8040
174 278.6181 493.3203
175 349.7358 746.4461
176 287.6823 755.4282
177 145.5134 599.9984
178 296.0336 643.9793
179 294.4865 648.6225
180 293.5544 655.8790
181 293.4305 665.4674
182 292.0022 682.7389
183 269.9602 647.6620
184 265.0385 647.3728
185 259.9428 645.5113
186 242.2823 636.0664
187 177.6104 598.8755
188 276.1136 473.3653
189 262.4182 440.4441
190 252.5394 445.2964
191 273.1084 644.7064
192 182.4857 642.0535
193 275.9749 437.1069
194 286.2932 702.8544
195 306.7615 496.3478
196 288.4595 481.9680
197 303.6223 475.2734
198 271.3194 525.5194
199 346.3665 727.6697
200 342.1388 703.9819
201 314.2767 707.9856
202 241.0265 676.2981
203 244.9916 578.2583
204 262.5421 692.3759
205 209.4351 579.3948
206 233.4186 598.4522
207 199.6574 610.6382
208 312.1747 731.5958
209 262.4392 536.8995
210 230.2423 691.3704
211 255.7986 708.5699
212 223.2913 656.2883
213 164.8447 621.5777
214 204.7109 660.2694
215 159.9335 635.4520
216 223.6603 623.8968
217 270.1387 507.0337
218 277.1184 566.2545
219 265.8635 570.8815
220 282.8942 553.1586
221 246.1271 429.2178
222 217.3542 425.5891
223 193.7416 427.8089
224 174.9503 432.8936
225 163.1890 441.4523
226 160.1241 471.1017
227 124.5480 522.7356
228 177.2259 494.0885
229 194.7617 496.8018
230 216.3410 493.2383
231 236.2083 485.5008
232 251.2792 476.7446
233 261.2970 468.9889
234 126.6688 521.7819
235 266.9261 574.7839
236 281.0833 511.8830
237 289.8571 566.6736
238 301.0166 573.5853
239 290.3162 568.9897
240 272.9060 579.0224
241 304.6448 575.3905
242 306.6329 577.9759
243 257.7640 455.2603
244 268.2159 457.8734
245 273.4423 460.2509
246 177.4925 458.9812
247 169.1315 455.6647
248 322.1744 496.6632
249 422.0626 425.2045
250 337.2030 569.6817
251 470.0596 345.2805
252 374.7191 450.1907
253 392.1407 448.8452
254 408.4700 445.4114
255 428.4953 431.3232
256 359.6354 447.9474
257 392.2892 404.1133
258 374.2654 407.8887
259 409.2603 403.7825
260 421.0981 407.2299
261 443.3311 441.5290
262 408.1107 703.0685
263 427.3384 419.4012
264 489.4089 423.2252
265 460.3334 425.6479
266 400.7044 527.1887
267 349.0898 617.4560
268 348.9240 635.2680
269 372.6899 617.9641
270 387.7263 621.3089
271 365.7405 632.4799
272 378.8072 630.7513
273 412.5313 641.5941
274 333.1331 563.0864
275 331.9542 543.4708
276 445.4014 381.9056
277 358.7809 485.3872
278 374.8589 546.5058
279 373.8320 535.0910
280 449.1604 514.9930
281 326.7313 518.3413
282 403.4504 370.5518
283 427.6907 372.2775
284 450.3596 315.6807
285 329.3670 398.8107
286 358.9464 415.5546
287 423.6101 622.9972
288 498.6534 594.5442
289 364.2171 559.2201
290 350.2847 567.8245
291 405.3406 626.4895
292 398.0182 626.4903
293 435.4699 357.6019
294 377.2532 553.6242
295 371.0422 377.9662
296 372.0072 361.3421
297 375.4673 285.9146
298 442.6308 335.9372
299 371.9254 322.6966
300 453.9764 371.4124
301 462.3132 359.3213
302 349.6515 628.4485
303 368.8429 627.3676
304 383.1650 626.7011
305 360.3945 563.0957
306 401.4082 626.7187
307 393.7304 630.7484
308 396.2616 625.9560
309 352.8773 557.0951
310 375.5502 629.3922
311 362.5480 632.8212
312 347.2281 636.7349
313 360.8743 679.3863
314 355.6579 661.2658
315 352.6409 650.9177
316 349.9777 642.4821
317 347.8467 636.7781
318 377.7949 630.3492
319 380.2399 631.9736
320 384.1776 636.1620
321 388.1091 641.7164
322 399.3016 597.6920
323 500.4527 501.8320
324 386.4696 628.6941
325 389.7029 629.0704
326 344.9367 577.7230
327 372.6195 565.4825
328 347.5466 573.0017
329 378.0678 493.1735
330 407.0407 501.0281
331 378.2006 542.2390
332 420.2303 294.9015
333 413.9550 322.4955
334 407.3109 353.5985
335 399.2411 655.1592
336 331.3734 373.1039
337 329.4856 329.6582
338 328.4458 286.5334
339 421.7969 439.5863
340 462.9095 451.8596
341 350.1578 444.7663
342 439.9523 407.3518
343 344.7446 475.4188
344 362.1745 543.1574
345 482.0304 461.1430
346 453.1533 467.3053
347 432.6251 478.1972
348 400.4000 480.6772
349 375.7655 476.6684
350 356.8771 470.8402
351 317.7323 455.1657
352 485.5360 500.2435
353 453.5530 401.5175
354 328.9617 573.0335
355 361.1948 505.1048
356 491.6821 420.1043
357 342.0938 463.2162
358 379.3102 542.1480
359 432.2162 420.4533
360 360.4884 529.3781
361 502.6490 546.7320
362 349.7301 437.5589
363 343.4754 521.9120
364 472.8296 647.0354
365 473.8128 666.3020
366 500.9126 500.8022
367 488.4770 617.8833
368 475.4690 388.2849
369 415.0794 720.6790
370 327.7848 576.2502
371 378.6665 515.8890
372 474.6231 426.4905
373 405.8517 434.2596
374 391.0571 438.3135
375 398.3031 633.7309
376 488.4102 537.4504
377 387.4349 749.9087
378 434.7218 717.0002
379 453.5585 696.0133
380 376.2590 439.5368
381 362.2849 438.6775
382 353.7916 438.5188
383 464.3781 395.1853
384 362.8785 422.0698
385 377.2003 414.5779
386 392.1268 411.0290
387 407.5683 411.4617
388 417.3524 414.5654
389 482.7747 377.9940
390 415.6304 429.6087
391 383.1782 590.3891
392 363.8596 556.9478
393 348.3598 592.1663
394 454.9378 675.7804
395 436.1150 698.5577
396 386.5962 738.3029
397 488.2070 634.5839
398 353.4601 431.3961
399 334.3463 484.2103
400 413.6033 735.4937
401 501.7558 541.9773
402 363.9782 633.0862
403 366.9191 636.9505
404 370.2551 643.3634
405 373.8010 652.3757
406 382.5737 668.2956
407 390.6047 628.4559
408 394.9394 626.7701
409 399.3949 623.3738
410 414.3046 608.8723
411 468.7898 551.9132
412 330.7716 464.2343
413 333.9731 428.0405
414 345.3630 429.2642
415 386.5403 626.6707
416 478.1145 594.6298
417 319.1532 429.7081
418 395.6091 685.3930
419 320.5175 476.6696
420 351.7078 512.4115
421 370.4438 699.0274
422 430.0779 646.4006
423 394.8647 554.3716
424 414.9045 668.3085
425 430.4784 543.7595
426 412.3196 569.8674
427 450.1998 570.4341
428 380.7972 720.7916
429 364.3025 520.4639
430 446.7335 656.9873
431 427.6444 681.3778
432 440.6704 621.7647
433 489.2247 569.3102
434 461.3609 619.3534
435 499.2833 580.5321
436 429.5274 591.0991
437 347.3441 494.3850
438 358.0365 553.1396
439 370.8689 554.0823
440 347.9883 542.6585
441 345.7309 411.8507
442 372.4888 398.3833
443 396.2993 392.6898
444 416.5536 391.4560
445 431.2148 395.7426
446 444.5603 423.3260
447 497.4655 461.3175
448 435.1408 451.2153
449 418.7075 459.7995
450 396.4764 463.3686
451 374.4991 462.3331
452 357.0723 458.9397
453 344.7558 454.8161
454 495.9504 460.5992
455 371.3828 558.1710
456 337.1799 502.5921
457 345.6463 557.5467
458 337.3948 567.5751
459 346.0963 559.9050
460 367.2025 564.2646
461 334.4554 570.4708
462 333.5097 573.6045
463 343.8406 440.4453
464 334.2151 446.5714
465 329.6361 450.7056
466 422.9998 417.3345
467 430.1816 411.1988
