# Image: /home/yaroslav/Projects/Diia.AIContest-AdAstrum/fixtures/FLUXSynID-processed/00863bfc8329/00863bfc8329_f_doc.jpg
# Mode: stream
# Status: fail
# Errors: strong_shadows_on_face: Strong shadows or uneven lighting detected (difference: 43.2); face_not_looking_straight_at_camera: Head is turned 179.6째 (max: 15.0째); head_is_tilted: Head is tilted 17.8째 (max: 10.0째); face_too_small_in_frame: Face occupies only 49.3% of frame (min: 50.0%)

# 2D Landmarks (index x y)
0 303.4653 630.9924
1 301.3847 564.0929
2 302.7724 585.8157
3 285.0011 496.1778
4 300.7989 542.5251
5 300.6417 514.8836
6 301.2383 449.8364
7 167.1428 445.9768
8 300.8827 403.4455
9 300.4533 376.4972
10 299.2192 270.7844
11 303.7129 641.6089
12 304.0671 649.7787
13 304.5555 653.0920
14 305.3194 658.0472
15 305.4213 666.8837
16 305.6790 678.2318
17 306.1418 690.3777
18 307.1643 709.1511
19 301.7989 575.0882
20 285.5550 574.1189
21 106.4870 371.5499
22 221.4722 464.0442
23 202.8532 465.7336
24 185.0539 465.0614
25 160.9971 454.0476
26 237.1197 458.9138
27 196.3809 415.3400
28 216.3056 416.7594
29 177.8547 417.9002
30 165.4667 424.2787
31 146.9380 468.0696
32 239.2144 740.7848
33 160.7170 441.0353
34 98.7673 460.5665
35 127.3547 455.4310
36 209.2044 548.8471
37 280.2851 627.7563
38 284.0000 649.6779
39 256.7469 634.5724
40 241.6784 643.4030
41 267.1408 650.8688
42 253.7197 653.1742
43 220.7687 676.0317
44 285.9171 563.7959
45 282.8559 543.2049
46 136.2513 403.7628
47 246.2195 496.7968
48 242.9976 559.5517
49 241.6782 548.4340
50 153.7990 547.8932
51 283.6717 517.4346
52 179.8106 383.4898
53 153.6215 389.3708
54 121.8800 334.0440
55 261.6843 400.8371
56 233.7143 422.8396
57 205.8785 656.1650
58 125.3600 649.7244
59 257.2036 570.9721
60 273.4767 577.0157
61 225.2088 656.2348
62 233.8587 654.9848
63 143.6447 375.6326
64 242.9449 568.6997
65 215.1487 386.3328
66 211.5406 368.7919
67 192.3966 283.6660
68 133.1896 353.6805
69 204.0100 323.8355
70 125.7440 394.8704
71 116.1431 383.8582
72 281.7110 640.3657
73 262.4882 644.4360
74 247.6535 648.5694
75 262.4813 574.5897
76 229.6370 655.8422
77 237.8738 659.8806
78 236.0733 653.8611
79 266.4643 563.8258
80 257.5837 651.9767
81 271.2013 652.0523
82 286.8010 652.6179
83 282.1323 709.2653
84 282.6197 689.1127
85 283.2609 676.2659
86 284.4524 664.9909
87 286.1111 657.6970
88 255.0943 656.3954
89 252.3112 659.0211
90 248.2782 664.8418
91 244.8594 672.2766
92 225.9897 620.8746
93 103.5058 550.8404
94 302.2972 579.4719
95 246.3044 655.9939
96 242.2949 657.1067
97 279.7965 586.0392
98 250.2920 581.0595
99 276.8055 581.7606
100 226.7111 509.0356
101 196.3713 523.2011
102 239.0623 557.6881
103 148.8836 304.2056
104 161.0461 332.6877
105 173.2822 366.3221
106 236.9711 689.1924
107 255.1016 373.6255
108 248.6394 321.7094
109 241.0268 273.7096
110 169.6836 461.4112
111 128.2390 483.5479
112 247.1785 453.4991
113 145.3877 429.8538
114 259.1955 483.1326
115 253.9245 551.5366
116 110.3406 498.1286
117 140.1927 497.7420
118 163.9725 504.9145
119 199.5259 500.8652
120 225.6500 491.8980
121 245.2021 481.8875
122 283.4079 455.6370
123 113.4342 541.1186
124 130.7283 427.6862
125 292.6706 574.2533
126 247.9450 516.7900
127 96.9732 460.0895
128 259.4937 470.5319
129 237.7869 559.1473
130 155.2880 443.0286
131 253.0411 538.2302
132 110.8969 599.5431
133 247.1244 445.6982
134 267.8908 525.5998
135 162.7001 696.3533
136 166.9773 718.1853
137 100.0455 546.8264
138 139.0720 669.6674
139 107.0216 419.2553
140 237.5720 759.5100
141 295.1053 578.7348
142 231.5073 532.2566
143 112.9975 459.8043
144 185.5972 452.2064
145 202.0146 453.8899
146 233.3632 664.2161
147 118.8496 582.0840
148 272.5121 784.4353
149 218.5104 760.0957
150 195.0399 743.3934
151 299.8090 321.5641
152 310.2599 787.7555
153 217.9076 452.7735
154 232.8097 449.6505
155 242.3737 447.6882
156 118.6117 423.9838
157 231.0382 431.6799
158 214.9118 426.0721
159 198.3945 424.5955
160 181.7132 427.7487
161 171.3357 433.2565
162 98.9713 411.1926
163 174.5561 449.2106
164 303.1828 599.8347
165 242.5912 609.0292
166 256.5585 567.7327
167 277.6851 601.9410
168 301.3176 425.8347
169 187.9537 721.7416
170 211.9363 740.7708
171 269.8003 772.8910
172 144.7699 689.3517
173 242.1863 439.8507
174 271.2351 487.9199
175 309.4375 775.3513
176 243.5477 774.2940
177 107.6119 591.4873
178 269.2646 656.7958
179 266.5491 662.0985
180 263.7782 670.8444
181 261.8561 682.2003
182 257.1287 700.8589
183 241.6841 654.2771
184 235.7847 652.7550
185 230.2799 649.8180
186 212.2042 637.1264
187 141.7739 592.5170
188 271.5498 468.0084
189 261.6801 432.0950
190 250.0388 435.4691
191 245.9718 651.8242
192 143.4853 641.0748
193 277.5097 430.1881
194 247.2722 720.9321
195 300.8621 492.5363
196 283.8186 476.9292
197 301.0745 471.9272
198 258.4293 520.5184
199 308.6904 756.1467
200 307.9030 731.4234
201 276.3575 731.0732
202 204.7080 684.7183
203 223.1424 575.7560
204 224.3191 705.7991
205 180.4358 573.5382
206 206.3758 596.0920
207 166.2781 606.8777
208 270.9261 754.7611
209 247.8405 532.4724
210 191.0000 699.8825
211 215.1793 721.5306
212 188.5429 659.5564
213 125.8070 616.6642
214 167.0908 662.8617
215 119.1961 632.5254
216 192.6183 622.9160
217 259.8875 502.1059
218 260.2818 560.6113
219 248.7736 566.2738
220 267.4064 546.3553
221 246.6280 416.9208
222 216.3083 406.6678
223 189.8034 404.1581
224 167.6990 406.3874
225 152.4616 414.5000
226 143.2673 448.9007
227 96.5138 503.2538
228 156.8734 476.7544
229 176.0583 482.3787
230 200.5953 482.0024
231 224.0166 476.9756
232 242.2723 469.8749
233 254.7946 462.8110
234 100.0220 505.2464
235 249.7871 571.6468
236 270.7853 506.1974
237 273.1102 561.0989
238 284.1790 570.9627
239 273.6417 564.4528
240 255.6828 577.7533
241 287.1624 572.9076
242 289.4828 577.2726
243 253.6842 447.2852
244 264.5338 451.6856
245 270.2123 454.6139
246 165.3584 437.3623
247 155.9786 431.5820
248 317.3295 495.8013
249 441.6447 442.3668
250 319.2629 573.8611
251 505.1940 365.8508
252 386.6893 461.9103
253 405.8328 463.0972
254 423.9790 461.9192
255 448.4266 450.3197
256 370.3421 457.2433
257 409.7487 411.9125
258 389.4667 413.9514
259 428.9681 414.0030
260 442.1507 420.0990
261 463.4344 464.0783
262 379.4388 740.3464
263 448.1468 437.1016
264 516.2741 455.0388
265 483.6583 450.6620
266 400.0806 546.8746
267 327.0812 627.3126
268 324.7995 649.2189
269 352.2396 633.8731
270 368.6534 642.3272
271 342.8095 650.3635
272 357.1965 652.1880
273 393.7243 674.8854
274 317.1299 563.3917
275 319.1486 542.6877
276 471.3917 398.5179
277 360.7575 495.5252
278 362.8383 558.3768
279 364.2963 547.2290
280 458.0223 544.5495
281 318.2344 517.0486
282 424.4769 379.1949
283 452.2043 384.5009
284 486.4539 328.5362
285 340.8137 399.4328
286 372.1681 420.7414
287 407.7194 654.6490
288 498.8039 646.5007
289 348.9655 570.0497
290 332.6361 576.5517
291 387.4902 654.9537
292 378.8887 653.7719
293 462.2848 370.4495
294 363.8851 567.6812
295 387.8404 383.1793
296 390.8219 365.4863
297 408.9211 280.1612
298 473.7538 348.3268
299 397.6917 320.5054
300 482.4739 389.4176
301 493.7945 378.3049
302 326.2781 640.0164
303 346.8827 643.8133
304 362.8597 647.5570
305 344.0376 573.8808
306 382.8939 654.5329
307 374.8421 658.7649
308 376.6271 652.7554
309 338.3003 562.8966
310 353.6375 651.0290
311 339.1950 651.4830
312 322.8647 652.2223
313 332.9260 708.9744
314 330.2797 688.7006
315 328.6986 675.8837
316 326.7920 664.7357
317 324.9243 657.4124
318 357.3340 655.4674
319 360.1718 658.0675
320 364.4354 663.8527
321 368.2743 671.2976
322 384.3534 619.5092
323 517.7979 545.9277
324 366.5057 655.0248
325 370.3106 656.1227
326 326.3729 585.5989
327 357.3063 580.2382
328 329.2689 581.2092
329 381.4440 507.3639
330 413.1350 520.7568
331 367.7894 556.4996
332 455.7286 299.3127
333 443.2018 327.9633
334 430.5497 361.7912
335 378.1232 688.2778
336 346.4486 371.9269
337 351.7389 319.9621
338 358.3819 271.8309
339 439.6737 457.9746
340 483.3705 479.1308
341 359.8735 452.2150
342 463.3744 425.2438
343 346.8222 482.1257
344 350.6199 550.4843
345 503.1385 493.3301
346 470.7878 493.7006
347 446.2344 501.4322
348 409.6384 498.3903
349 382.5773 490.0768
350 362.1490 480.5995
351 319.9969 455.1288
352 500.9728 536.7439
353 478.6004 422.6772
354 311.1610 574.0677
355 358.7970 515.6901
356 520.5148 454.5569
357 346.8733 469.5853
358 369.8762 557.9261
359 453.9596 439.0009
360 351.6661 537.1427
361 511.8771 595.3853
362 359.9205 444.3458
363 335.2898 524.7910
364 458.4863 694.6777
365 457.1386 716.8522
366 517.8780 542.0728
367 482.0791 667.1564
368 505.3453 413.5993
369 382.6962 759.2066
370 309.4932 578.5852
371 376.5008 530.7486
372 499.2851 454.6408
373 422.7892 449.1325
374 406.2026 451.1690
375 379.6840 663.0875
376 497.3837 578.1267
377 348.3773 784.4391
378 404.1972 759.9224
379 428.4972 742.8158
380 389.9310 450.4487
381 374.7352 447.7453
382 364.9070 446.2064
383 491.7548 418.4735
384 376.1101 429.7789
385 392.2565 423.6445
386 408.7798 421.7836
387 425.7827 424.4516
388 436.6235 429.5584
389 515.7213 405.4753
390 434.0473 445.8759
391 366.3973 608.0166
392 349.3144 566.6927
393 329.2232 601.4846
394 433.0705 720.8660
395 408.8481 740.3939
396 349.6392 772.7642
397 479.6158 687.1078
398 364.7341 438.3781
399 332.9386 487.3101
400 378.3584 774.2637
401 511.7379 587.2573
402 342.5462 656.2015
403 345.5254 661.3806
404 348.7240 670.1206
405 351.3683 681.5482
406 358.2039 700.2911
407 370.2563 653.1841
408 375.7799 651.6295
409 381.3514 648.5337
410 399.5691 635.4919
411 472.7830 589.0990
412 333.0945 467.2579
413 343.6510 431.0150
414 355.9949 434.1324
415 365.9698 650.7999
416 474.2760 638.3360
417 326.2667 429.5641
418 369.8048 720.3652
419 318.8943 476.4973
420 346.6875 519.5387
421 340.2511 730.8662
422 411.3662 683.4664
423 385.9641 574.2728
424 392.5228 705.0594
425 430.9080 570.8900
426 404.2322 594.2710
427 447.3124 604.1599
428 347.0369 754.5017
429 358.5044 531.4001
430 427.3813 698.6049
431 403.5819 720.8758
432 426.5679 657.6604
433 492.0019 613.2472
434 450.1016 660.7379
435 501.7833 628.9860
436 419.7881 620.7965
437 345.5523 501.1631
438 344.3386 559.5766
439 357.1219 565.1459
440 335.6710 545.5757
441 357.9817 415.2798
442 388.3690 403.8307
443 415.4554 400.3828
444 438.4791 402.1805
445 454.9468 409.9097
446 466.8993 444.5712
447 520.0316 498.2329
448 453.3848 472.9414
449 433.6112 479.1628
450 408.3708 479.3477
451 384.1424 474.9006
452 365.2659 468.4490
453 352.1407 461.6552
454 519.6475 500.0485
455 356.6382 570.6947
456 332.7229 505.4414
457 330.5349 560.3062
458 320.2104 570.5149
459 330.6528 563.6974
460 351.2880 577.0687
461 316.9452 572.5060
462 315.3365 577.0386
463 353.0578 446.1518
464 341.5517 450.8406
465 335.2105 453.8434
466 443.0094 433.6653
467 452.3928 427.2967
