# Image: /home/yaroslav/Projects/Diia.AIContest-AdAstrum/fixtures/FLUXSynID-processed/00054d45f524/00054d45f524_f_live_0_a_d1.jpg
# Mode: stream
# Status: fail
# Errors: image_blurry_or_out_of_focus: Image is blurry (sharpness score: 32.13); strong_shadows_on_face: Strong shadows or uneven lighting detected (difference: 62.9); face_not_looking_straight_at_camera: Head is tilted up/down 14.5° (max: 10.0°)

# 2D Landmarks (index x y)
0 291.4889 627.9896
1 277.4254 552.5043
2 289.6039 576.0498
3 268.3160 481.0525
4 276.2971 529.3213
5 279.5357 500.5523
6 292.7963 432.4399
7 174.0676 428.6120
8 296.5481 377.8159
9 295.9192 348.3275
10 302.2735 247.1461
11 292.4605 639.3452
12 294.5363 648.3778
13 297.2748 652.6997
14 299.2274 701.1801
15 298.3467 712.6940
16 298.0451 725.9838
17 298.8974 739.2093
18 302.3357 753.0025
19 281.0575 564.5728
20 268.6292 563.7453
21 131.6999 356.9663
22 226.2527 448.0979
23 207.3216 449.9197
24 189.5261 449.0730
25 168.6967 437.1090
26 241.9987 442.3093
27 198.8622 389.6314
28 220.0954 391.4531
29 180.2081 393.3809
30 168.9603 401.7229
31 154.3335 453.9525
32 234.3195 764.5048
33 168.7526 423.7963
34 120.0689 448.3651
35 139.0577 440.1366
36 203.0968 538.7112
37 266.8054 625.4005
38 274.7320 648.9964
39 245.3886 633.8472
40 235.2270 645.6267
41 260.2729 651.9387
42 250.8360 656.8639
43 219.0009 691.4571
44 262.1069 551.9613
45 258.4646 530.1683
46 144.0914 382.2319
47 242.6047 482.9498
48 229.4757 547.8807
49 229.5866 536.5403
50 152.5065 538.5392
51 262.6521 503.2541
52 178.3447 356.6784
53 156.6819 364.9738
54 141.7247 317.4649
55 256.5301 373.5845
56 238.8784 399.0791
57 206.5797 664.8969
58 147.7098 654.5906
59 245.0350 560.2271
60 260.4211 566.9976
61 226.0777 670.1359
62 237.6572 669.4196
63 149.2611 351.9370
64 232.1405 558.2062
65 210.2579 357.7610
66 206.1157 340.7917
67 198.4463 263.1830
68 145.0205 334.2943
69 203.0204 300.9270
70 136.8888 374.2852
71 133.8526 366.9587
72 269.7103 638.7406
73 252.7963 644.5976
74 242.2309 651.4763
75 250.7247 564.1947
76 231.4955 670.4150
77 236.2342 683.9951
78 241.7137 667.6985
79 248.8986 552.1959
80 257.3548 655.7985
81 266.8136 653.3619
82 280.0229 652.6897
83 273.5448 749.4242
84 270.8486 734.7994
85 272.0472 721.9236
86 275.0982 708.2508
87 278.7832 698.7989
88 254.4255 687.2952
89 249.5340 690.8052
90 242.7527 696.7220
91 237.5440 703.0339
92 219.1882 620.4132
93 133.7912 545.0969
94 285.2452 569.3842
95 248.9708 680.6653
96 242.3081 681.9150
97 266.3057 576.6703
98 240.7459 572.0049
99 263.3139 572.0734
100 223.4499 496.0185
101 192.9259 511.2337
102 229.0326 547.0736
103 161.5035 285.4468
104 166.1861 311.2977
105 172.3302 340.2913
106 231.2340 712.3063
107 248.8098 345.4390
108 245.8219 298.4072
109 243.7370 251.7005
110 175.7666 445.0072
111 135.8801 470.8559
112 252.0894 436.0502
113 153.5716 410.9530
114 254.9138 468.3325
115 236.4222 538.8424
116 119.9991 486.9231
117 143.9636 485.1994
118 164.3445 492.1847
119 199.1283 487.5334
120 225.4875 477.9374
121 245.0928 467.2192
122 275.8199 438.6250
123 118.7113 532.5812
124 141.4187 408.9330
125 271.5140 563.6641
126 241.0626 503.8162
127 129.1145 449.3808
128 258.7904 454.9683
129 230.4226 549.0700
130 163.1978 424.8244
131 237.8960 525.1468
132 136.2932 597.6707
133 253.1378 427.8531
134 249.1971 511.7830
135 167.7958 708.1827
136 175.8087 733.9136
137 114.3037 540.1943
138 148.9998 677.8947
139 127.1931 404.8653
140 231.7226 786.4765
141 277.6776 568.5799
142 225.5068 520.4397
143 127.3923 445.5237
144 190.4935 435.5449
145 206.8044 437.6327
146 230.9910 686.2762
147 123.5561 576.9668
148 266.4366 822.6850
149 215.8888 784.8751
150 196.7873 763.1124
151 298.1514 297.5952
152 309.2656 830.7674
153 223.1594 436.5411
154 238.4248 432.8937
155 248.3105 430.3191
156 132.6463 406.2590
157 237.4977 415.1522
158 221.3341 410.1436
159 204.0151 408.7408
160 187.6919 411.8221
161 177.8617 416.9442
162 127.3682 398.3883
163 180.3572 432.2664
164 291.1714 592.8612
165 232.1419 605.2010
166 242.9020 556.4465
167 264.4102 595.8500
168 297.0428 405.0200
169 188.9450 737.0460
170 209.8866 760.8716
171 262.5050 806.5125
172 161.4608 700.9392
173 248.0996 422.5015
174 260.6858 472.9776
175 304.6532 814.4721
176 237.2084 805.8928
177 119.6401 589.2533
178 264.3593 693.7866
179 259.4945 700.4759
180 254.0469 710.4678
181 250.3592 721.7057
182 247.8750 733.4044
183 243.2173 661.9394
184 235.1953 659.9066
185 228.7026 656.3147
186 210.3696 640.4859
187 143.5747 587.7568
188 265.8594 452.0207
189 264.2292 411.6124
190 255.3593 414.6353
191 249.8998 658.7169
192 149.1237 643.9799
193 275.0155 409.4687
194 241.4224 746.1383
195 284.0195 477.2592
196 271.3426 461.0338
197 288.2553 455.8890
198 246.6222 507.0099
199 302.6847 792.2775
200 302.5095 769.5301
201 269.6338 764.3928
202 203.2843 696.1182
203 217.1705 567.8013
204 220.2685 723.0805
205 176.9477 566.7265
206 202.4433 591.5545
207 167.3466 603.6541
208 264.0430 785.4955
209 238.6035 520.1106
210 190.5692 711.8885
211 212.3101 738.7444
212 189.3485 665.7450
213 132.0607 615.9924
214 169.1507 669.4433
215 131.2950 635.5371
216 193.0428 622.3227
217 251.4659 488.1383
218 242.1975 548.5244
219 234.9934 554.8481
220 245.9892 533.2179
221 248.0441 391.6750
222 216.3533 379.2112
223 189.6097 377.5635
224 169.2689 382.2608
225 157.4834 393.0202
226 153.0456 432.5419
227 114.9522 493.6571
228 161.9536 462.3509
229 178.8401 468.1199
230 203.0619 467.4443
231 226.9758 461.9964
232 245.3511 454.1501
233 257.4636 446.5079
234 133.1346 496.9599
235 238.0777 561.0415
236 256.0034 491.7497
237 251.3425 548.9579
238 264.6756 560.1873
239 254.1962 552.9143
240 244.9075 567.8809
241 266.5301 562.2459
242 272.1853 567.0892
243 259.1017 428.7058
244 266.9676 434.1262
245 269.2107 437.4278
246 172.5643 420.7512
247 162.4342 411.4679
248 302.5028 480.8908
249 458.5989 425.6828
250 305.6762 564.0865
251 565.1685 344.6755
252 396.9548 445.7613
253 418.2454 447.0927
254 439.5931 446.0982
255 469.7906 433.9623
256 378.8445 440.3353
257 423.1129 384.6264
258 399.6436 386.6611
259 445.8548 388.3025
260 461.9339 396.9608
261 490.7495 449.8356
262 388.8358 770.4747
263 467.6127 420.4585
264 577.6540 441.3413
265 519.4966 434.8542
266 408.3433 537.3539
267 319.9059 625.2233
268 318.8602 648.8820
269 351.5777 633.9203
270 372.4304 645.2056
271 341.0454 652.0816
272 358.9504 656.3559
273 408.7104 692.4700
274 295.3073 552.0080
275 296.8312 529.8064
276 496.0829 375.8207
277 364.7939 481.6565
278 356.9472 547.3588
279 360.8748 535.8736
280 478.9598 536.2609
281 299.1834 502.9715
282 436.8782 349.7388
283 470.1352 358.2654
284 532.8779 304.5280
285 341.5032 370.9337
286 380.1340 395.2582
287 422.7319 664.9783
288 573.3643 659.0796
289 342.0821 560.0387
290 324.1848 567.0102
291 400.1080 668.8687
292 389.0593 668.2126
293 484.2202 344.2165
294 360.8379 557.7284
295 394.5121 352.0831
296 397.8593 334.2851
297 427.9228 253.6993
298 507.4308 324.0935
299 409.6214 292.9258
300 513.2550 366.8957
301 538.7718 357.3325
302 319.3630 638.7361
303 345.4624 644.6547
304 365.4457 650.9472
305 337.5377 564.1782
306 394.4150 669.0889
307 385.1731 683.1593
308 386.4776 666.7031
309 325.5538 552.2110
310 355.8739 655.0277
311 338.3654 653.1728
312 318.6046 652.3377
313 335.3271 750.5601
314 330.5297 735.4326
315 327.6597 722.5556
316 324.9407 708.9873
317 323.0104 699.4464
318 361.6741 687.3727
319 365.7723 690.8592
320 372.1709 696.9679
321 378.3107 703.5466
322 389.9552 619.7789
323 598.3861 542.8696
324 373.4850 680.2689
325 378.8674 681.3950
326 317.4565 576.7322
327 356.0689 571.6595
328 320.5411 572.1008
329 388.9398 494.2110
330 424.6051 509.0330
331 367.1046 546.2393
332 488.8813 273.0930
333 466.5925 301.4379
334 445.3522 332.2465
335 391.0451 714.3310
336 346.8861 341.5698
337 355.7829 294.1273
338 367.9756 246.4259
339 458.4838 441.8715
340 517.6181 466.3462
341 366.6982 434.3907
342 488.5649 406.3152
343 347.7372 467.4829
344 339.2810 538.6355
345 547.8278 482.5572
346 498.2931 481.2158
347 466.0293 488.7615
348 422.4153 485.0532
349 391.6606 475.8877
350 368.3218 465.7784
351 313.7618 438.0077
352 544.1176 529.8101
353 509.7009 403.2083
354 291.7707 563.8031
355 360.6668 502.7927
356 597.8627 441.1439
357 350.2258 453.8333
358 372.6971 548.0841
359 477.2882 421.1033
360 343.3504 524.5195
361 592.8253 598.6038
362 367.6456 426.3506
363 320.9301 511.3942
364 499.9027 715.7183
365 509.8635 743.6667
366 583.1344 537.8351
367 533.1308 683.6587
368 559.6102 396.0177
369 395.6814 793.9818
370 293.4236 568.5863
371 381.9746 519.1269
372 544.1151 439.8739
373 435.7086 432.4776
374 417.1992 434.5362
375 391.8647 685.7421
376 542.4218 576.6011
377 356.9288 827.4059
378 434.3693 795.0239
379 469.3233 773.7285
380 399.7378 433.6894
381 383.5923 430.5853
382 372.8889 428.4909
383 531.1018 399.3582
384 385.4630 412.6193
385 403.7189 407.2122
386 421.5615 406.0150
387 439.9945 408.7497
388 452.5811 413.7746
389 586.1411 387.5109
390 448.9650 429.2482
391 367.8884 604.9339
392 340.7916 556.2525
393 321.9898 595.7497
394 465.5817 745.9664
395 432.4072 770.1934
396 352.2632 811.0277
397 543.3237 708.5492
398 372.8704 420.9416
399 326.0876 472.5060
400 397.3145 814.0421
401 578.2982 589.6987
402 343.6843 694.4095
403 347.7281 701.0878
404 352.8354 711.2579
405 357.4171 722.6386
406 367.3217 735.3649
407 376.4295 660.8951
408 383.0592 658.9716
409 389.5840 655.3405
410 409.0038 640.1533
411 501.9225 587.4502
412 330.3548 451.2601
413 348.0605 409.7630
414 362.3368 412.3967
415 372.0309 657.8257
416 512.1613 646.7125
417 325.9832 408.2934
418 379.0331 750.1896
419 308.3115 460.7382
420 341.4292 506.3724
421 340.9421 766.8252
422 430.4937 699.5785
423 391.7292 566.9840
424 408.5188 727.4810
425 443.1781 565.7001
426 412.2638 591.1471
427 464.6062 603.9676
428 346.8970 788.9294
429 357.9925 519.1424
430 452.4598 718.2550
431 422.3604 745.7019
432 445.5141 667.5921
433 538.6364 617.6466
434 478.7352 673.2827
435 563.5285 638.7217
436 431.1527 622.1971
437 343.1701 487.3823
438 331.5386 548.6380
439 349.6941 554.5626
440 318.6353 533.2440
441 363.2107 388.9168
442 397.0011 374.6554
443 427.6477 371.8958
444 454.9235 376.4633
445 475.4558 387.5266
446 495.4023 428.2219
447 583.1611 488.8210
448 476.5257 458.6352
449 452.1067 464.8379
450 421.9435 464.6612
451 394.3829 459.7616
452 373.0520 452.4402
453 357.8554 445.1282
454 599.1024 491.6101
455 351.3623 560.7318
456 321.9001 491.3394
457 312.6993 549.3407
458 304.4796 560.6946
459 315.3903 553.3767
460 347.1001 567.8074
461 299.2353 562.4722
462 300.8017 567.4699
463 358.6505 427.0882
464 345.7375 432.8367
465 336.5563 436.3625
466 460.5273 417.4016
467 474.4465 407.0974
