# Image: /home/yaroslav/Projects/Diia.AIContest-AdAstrum/fixtures/FLUXSynID-processed/014618edeef8/014618edeef8_f_live_0_p_d1.jpg
# Mode: stream
# Status: fail
# Errors: face_not_looking_straight_at_camera: Head is turned 174.9째 (max: 15.0째); head_is_tilted: Head is tilted 14.8째 (max: 10.0째)

# 2D Landmarks (index x y)
0 289.0025 667.5945
1 283.1217 603.3761
2 290.2252 622.3157
3 274.6440 526.0482
4 283.2894 580.9111
5 287.1315 550.0839
6 300.0106 474.1083
7 170.8254 454.0995
8 304.6226 422.7341
9 305.1408 393.9072
10 315.0624 282.8340
11 289.1564 677.9761
12 290.2349 685.1698
13 292.0127 687.5230
14 291.8988 691.5979
15 290.9702 699.7875
16 290.4188 710.0104
17 290.6565 720.6128
18 292.9690 736.4058
19 284.8453 613.9044
20 268.8339 609.5643
21 120.5713 367.5976
22 226.7459 476.7889
23 207.1039 477.0034
24 188.2724 475.2192
25 165.4135 462.0010
26 242.9594 473.1312
27 199.1602 426.1323
28 220.7594 428.1873
29 179.9720 428.0714
30 167.8457 433.5956
31 149.9712 475.4500
32 221.9976 759.9050
33 164.7613 448.6576
34 107.9616 458.4047
35 131.3248 459.7020
36 202.0888 568.6644
37 264.7789 662.4381
38 270.4516 683.1832
39 241.4886 667.1480
40 228.8341 674.6876
41 253.9336 682.9672
42 241.9212 684.4269
43 208.6377 701.3160
44 266.4727 601.4117
45 263.8874 579.5830
46 139.3266 413.0323
47 244.3667 516.4075
48 226.9637 588.4818
49 228.3806 575.6222
50 149.5139 560.5061
51 268.8708 550.9971
52 179.9243 396.5666
53 154.9958 401.0079
54 133.8016 332.4487
55 263.5895 416.4829
56 239.8545 435.1213
57 194.2635 682.6391
58 129.6855 650.5946
59 241.4209 601.7936
60 257.6501 609.5871
61 215.6370 686.5104
62 224.6548 685.6603
63 146.4507 386.0661
64 227.8082 596.9732
65 214.8764 399.7752
66 211.0447 381.6782
67 201.3076 288.8006
68 140.0738 358.2269
69 207.6161 333.8128
70 130.4253 401.9249
71 125.0242 385.5845
72 266.6773 674.6783
73 248.0763 677.2731
74 235.1774 680.1735
75 246.6486 605.6463
76 220.2365 686.5841
77 227.0821 689.3409
78 227.1198 684.2443
79 249.0356 597.4344
80 247.3149 683.1937
81 259.6049 683.7053
82 274.8339 685.5938
83 267.8186 734.8383
84 267.0669 717.7428
85 268.0701 706.2751
86 270.0953 696.4016
87 272.6010 689.5973
88 243.5800 686.4362
89 240.4318 688.6557
90 235.8511 693.5715
91 231.9439 699.7373
92 212.5390 648.8992
93 116.1854 546.8269
94 287.5158 617.1436
95 236.1115 685.8685
96 231.6989 686.9964
97 264.2409 619.7467
98 235.7811 609.9360
99 260.9089 614.9918
100 224.7183 527.3645
101 193.0043 539.5530
102 226.4583 584.1573
103 158.6288 305.5250
104 166.0928 340.1190
105 173.7794 378.3470
106 224.0656 713.0905
107 256.6016 387.9569
108 254.1099 334.2565
109 251.8319 281.9831
110 173.2829 470.3176
111 129.7493 489.4802
112 253.1621 468.7389
113 149.1207 437.5152
114 257.5082 503.6119
115 236.7342 582.8589
116 112.0798 501.3353
117 139.8296 506.5072
118 162.6696 516.7887
119 199.3945 515.3524
120 226.6326 507.8049
121 246.4700 499.2704
122 281.5527 478.1873
123 112.4672 546.4584
124 134.6270 433.5551
125 274.6760 612.0077
126 242.5954 539.4492
127 113.5271 454.0248
128 261.1808 489.2621
129 227.7059 584.3645
130 159.7630 450.2828
131 239.0964 567.3855
132 119.7125 597.3232
133 253.8129 460.3214
134 253.2506 556.7934
135 152.7374 706.7215
136 159.8796 726.9184
137 104.4893 546.8795
138 133.5036 676.6580
139 116.4328 418.5018
140 218.9240 777.7317
141 279.1581 615.6994
142 225.8877 553.7287
143 117.7987 461.7628
144 189.2919 461.9055
145 206.6490 464.8214
146 222.3857 693.0092
147 116.4905 588.2046
148 254.6366 806.4467
149 203.4670 775.3462
150 183.0570 755.6444
151 309.5330 337.8043
152 295.3140 813.9679
153 223.5010 464.7535
154 239.4100 462.7363
155 249.2033 461.7619
156 124.0068 427.5086
157 237.5812 443.8817
158 220.5420 436.5633
159 202.3634 434.0796
160 184.5975 436.6623
161 174.0463 441.7377
162 114.2223 405.7109
163 178.1624 458.0704
164 290.5768 635.7614
165 227.2738 638.4503
166 240.1048 599.0091
167 262.5341 635.5215
168 304.2150 447.0946
169 174.4033 734.8526
170 195.7847 756.2819
171 250.0804 794.8366
172 143.1998 694.3218
173 248.6476 453.7937
174 265.0899 512.8498
175 292.2490 801.1632
176 225.9448 792.8879
177 109.6007 592.8941
178 256.2629 687.5380
179 252.9091 692.2755
180 249.5632 699.8042
181 247.0308 709.6386
182 243.2274 724.9683
183 231.6553 685.5682
184 225.4216 684.0369
185 219.6055 680.6286
186 200.1683 664.5886
187 136.5183 603.3801
188 269.8710 489.5718
189 267.4684 448.0369
190 256.5003 449.8382
191 236.9961 682.9186
192 137.1071 651.0596
193 280.6589 448.6992
194 232.2424 742.2283
195 291.5460 523.9938
196 277.2883 503.1752
197 295.6715 499.8775
198 249.3314 546.9696
199 291.4214 781.6613
200 292.2013 757.4153
201 260.3367 754.6712
202 190.6731 705.4291
203 212.4705 599.3869
204 209.8851 726.1819
205 172.5485 590.7801
206 195.7165 618.5969
207 157.7053 622.7097
208 252.3374 777.1430
209 239.3932 557.5820
210 176.7544 715.9192
211 199.4063 738.8118
212 175.7913 680.5930
213 122.3818 623.5726
214 156.0530 677.5303
215 118.0331 635.9706
216 181.8714 645.3586
217 254.2787 525.7963
218 242.3448 593.5084
219 232.0332 596.5149
220 248.8807 580.4026
221 251.4290 430.9603
222 218.8381 419.6043
223 191.0907 416.7447
224 168.9461 417.7609
225 155.0417 424.3779
226 147.5102 455.1469
227 103.4383 501.9284
228 159.0431 485.6224
229 177.4938 493.3186
230 203.0409 494.4953
231 227.5814 490.9374
232 246.3352 485.4145
233 259.1752 479.7307
234 115.7419 499.9668
235 233.8676 601.3806
236 260.7865 534.2897
237 253.7306 596.7699
238 266.3356 606.9386
239 255.5737 599.4509
240 240.3245 607.7208
241 268.9438 609.8498
242 272.8840 613.3753
243 260.0221 463.0515
244 269.5697 469.2418
245 272.9256 473.7522
246 168.6327 445.5454
247 159.6835 439.6665
248 310.0192 528.2794
249 463.2714 469.8313
250 309.3105 612.8132
251 566.2756 388.8836
252 399.3755 485.7008
253 420.4656 488.2889
254 441.6929 489.0291
255 471.9644 478.8474
256 381.7820 480.2259
257 430.1163 437.0187
258 407.1676 436.5360
259 451.3732 441.4896
260 466.1437 448.7371
261 490.8309 494.8158
262 372.8174 773.9964
263 472.3674 465.0506
264 571.1238 484.6911
265 519.8993 481.7590
266 406.6009 581.7877
267 315.7696 665.9819
268 312.9005 686.2320
269 344.7541 674.7443
270 363.5174 684.2409
271 334.1612 689.0122
272 351.1576 691.9974
273 393.4035 715.3231
274 301.5043 603.8487
275 304.7105 582.1172
276 501.7641 431.6991
277 367.4661 523.6346
278 362.0864 597.5882
279 365.1904 584.7114
280 474.1928 581.2588
281 307.1830 553.2805
282 444.9345 408.1225
283 477.5728 416.5686
284 540.5742 350.4663
285 348.6427 419.8252
286 387.3700 441.6914
287 410.4753 698.3803
288 546.5266 682.0815
289 346.4188 609.2422
290 327.5706 614.4815
291 386.1985 698.4400
292 377.6562 696.1881
293 492.1006 402.5011
294 364.7104 606.4085
295 402.4544 407.4841
296 407.2090 389.4642
297 442.6104 297.9659
298 515.3490 375.4676
299 421.8714 342.1336
300 518.6672 421.8407
301 542.1646 406.4489
302 314.2568 678.2563
303 338.2844 683.9795
304 356.7548 688.7970
305 341.3351 612.3211
306 381.3505 697.6790
307 371.1842 699.6087
308 376.1574 694.6320
309 330.5594 603.4492
310 348.5614 689.9903
311 331.5017 688.9010
312 312.0353 688.1799
313 320.1099 739.2371
314 316.2759 721.6896
315 314.8853 710.0924
316 313.9443 699.9102
317 313.2097 692.8747
318 351.5785 694.2129
319 353.9784 696.8345
320 357.7991 702.6307
321 361.6969 709.5886
322 383.5277 660.7194
323 578.1836 576.5212
324 363.3417 694.9125
325 366.6615 696.5593
326 319.0835 623.5932
327 357.5798 618.2386
328 323.1486 619.2690
329 389.5440 537.1823
330 423.2589 553.6626
331 369.9028 593.7415
332 500.9669 319.3417
333 477.0048 353.3105
334 454.3234 390.2905
335 373.4371 725.2411
336 355.7864 391.5599
337 368.1079 338.7428
338 382.8972 286.9646
339 460.6051 486.1901
340 515.6335 512.1488
341 370.4316 474.8491
342 492.2077 455.8668
343 352.0758 509.1430
344 345.4025 590.2515
345 542.2064 527.2985
346 496.3171 527.5653
347 464.5667 534.6545
348 422.1056 528.4288
349 392.7275 517.3179
350 371.0530 506.2469
351 321.0407 480.2460
352 534.4051 573.2873
353 513.2287 454.0850
354 295.9817 613.5923
355 362.8812 546.8151
356 586.5737 480.2266
357 354.1216 494.3214
358 373.6633 593.9113
359 479.8111 467.4838
360 348.9566 574.5219
361 567.5157 628.6082
362 372.1142 466.5287
363 328.0677 561.6115
364 478.8359 733.9127
365 482.6932 754.8961
366 566.1173 576.6557
367 511.8173 706.3074
368 558.3043 441.7454
369 377.9751 793.0996
370 296.3736 616.8864
371 382.2885 563.4873
372 542.2550 486.1407
373 439.6349 475.1318
374 420.8737 475.7713
375 376.3464 704.2256
376 528.1406 616.1560
377 338.8952 814.9756
378 409.8499 795.5548
379 443.0403 779.8735
380 403.3901 473.6487
381 387.1365 469.9774
382 376.8217 468.3191
383 532.9941 449.5236
384 391.5598 451.6441
385 410.7977 445.9996
386 429.3030 445.9713
387 447.9048 450.5826
388 459.4624 456.8950
389 580.6675 429.4612
390 453.2303 472.8463
391 364.5896 647.9072
392 345.6617 606.4881
393 320.6175 639.5070
394 444.9525 759.0351
395 412.7256 776.7790
396 337.5932 803.5253
397 516.6342 724.4737
398 377.9863 460.6704
399 332.2464 516.9167
400 375.4893 807.9232
401 556.3306 623.8038
402 333.6113 693.4125
403 335.8911 698.5919
404 338.3807 706.7603
405 340.6354 717.0923
406 349.1588 733.8845
407 367.0455 694.6741
408 372.4121 694.2114
409 378.6922 691.6008
410 400.2804 678.7188
411 492.0019 627.6229
412 336.2287 493.3431
413 353.4305 452.0015
414 368.1774 455.2231
415 363.5278 691.3768
416 496.4430 677.7462
417 332.3003 451.0960
418 362.1114 753.7956
419 315.7207 505.4680
420 345.7259 552.8877
421 326.9895 760.8420
422 415.7090 723.6055
423 390.5520 611.1771
424 391.1811 741.7897
425 439.4665 608.5369
426 408.4686 633.1782
427 458.6252 643.7991
428 333.5890 784.7999
429 360.6900 565.2464
430 435.9218 737.8184
431 404.8297 757.3492
432 433.9869 700.0010
433 521.4548 652.0793
434 464.2100 701.4004
435 541.0659 666.9704
436 424.9504 662.4097
437 347.3952 531.4895
438 337.2243 600.4017
439 354.7430 604.9872
440 325.9370 585.6625
441 369.5365 436.3891
442 404.0451 427.9898
443 434.5096 427.7739
444 460.9140 432.1752
445 480.6360 440.8985
446 497.0723 474.4766
447 571.9544 530.3709
448 476.3307 503.6612
449 452.2529 508.9319
450 422.6683 506.7526
451 395.9772 500.0785
452 375.7728 492.4765
453 361.2687 485.1179
454 583.5066 527.8285
455 355.5885 609.9151
456 328.3799 538.5038
457 318.8853 601.4823
458 308.6378 610.3171
459 320.4282 604.3969
460 350.0684 615.3915
461 303.4780 612.3840
462 304.0266 615.8202
463 363.5017 468.2907
464 349.9216 473.2735
465 341.4521 477.1868
466 466.4279 461.4585
467 477.9640 456.2983
