# Image: /home/yaroslav/Projects/Diia.AIContest-AdAstrum/fixtures/FLUXSynID-processed/014618edeef8/014618edeef8_f_doc.jpg
# Mode: stream
# Status: fail
# Errors: face_not_looking_straight_at_camera: Head is turned 178.4째 (max: 15.0째); head_is_tilted: Head is tilted 11.9째 (max: 10.0째)

# 2D Landmarks (index x y)
0 304.8490 601.1765
1 299.1719 528.1742
2 302.8895 552.2353
3 280.4792 455.8081
4 298.0269 505.0319
5 297.7871 475.4701
6 298.8346 405.5102
7 152.6422 408.8345
8 297.7961 352.3601
9 296.5904 322.7127
10 294.6173 222.7632
11 305.4599 611.8054
12 306.3259 619.5814
13 307.2040 622.4303
14 307.5859 626.6338
15 307.7942 634.3517
16 308.1492 644.5575
17 308.8462 655.6970
18 310.8405 675.6294
19 300.3731 540.2442
20 282.4130 540.1374
21 81.1197 335.4441
22 212.6726 426.7295
23 191.5931 429.0318
24 171.8356 428.4856
25 146.3142 417.9258
26 230.5725 420.4409
27 183.7332 372.9570
28 205.8725 373.3550
29 163.5280 377.1957
30 150.2155 385.2445
31 129.7271 433.3809
32 234.8404 712.7589
33 145.9170 403.7424
34 73.2469 428.0791
35 106.9099 419.9927
36 199.3989 516.2485
37 279.0286 598.9519
38 284.7049 619.9739
39 253.7522 607.3559
40 238.3205 617.4385
41 266.3385 622.4696
42 252.0599 625.8527
43 215.1290 650.0275
44 281.6302 528.4219
45 277.6380 506.4005
46 116.6083 363.6885
47 239.8425 459.5622
48 235.5528 526.5125
49 234.3841 514.8197
50 138.0037 517.1206
51 278.6546 478.7775
52 161.9956 336.7113
53 134.6743 346.2078
54 97.4233 294.9180
55 253.1651 349.1874
56 225.8923 379.4455
57 198.2499 631.9725
58 104.8713 628.5038
59 251.7117 538.2417
60 269.3331 543.9854
61 221.5414 631.6563
62 230.6733 629.6243
63 122.8175 332.7479
64 236.0707 536.5737
65 200.1916 335.7989
66 195.1707 317.9660
67 174.5704 239.2278
68 109.8858 312.9532
69 186.4604 277.1779
70 104.3612 355.1651
71 92.3224 346.1762
72 281.3802 611.4068
73 260.8235 616.9175
74 245.1991 622.0585
75 257.4907 541.8933
76 226.3671 631.0565
77 234.8020 632.8644
78 233.0217 628.3322
79 261.2170 529.7745
80 256.5272 624.2711
81 271.2024 623.1723
82 288.2326 622.5952
83 283.5610 676.8516
84 283.4644 655.6284
85 283.8462 643.4130
86 284.9597 633.6204
87 286.6195 626.9692
88 252.9162 628.0177
89 250.0341 630.2829
90 245.9559 635.6120
91 242.3354 642.7845
92 219.2081 593.7078
93 80.5860 524.6108
94 301.5939 545.1043
95 243.4945 628.8289
96 239.3755 630.0488
97 276.6353 553.4715
98 244.5801 549.7266
99 273.1124 548.9347
100 218.4394 473.8175
101 184.8850 489.7565
102 231.9923 524.9837
103 126.3658 262.0473
104 139.3634 289.0458
105 153.5462 319.6280
106 233.2156 660.7993
107 244.6383 320.2511
108 236.9927 273.9102
109 228.9473 227.6244
110 155.4083 425.2371
111 107.8025 450.4747
112 242.0143 413.9817
113 128.0291 392.1428
114 253.7161 443.9217
115 246.9880 517.1061
116 87.1814 466.7414
117 121.7397 465.0838
118 148.3542 471.6132
119 188.0512 466.1097
120 217.1509 455.7054
121 238.9019 443.9797
122 279.3092 412.2832
123 91.6305 512.2498
124 110.6844 389.7909
125 289.9786 539.5997
126 241.8737 480.7667
127 72.1594 429.0517
128 254.6593 430.7848
129 231.2348 526.9305
130 139.9882 406.1442
131 246.3102 502.9862
132 88.4397 575.9420
133 242.2419 405.3874
134 261.7193 488.3360
135 146.0943 673.4200
136 150.9790 697.3734
137 75.5853 519.4205
138 119.8457 647.1881
139 82.3796 384.1030
140 231.7896 733.1690
141 293.2766 544.5686
142 223.9717 498.2203
143 89.9943 425.3596
144 172.4969 415.1787
145 190.6029 416.7971
146 230.1265 637.4697
147 98.2327 555.1609
148 272.0420 759.2075
149 209.6557 736.8678
150 182.7061 721.3395
151 295.2774 272.6557
152 316.3534 761.5282
153 208.6612 415.1931
154 225.6459 411.1257
155 236.7125 408.1917
156 96.4388 386.6821
157 223.5064 390.1841
158 205.0762 384.7676
159 186.4772 383.9636
160 168.2243 388.3011
161 157.1098 394.7501
162 73.1072 377.5466
163 160.5110 412.1024
164 303.8079 567.3378
165 236.5589 580.2980
166 250.7843 534.6231
167 275.0342 570.8991
168 298.9207 378.9743
169 174.8202 697.9519
170 202.2445 715.6834
171 268.7448 745.3642
172 126.3782 669.0611
173 236.4726 398.9699
174 265.9746 447.8465
175 314.3245 746.2985
176 238.4346 750.0625
177 84.4039 566.4940
178 268.1386 627.0178
179 265.1805 631.7513
180 262.6159 639.5380
181 260.6756 650.2455
182 255.6416 670.1461
183 239.3201 628.3300
184 232.8295 627.4853
185 226.6039 624.9040
186 204.7701 611.8133
187 124.7941 564.6422
188 266.8401 426.5883
189 256.9456 388.1671
190 244.9109 393.2416
191 244.0587 625.4841
192 126.1666 616.2450
193 273.1340 384.3560
194 244.5121 691.7908
195 298.2041 451.4362
196 279.3044 435.1017
197 298.5062 429.2240
198 252.8330 483.6538
199 312.7979 725.0098
200 311.7914 698.7535
201 277.0692 700.0674
202 195.3233 659.2716
203 215.1033 545.0538
204 218.1109 678.6095
205 167.7866 542.9317
206 196.9834 566.9439
207 152.3220 578.8429
208 270.5481 725.3340
209 241.8281 497.5608
210 179.1367 674.7553
211 206.8520 694.9846
212 177.0636 634.8949
213 106.0777 591.5672
214 152.2588 638.0510
215 97.3985 609.3313
216 182.3062 596.4467
217 254.3710 464.0131
218 254.1346 526.5150
219 242.0128 533.4308
220 260.9961 510.6111
221 238.9728 370.5047
222 204.4059 360.6586
223 175.2402 360.1700
224 151.5483 364.7414
225 135.6479 374.9508
226 125.6815 412.8233
227 71.2786 473.3008
228 140.9604 442.0385
229 161.7201 447.1838
230 189.0519 446.1054
231 215.5316 440.0309
232 236.1306 431.5938
233 250.1359 423.2183
234 76.5709 476.6714
235 243.4895 539.3786
236 265.3995 467.3123
237 267.5638 526.2118
238 280.4374 536.5771
239 268.8234 530.0209
240 250.2004 545.6808
241 283.7018 538.3946
242 286.7639 543.2578
243 249.4649 406.5048
244 260.8919 410.3339
245 266.3786 412.5930
246 150.7705 399.5371
247 140.3930 393.7053
248 317.0055 454.5588
249 458.0591 396.5192
250 321.6063 538.9248
251 539.8308 318.1529
252 396.7821 419.1298
253 418.7364 419.8725
254 439.5748 417.9641
255 466.4414 405.1850
256 377.7715 414.2550
257 421.1221 362.8905
258 398.3518 365.0284
259 442.7459 365.6046
260 457.9639 372.5776
261 485.7959 420.1848
262 394.3201 708.9811
263 465.3108 390.8598
264 554.8667 411.0693
265 510.6361 404.9766
266 413.3816 509.0203
267 331.2643 596.9419
268 329.0908 618.4222
269 359.5521 603.7774
270 378.2433 612.6228
271 349.6128 619.8230
272 366.0436 622.0259
273 408.7305 644.2453
274 317.3694 527.1604
275 319.1705 504.8306
276 492.2195 348.6958
277 367.7791 454.8461
278 370.6429 521.8993
279 372.0850 510.0642
280 480.2431 505.4077
281 317.9842 477.4550
282 438.2746 325.0590
283 469.3800 332.5509
284 514.9703 278.3741
285 343.4469 345.3243
286 378.7273 372.8233
287 424.6307 624.9614
288 544.4278 616.3337
289 355.5400 534.7285
290 337.5451 541.8296
291 399.7619 625.9956
292 390.8873 624.4150
293 481.9492 318.1250
294 372.4797 532.1808
295 397.1308 327.4854
296 400.5883 309.1849
297 421.0227 228.8411
298 498.0986 297.3852
299 408.4926 267.7585
300 506.3149 339.4099
301 523.2073 329.7439
302 330.5341 609.7231
303 353.7320 613.7198
304 371.9433 617.7672
305 350.2745 538.8600
306 394.8900 625.5101
307 385.7361 627.9206
308 388.9917 623.2703
309 342.2504 526.8944
310 362.5889 620.7315
311 346.0080 620.6536
312 327.2197 621.1844
313 339.0131 675.2905
314 335.0514 653.8010
315 333.2107 641.7342
316 331.2820 632.0659
317 329.4787 625.5825
318 366.5106 624.1860
319 369.3075 626.2494
320 373.6011 631.2931
321 377.9882 638.2698
322 396.8760 587.9266
323 563.5126 509.2590
324 377.4585 624.4711
325 381.0418 625.3608
326 330.4303 551.7201
327 365.6953 545.9639
328 333.7693 546.9862
329 391.6905 467.5639
330 427.8529 481.1926
331 376.5708 520.1847
332 477.2720 247.7114
333 461.9413 275.6493
334 446.0150 307.1726
335 390.7455 656.0509
336 349.1085 315.8187
337 354.8356 268.9099
338 362.1628 221.8629
339 456.9403 413.3891
340 510.9171 436.1154
341 365.5118 408.7050
342 483.4958 378.2128
343 351.4935 440.2190
344 355.8794 513.2625
345 536.2005 451.1545
346 495.4383 451.6372
347 466.3145 460.1757
348 423.9847 457.5117
349 392.9414 449.1076
350 369.1892 439.0166
351 319.9979 410.6656
352 534.1803 497.3549
353 502.7652 374.6573
354 311.2432 538.9399
355 365.7177 476.3591
356 563.4293 411.9507
357 351.2739 427.0526
358 379.3658 522.0205
359 472.4407 392.8975
360 356.9018 499.0515
361 558.6638 562.0351
362 365.2260 400.0515
363 337.7031 485.6198
364 492.0572 664.4266
365 494.1396 689.2451
366 559.2176 503.7668
367 520.4181 636.1549
368 539.5686 367.2546
369 400.2117 729.4770
370 310.0775 543.9711
371 386.3176 492.6064
372 531.1433 409.4524
373 437.1665 404.4183
374 418.4393 407.3617
375 391.0819 632.2461
376 531.5706 541.3822
377 361.4524 757.5392
378 429.0220 732.3431
379 459.1477 715.2123
380 399.9247 406.9909
381 382.4627 404.2744
382 371.1217 402.4021
383 519.9692 370.5822
384 383.2875 383.4606
385 401.7258 376.5237
386 420.3058 374.3593
387 439.4701 377.1123
388 451.8147 382.6251
389 555.0899 360.1289
390 449.5658 400.4120
391 376.4702 575.7438
392 355.3831 530.9854
393 333.5477 568.8848
394 461.6346 691.0224
395 432.2223 710.6488
396 361.1053 743.4583
397 521.7263 658.9483
398 370.5531 393.3216
399 335.2065 445.3588
400 397.2801 746.9026
401 554.1425 552.0536
402 349.5307 624.4407
403 352.4752 628.8169
404 355.5972 636.3610
405 358.7161 646.9659
406 367.7034 667.0182
407 380.9651 623.6429
408 386.7547 622.3200
409 392.6659 619.3913
410 414.4702 605.0214
411 500.2745 552.5310
412 335.3203 423.9839
413 346.6558 384.2918
414 360.5434 388.2847
415 376.8100 621.0437
416 506.2375 605.0594
417 327.0176 382.0618
418 382.0578 688.2303
419 318.9198 433.6262
420 351.1367 480.1724
421 347.8103 698.3109
422 431.7417 652.6166
423 398.3917 539.0219
424 409.1835 673.5610
425 449.1012 533.6186
426 419.5047 559.7584
427 469.9560 568.7992
428 356.5161 723.3057
429 365.3826 493.2358
430 452.2225 667.5164
431 423.6620 689.6649
432 448.4378 626.7394
433 527.4353 578.7060
434 477.7679 628.7354
435 543.7077 596.3742
436 438.2362 588.3917
437 350.0575 460.4937
438 348.9411 523.1839
439 364.2714 529.1733
440 338.5603 507.9601
441 362.8430 365.2694
442 397.1686 352.4291
443 427.4109 349.4096
444 453.3016 352.4241
445 472.2797 361.3471
446 489.1664 398.9269
447 560.3045 456.8713
448 473.7788 429.5248
449 451.4533 436.3205
450 422.3614 437.1529
451 394.4333 432.8887
452 372.5040 426.1146
453 357.0697 418.7736
454 563.8889 460.4479
455 364.2654 535.3919
456 334.7927 464.8792
457 333.0145 523.9543
458 322.0443 535.2503
459 333.4621 527.8341
460 358.6203 542.3466
461 318.0918 537.2846
462 316.9906 542.4333
463 357.2702 401.8970
464 344.5951 406.7861
465 337.4312 409.7639
466 459.2281 386.9577
467 469.9574 380.3929
