# Image: /home/yaroslav/Projects/Diia.AIContest-AdAstrum/fixtures/FLUXSynID-processed/01035dd8dcaf/01035dd8dcaf_f_live_0_e_d1.jpg
# Mode: stream
# Status: fail
# Errors: image_blurry_or_out_of_focus: Image is blurry (sharpness score: 41.81); strong_shadows_on_face: Strong shadows or uneven lighting detected (difference: 67.4); face_not_looking_straight_at_camera: Head is turned 163.2째 (max: 15.0째); head_is_tilted: Head is tilted 26.6째 (max: 10.0째); face_too_small_in_frame: Face occupies only 40.2% of frame (min: 50.0%)

# 2D Landmarks (index x y)
0 350.8294 627.7011
1 330.6501 570.8883
2 336.7962 586.5511
3 296.2841 511.0963
4 324.3401 552.0564
5 316.1906 525.9550
6 296.9215 461.1186
7 175.1285 487.2574
8 282.7997 415.3722
9 274.8816 390.4580
10 245.6130 295.3084
11 353.6637 636.1199
12 355.6169 641.0865
13 356.2275 641.6851
14 358.4759 646.0347
15 360.5805 652.7636
16 363.3463 661.2616
17 366.6174 670.6364
18 372.5850 686.7791
19 333.6654 579.5984
20 317.3272 581.2884
21 90.1945 433.1947
22 230.5400 489.2679
23 213.5036 495.6252
24 196.5020 499.6452
25 171.0750 495.7798
26 243.5060 480.6517
27 192.8052 453.3262
28 211.4874 448.5458
29 176.8401 460.9991
30 167.4660 469.8243
31 160.3004 512.0844
32 318.5364 733.0219
33 167.4527 484.5881
34 107.6654 516.1701
35 137.2629 505.7886
36 238.7402 572.2595
37 327.0753 631.2051
38 334.7726 646.2244
39 304.7750 640.3296
40 290.7480 648.4152
41 317.4846 650.1531
42 303.6874 653.3942
43 279.1424 676.6757
44 316.1426 574.4321
45 308.0365 556.9370
46 134.0032 459.9914
47 260.2359 515.4259
48 274.2946 576.5193
49 270.3611 566.0328
50 185.1915 583.3009
51 301.4611 532.4088
52 168.1653 430.6767
53 146.4635 443.1760
54 95.8958 396.7057
55 246.8191 422.7662
56 229.2312 448.9183
57 258.8554 663.5045
58 182.8317 678.6760
59 289.7302 583.0563
60 306.0336 585.0627
61 274.8639 658.7981
62 282.5503 656.6391
63 132.6365 433.2871
64 275.7622 583.4152
65 200.5911 422.6605
66 191.8626 408.1542
67 149.2304 335.0126
68 114.2112 414.2024
69 171.6710 369.7845
70 120.4798 454.0365
71 105.3872 444.5168
72 331.1904 640.7918
73 312.2769 646.8070
74 297.4718 651.2123
75 294.9823 584.8571
76 278.6585 657.7398
77 289.4447 660.5516
78 284.7974 655.6556
79 297.4392 576.8490
80 306.4662 650.7146
81 320.8241 648.7775
82 337.4091 646.1334
83 348.6914 693.6734
84 343.6646 675.8495
85 340.9816 665.5126
86 339.2436 657.0343
87 338.8628 650.9766
88 306.1322 655.6956
89 304.3123 658.1208
90 302.2410 663.1736
91 301.3327 669.6041
92 270.8535 633.0252
93 134.9600 594.0322
94 335.0019 582.2562
95 296.5920 656.3473
96 292.8578 657.7930
97 314.7658 591.9462
98 284.8022 592.1514
99 310.5784 588.7261
100 245.4294 530.7033
101 220.2082 550.9911
102 269.7258 573.9423
103 113.6058 363.9704
104 134.4736 388.9119
105 156.6283 417.0026
106 299.0068 685.5736
107 232.8075 400.1370
108 212.3578 355.9453
109 191.8982 313.5766
110 181.1831 500.2023
111 145.4177 530.7640
112 251.1033 473.4219
113 149.8299 479.7949
114 268.5019 500.4744
115 283.0465 568.6384
116 131.3605 548.1620
117 161.0928 540.4196
118 185.5590 540.9306
119 218.2207 528.8743
120 240.5137 514.4488
121 255.6093 500.9661
122 282.6819 470.6193
123 144.8792 586.1473
124 134.0766 481.2861
125 324.8273 581.2604
126 267.1687 534.2234
127 103.3424 513.4909
128 265.5552 487.6019
129 268.3845 574.3365
130 162.9325 487.7149
131 278.6404 555.7393
132 155.3028 636.6676
133 248.5494 466.4114
134 289.2091 542.4775
135 232.2916 712.2060
136 242.6560 730.5316
137 132.5112 593.8183
138 202.0227 694.9686
139 104.9605 477.4421
140 322.1677 750.5418
141 327.8846 583.4069
142 255.6779 551.4640
143 123.5336 513.1411
144 194.2452 488.0889
145 209.9522 485.3352
146 286.4802 664.6042
147 159.5004 622.0698
148 361.0444 763.5241
149 304.2976 755.4072
150 277.0336 745.8954
151 259.9369 342.1834
152 396.2338 756.2146
153 224.3852 480.0246
154 237.2125 473.1537
155 245.2110 469.1046
156 120.0249 480.3824
157 229.2262 457.3490
158 212.5888 456.4999
159 196.9382 460.0483
160 182.6245 467.6115
161 174.7766 475.3151
162 92.3734 469.8494
163 183.1191 488.2440
164 341.4123 599.4179
165 284.5303 619.6629
166 288.6767 581.1333
167 317.4403 607.3448
168 289.7374 436.9222
169 264.5139 728.2358
170 292.8935 739.6455
171 355.6109 754.2212
172 212.7770 709.8578
173 242.1358 462.3221
174 281.1108 504.5827
175 391.9975 745.3357
176 331.5640 762.1901
177 151.1967 632.5903
178 321.1415 653.8353
179 320.0167 658.4520
180 320.0480 665.4391
181 321.3482 674.7852
182 322.0373 692.1076
183 290.5704 655.4066
184 285.0283 655.3322
185 279.3735 653.9793
186 260.3153 648.2268
187 183.7364 626.4921
188 275.5972 484.3147
189 256.9998 450.7103
190 247.8740 456.2942
191 294.0205 652.2063
192 197.7894 668.7046
193 269.8957 446.2114
194 319.7094 712.3800
195 309.6398 504.0280
196 289.5176 492.1728
197 303.6349 483.5347
198 278.6261 537.2013
199 386.0999 728.2126
200 378.7934 706.0298
201 350.0004 714.4911
202 268.4530 689.0978
203 258.5972 592.6563
204 293.5231 703.5554
205 216.6561 601.5106
206 247.1998 615.1404
207 210.9592 633.6207
208 351.7347 737.5428
209 271.6977 549.1269
210 260.9576 707.1092
211 290.2407 720.8298
212 245.5175 671.5204
213 174.7844 651.2861
214 226.6624 681.1426
215 173.0080 666.7925
216 239.2367 640.3290
217 274.4919 519.0566
218 291.0754 575.6818
219 281.2610 581.5266
220 294.3910 562.4521
221 238.8962 440.7093
222 208.3852 440.3060
223 183.8179 445.9488
224 164.5672 454.1995
225 152.9352 465.1696
226 152.1283 496.1395
227 117.6179 555.3937
228 172.4782 517.1659
229 192.0193 517.5050
230 215.2058 510.8792
231 235.7059 500.5417
232 250.4339 489.8361
233 259.6981 480.6634
234 118.9119 553.3415
235 282.9976 585.0516
236 286.1953 522.7308
237 303.3722 574.4782
238 315.5986 579.6481
239 304.3675 576.4610
240 289.2829 588.6875
241 319.2278 581.1103
242 322.0846 583.3790
243 254.8969 466.3235
244 265.2264 468.2596
245 270.7770 470.5846
246 170.6570 480.5285
247 160.7909 478.3239
248 325.1991 502.1633
249 419.5255 411.8520
250 349.2242 571.5595
251 466.6768 315.6221
252 373.8780 445.1257
253 392.2178 440.5071
254 408.9871 433.9140
255 428.5144 416.3147
256 357.3199 445.6856
257 384.0183 393.3367
258 365.3427 400.0045
259 402.2157 390.7306
260 415.7413 392.8560
261 447.9932 422.8677
262 446.0676 694.4373
263 424.5835 405.2141
264 499.7965 393.8432
265 464.9156 403.8216
266 414.6212 517.9790
267 372.6717 617.1876
268 376.1889 633.3871
269 397.4526 611.8837
270 414.9390 610.0537
271 393.5464 626.7276
272 407.6177 621.1212
273 444.3020 625.9765
274 344.8282 565.5937
275 340.7987 546.7717
276 438.7949 364.4729
277 362.8278 483.7642
278 383.5795 543.2567
279 381.4432 532.1804
280 467.8840 495.8002
281 332.4333 522.7885
282 389.6578 360.0134
283 416.8299 357.9055
284 438.1289 289.4925
285 317.3618 399.9127
286 350.5419 410.6922
287 452.6924 603.7691
288 534.6922 570.2977
289 374.5978 557.2395
290 362.1043 568.0953
291 436.2051 608.7884
292 428.6190 611.2059
293 423.5360 341.3961
294 387.0708 549.5903
295 356.4993 372.4869
296 355.0486 355.5769
297 350.6456 271.5853
298 430.2165 314.8147
299 350.6164 312.8408
300 447.8510 351.4037
301 457.7039 334.3521
302 375.4280 627.2845
303 395.3972 621.2217
304 411.2477 616.0239
305 371.5101 561.7010
306 432.3196 610.0084
307 425.2577 618.4171
308 426.3392 611.7096
309 363.1156 556.7625
310 404.1776 620.1350
311 390.5551 627.1665
312 374.7800 634.4992
313 396.6110 679.0296
314 388.9453 661.9169
315 384.6072 652.1098
316 380.9129 644.2675
317 377.7398 638.9651
318 408.5098 623.8337
319 411.4698 624.8843
320 416.1042 628.0654
321 420.8111 632.8562
322 422.3998 586.3021
323 525.5689 472.6080
324 417.1478 618.8480
325 420.8846 617.9969
326 358.8012 578.5134
327 385.2068 561.6620
328 360.2780 573.5604
329 384.9583 487.6958
330 418.5009 489.6665
331 387.1853 538.1893
332 400.5829 273.6476
333 395.7109 306.1982
334 391.5203 342.1151
335 433.0308 644.4718
336 315.3383 373.2042
337 307.5390 325.7908
338 300.9771 279.2614
339 422.4712 425.6301
340 472.2548 429.2655
341 346.3069 444.2047
342 437.3888 390.3397
343 346.4119 476.4283
344 370.6223 541.9092
345 495.5802 435.0451
346 463.6904 446.6192
347 442.6331 461.3194
348 407.5561 470.2613
349 379.9912 471.3362
350 358.8508 469.1879
351 314.9133 460.4619
352 505.9563 474.2340
353 452.3466 381.8637
354 342.1011 575.9187
355 367.4214 503.4128
356 504.7931 388.1799
357 341.8917 464.0398
358 389.4361 537.3759
359 430.7020 404.8906
360 367.4504 528.5945
361 533.4840 519.7461
362 344.4247 436.9677
363 349.5834 523.8404
364 508.9431 627.8170
365 513.1819 647.9475
366 524.1716 472.4015
367 524.7924 595.8690
368 478.4592 360.7286
369 454.2907 710.7446
370 341.4577 579.2679
371 387.8022 510.8305
372 481.9048 401.4374
373 403.5949 423.6604
374 388.7696 430.2743
375 430.2667 620.1181
376 515.2053 511.9936
377 429.9143 742.8890
378 474.3412 704.1883
379 492.6813 680.7029
380 373.3951 434.1626
381 358.2526 435.9624
382 348.9195 437.2661
383 464.8525 372.4985
384 355.9708 418.0614
385 369.9448 407.5419
386 385.0746 401.6878
387 401.4905 400.0023
388 412.5494 401.8927
389 487.5263 346.5802
390 413.1837 417.3427
391 402.1903 583.6759
392 374.0300 555.1519
393 366.2613 592.4617
394 491.0074 659.7093
395 473.1665 685.2870
396 427.6943 732.5512
397 527.0147 613.4669
398 347.4720 429.9193
399 336.2155 487.5786
400 454.5222 725.1951
401 531.1845 515.0629
402 394.5794 631.1039
403 398.2520 634.2762
404 402.4207 640.0402
405 407.0632 648.4529
406 417.9129 662.7870
407 420.6122 614.9801
408 424.8929 611.8925
409 428.8359 607.6550
410 441.1352 592.2592
411 495.5381 530.0624
412 329.8762 467.4721
413 327.1307 428.7096
414 338.6274 428.0393
415 416.0052 614.2702
416 510.4443 572.4639
417 312.4543 432.7360
418 432.2974 678.0680
419 320.7176 482.4472
420 357.7045 512.8168
421 408.0557 696.8043
422 461.2036 630.2174
423 409.1169 546.5580
424 449.0782 656.3407
425 450.9887 528.9955
426 432.5112 558.0158
427 475.7967 551.7830
428 420.3886 716.7479
429 371.5240 518.6290
430 479.7086 640.6316
431 462.9579 668.6290
432 469.4360 602.6343
433 520.1961 544.8056
434 492.5421 599.5616
435 533.1180 555.7752
436 454.6665 573.7038
437 351.3248 495.4565
438 367.7067 552.2309
439 380.5272 551.3305
440 356.3658 543.5136
441 336.2595 409.8326
442 361.8324 391.6478
443 386.1426 382.2406
444 407.9154 378.1818
445 425.0852 380.3668
446 445.7852 404.8998
447 514.3118 431.9664
448 440.2299 434.2156
449 423.5640 445.8196
450 399.8083 453.8848
451 376.0506 457.2311
452 356.9014 457.0220
453 343.2037 454.9129
454 515.4875 429.7581
455 381.6257 555.0600
456 341.5000 505.6191
457 355.8496 558.2942
458 349.3436 569.4011
459 356.7349 560.4479
460 378.9057 561.5357
461 346.8828 572.6449
462 346.5057 575.9254
463 338.7963 440.5696
464 330.7749 448.0001
465 326.8351 453.1535
466 419.2811 403.7841
467 426.6668 395.8201
