# Image: /home/yaroslav/Projects/Diia.AIContest-AdAstrum/fixtures/FLUXSynID-processed/01035dd8dcaf/01035dd8dcaf_f_live_0_a_d1.jpg
# Mode: stream
# Status: fail
# Errors: image_blurry_or_out_of_focus: Image is blurry (sharpness score: 22.39); strong_shadows_on_face: Strong shadows or uneven lighting detected (difference: 55.2); face_not_looking_straight_at_camera: Head is turned 178.5째 (max: 15.0째); head_is_tilted: Head is tilted 23.8째 (max: 10.0째)

# 2D Landmarks (index x y)
0 278.3101 628.8903
1 264.8979 542.0357
2 276.9929 574.5874
3 256.7047 472.7913
4 264.3036 517.0296
5 268.5161 489.0908
6 283.1150 426.5443
7 155.6457 441.7518
8 287.5208 377.1262
9 287.3635 347.5871
10 295.4472 252.1533
11 278.9700 641.1983
12 280.8527 651.0564
13 283.2952 655.4407
14 283.6298 691.8073
15 282.8013 701.8093
16 282.4148 714.0877
17 282.8152 728.6792
18 285.6291 751.8974
19 268.5279 556.9720
20 255.7765 560.2707
21 108.8922 383.7182
22 210.0640 457.7369
23 189.6559 460.2858
24 171.1223 460.2254
25 149.0473 451.7696
26 227.6913 450.9587
27 183.7869 398.6953
28 205.6161 399.3473
29 163.9652 403.7421
30 151.5868 413.6437
31 132.8391 469.1866
32 203.9509 784.3456
33 150.0896 438.0580
34 93.6840 477.1080
35 115.9355 458.5261
36 181.9346 546.6252
37 248.6969 627.1208
38 255.0312 652.4081
39 220.7420 637.6633
40 204.3593 651.0981
41 235.2742 656.3693
42 220.5725 662.0699
43 184.2895 701.4524
44 248.3797 542.6923
45 245.1484 519.4621
46 124.0127 394.5893
47 227.6201 487.4927
48 211.3127 548.3460
49 211.8629 537.3180
50 125.3045 551.2257
51 250.3843 493.2904
52 164.0108 360.9697
53 139.2171 373.2678
54 122.0762 338.2442
55 247.1928 373.7918
56 225.1496 406.4107
57 169.0821 674.6441
58 111.7070 701.4101
59 228.1749 561.2639
60 245.2757 567.5916
61 187.2107 675.7513
62 199.0091 674.6943
63 130.8848 361.4116
64 213.0165 560.8740
65 199.0325 359.7863
66 195.0903 342.0529
67 187.9983 272.8610
68 126.2036 348.8336
69 192.4758 304.8277
70 115.9433 389.3160
71 112.0636 387.5014
72 250.7750 641.6829
73 228.1965 648.6054
74 211.9118 656.6100
75 234.1788 565.7862
76 192.6084 675.4713
77 201.0805 685.9868
78 203.5068 673.8303
79 234.1145 548.6869
80 226.9122 660.9285
81 241.6720 657.7369
82 260.1162 656.2176
83 252.1931 750.8950
84 250.6923 726.2764
85 252.0667 711.7752
86 254.7184 699.2711
87 258.0705 690.9182
88 222.7313 685.8625
89 218.1786 688.9131
90 212.0540 694.8620
91 207.3778 702.8993
92 190.6815 627.2375
93 102.0138 588.8857
94 272.9042 565.0226
95 213.8813 682.7029
96 207.1696 683.2364
97 251.4272 577.4844
98 221.9389 576.1232
99 248.4679 572.7711
100 205.8534 502.7838
101 171.8240 519.8513
102 210.2069 549.8554
103 146.5957 300.2109
104 151.4779 320.0792
105 157.9648 345.1771
106 200.6131 720.4973
107 239.7257 344.3157
108 237.3786 300.0291
109 235.7118 258.6010
110 156.5596 457.9500
111 112.1083 488.0398
112 239.0329 443.6577
113 133.4190 425.3698
114 241.6515 470.4055
115 220.4669 535.5236
116 93.9019 508.7118
117 120.6317 499.5970
118 142.2007 503.2325
119 179.5186 496.7979
120 208.6986 485.8542
121 230.6889 473.2702
122 264.8895 434.5218
123 89.6831 554.6387
124 120.0101 425.3178
125 258.6594 556.7466
126 225.2264 507.0821
127 101.5220 486.4382
128 246.1299 458.8268
129 211.1784 553.7798
130 143.8603 440.2072
131 222.3094 522.5242
132 102.9513 644.0016
133 240.5448 435.6955
134 235.6014 505.2353
135 130.1780 739.6124
136 139.8484 773.8495
137 84.2416 572.9650
138 110.6051 712.3464
139 103.7500 429.7780
140 201.2515 810.6651
141 265.1344 564.4825
142 207.4226 526.2604
143 102.9375 467.2984
144 172.8540 446.1170
145 189.7913 447.3093
146 195.6502 689.9606
147 90.9497 602.1657
148 241.6846 846.7744
149 184.3747 817.8123
150 163.0465 799.5820
151 290.6971 298.3681
152 289.3896 852.5235
153 206.9600 445.8501
154 223.6409 441.7981
155 234.7277 438.7964
156 110.2077 425.7831
157 223.1715 424.0386
158 205.7678 420.3652
159 188.4379 419.8777
160 171.5679 423.7342
161 160.9192 429.5776
162 102.4468 430.1526
163 162.4247 444.0122
164 278.3506 593.0449
165 209.6619 610.2468
166 226.2909 556.4526
167 247.7900 597.5734
168 287.7505 403.2484
169 153.4946 767.2433
170 176.4848 788.6512
171 236.5890 826.4622
172 124.5639 744.6651
173 235.1035 430.4037
174 248.1135 469.7175
175 284.6977 831.0622
176 208.7559 834.0437
177 87.1480 624.6975
178 238.1702 688.6420
179 233.3419 694.5512
180 228.6134 704.1021
181 225.3461 716.7858
182 221.7489 738.0009
183 207.3783 667.6519
184 199.3029 665.6353
185 192.4876 662.4138
186 175.5195 648.5644
187 110.4578 606.8343
188 254.0624 450.9562
189 253.0734 415.4519
190 243.0923 421.1433
191 214.6289 664.6940
192 111.5157 670.1077
193 264.6858 409.6588
194 213.1673 759.7269
195 273.5881 467.5731
196 260.0616 454.6538
197 278.2378 447.8864
198 232.2321 505.8597
199 283.3902 804.1756
200 284.4677 774.9514
201 245.5448 773.5323
202 169.4085 712.4497
203 195.5414 575.2738
204 189.1882 739.6541
205 149.6673 577.0226
206 175.6703 600.7270
207 134.1312 618.5295
208 237.9783 801.1572
209 222.3861 522.0647
210 155.9699 734.8018
211 179.9554 760.8205
212 153.1615 680.8204
213 96.1747 644.4162
214 132.4632 690.9976
215 95.1568 672.3118
216 159.3727 633.3245
217 237.5556 488.2344
218 226.8050 544.8234
219 217.2898 555.1939
220 231.5429 525.7785
221 236.7751 395.9946
222 203.6911 384.6212
223 175.4998 384.3345
224 152.9626 391.1998
225 139.0720 404.3964
226 131.8118 449.1343
227 86.5042 524.1979
228 140.8329 476.0873
229 158.9450 479.3958
230 184.5708 477.5645
231 210.4497 471.0775
232 231.1285 461.8731
233 244.7268 452.6169
234 103.1396 537.8794
235 220.0290 562.8636
236 243.1288 486.7025
237 237.0172 541.7634
238 251.8192 555.0095
239 240.2109 547.6312
240 227.0467 570.6454
241 253.6205 556.0147
242 259.3317 563.5180
243 246.8097 435.2574
244 255.3544 438.3743
245 257.7784 439.2295
246 154.6221 434.1427
247 143.5311 425.2462
248 292.9115 471.6209
249 455.7012 429.2404
250 294.4365 558.7991
251 563.0099 363.5622
252 392.0678 448.6485
253 414.2804 449.8638
254 436.3429 448.9240
255 467.7289 438.9765
256 373.3021 443.4900
257 415.8160 389.0209
258 392.5611 391.2614
259 439.1907 392.4523
260 456.3089 401.2057
261 489.1726 455.9266
262 381.0785 785.7938
263 464.3160 425.0821
264 576.5536 461.0812
265 517.9223 444.6040
266 405.6015 539.1571
267 310.7348 624.4398
268 310.2809 650.7058
269 347.5980 632.7677
270 373.4153 644.3525
271 337.1292 652.8054
272 359.5317 657.0340
273 409.8018 696.0248
274 284.2873 541.3224
275 286.2600 517.8352
276 492.3843 382.3422
277 357.7623 482.5486
278 350.9363 543.0425
279 354.6242 532.3802
280 481.3249 539.5162
281 289.2941 491.9690
282 429.6697 352.6217
283 464.8037 362.7273
284 528.8204 317.9603
285 332.1738 371.3182
286 373.3557 399.6049
287 427.5506 667.0417
288 574.5993 695.9796
289 335.1869 556.8962
290 315.5502 564.9023
291 406.6327 668.1440
292 395.8631 667.7668
293 479.3151 350.1492
294 355.4712 555.8115
295 385.8198 353.7216
296 389.2979 335.4892
297 421.9276 258.9312
298 502.8968 332.9700
299 402.7215 294.5788
300 509.8066 375.7030
301 535.8049 370.7422
302 310.5103 639.3355
303 341.2501 644.4805
304 365.8711 650.6330
305 330.4261 561.9545
306 401.3377 668.0859
307 387.7069 679.9736
308 392.7805 667.4748
309 316.4243 544.8962
310 356.9499 656.3828
311 334.5910 654.6030
312 309.8592 654.3695
313 322.1729 750.4768
314 317.7222 725.2994
315 315.5587 710.4265
316 313.5123 697.9998
317 311.9554 689.7847
318 360.7309 681.7616
319 364.4252 684.5084
320 370.1167 690.7343
321 375.5387 698.7896
322 389.7925 620.6327
323 599.4822 577.5263
324 376.1124 677.6155
325 381.5526 677.8208
326 308.0333 575.8445
327 350.6243 571.9615
328 311.5166 570.5860
329 384.0388 496.1440
330 422.6740 510.7074
331 361.4932 544.5767
332 483.6396 281.9950
333 460.5139 306.5476
334 438.4494 335.7379
335 387.2951 717.5329
336 337.8164 341.1688
337 348.7597 294.1177
338 361.6226 250.6676
339 456.1139 445.5664
340 516.8783 473.7819
341 360.8243 437.3546
342 485.6762 412.6083
343 339.7903 466.7515
344 331.3621 531.0995
345 547.5237 494.0079
346 497.9285 485.8409
347 465.0371 491.1992
348 419.5856 487.3940
349 386.5154 478.5516
350 361.3320 467.8581
351 304.9659 432.9506
352 546.4788 540.9100
353 507.2133 411.8209
354 279.7190 555.8656
355 353.7268 502.4577
356 598.1493 470.3259
357 342.2290 454.5193
358 367.6193 548.6041
359 474.5019 426.9313
360 335.3531 518.4054
361 593.5670 635.4032
362 361.7050 429.6958
363 311.5929 502.5068
364 500.7347 737.5146
365 507.8372 774.8688
366 583.4756 560.3288
367 535.9893 707.6403
368 557.7244 412.8688
369 386.6181 813.6836
370 281.4761 563.7205
371 376.7201 520.5098
372 542.8953 452.6836
373 432.5655 434.4647
374 413.2894 436.4035
375 394.2413 683.7922
376 546.5069 590.6676
377 341.2345 849.4507
378 426.0134 822.2577
379 463.9901 802.8109
380 395.1084 435.9755
381 378.5483 433.6117
382 367.4381 431.8623
383 528.6673 411.0014
384 378.8367 416.9038
385 396.7064 412.1415
386 414.0423 410.4128
387 433.2273 412.8405
388 447.2051 417.6374
389 585.4239 411.5749
390 446.0531 431.8412
391 363.7589 605.2755
392 333.6331 551.7092
393 312.4606 595.1439
394 462.9908 767.7273
395 426.6669 791.2277
396 338.0249 828.6350
397 543.6790 742.8304
398 366.6395 424.4253
399 317.2994 467.2164
400 385.7270 838.2475
401 579.3897 614.3866
402 337.7628 686.0464
403 341.4312 691.8291
404 345.3277 701.6583
405 349.1332 714.4744
406 358.8330 736.7184
407 381.4407 661.4596
408 388.0005 658.6750
409 394.7223 654.7790
410 413.0423 641.0320
411 506.8699 596.3455
412 321.7249 448.3343
413 340.3823 411.6573
414 355.4626 415.7354
415 376.9125 659.0880
416 516.9947 662.2219
417 317.3014 407.8629
418 371.0165 759.7391
419 298.9728 453.2201
420 333.0769 502.3671
421 328.1514 774.0115
422 429.9085 708.2457
423 388.1965 569.3373
424 404.0511 738.0895
425 444.8159 568.1453
426 412.1079 593.6286
427 469.4574 609.6447
428 333.9335 802.3504
429 351.0070 517.5864
430 451.1804 732.8974
431 417.3578 761.0673
432 448.4841 674.1641
433 543.1096 634.8919
434 481.8788 685.1095
435 565.9150 664.5072
436 435.1367 625.6265
437 335.0726 484.8075
438 323.1506 540.7223
439 343.3733 550.1659
440 309.3086 522.8913
441 355.4554 391.4093
442 389.5751 377.4341
443 420.6940 374.4523
444 449.0278 379.6971
445 471.3595 391.9867
446 493.3387 435.6822
447 582.6625 509.7054
448 474.9561 463.1241
449 449.6345 467.9715
450 418.3469 467.5565
451 389.1907 462.9452
452 366.6957 455.4531
453 350.7656 447.4209
454 599.9539 524.1908
455 345.3606 558.1186
456 312.8393 484.3295
457 302.4223 539.3024
458 292.9805 553.4433
459 305.0292 544.9821
460 341.0254 566.8328
461 287.4860 554.7093
462 289.2074 562.4909
463 352.1922 429.9105
464 338.1746 434.4634
465 328.2706 436.1665
466 456.1244 421.5744
467 470.7797 412.3020
