# Image: /home/yaroslav/Projects/Diia.AIContest-AdAstrum/fixtures/FLUXSynID-processed/01035dd8dcaf/01035dd8dcaf_f_doc.jpg
# Mode: stream
# Status: fail
# Errors: strong_shadows_on_face: Strong shadows or uneven lighting detected (difference: 50.2); face_not_looking_straight_at_camera: Head is turned 176.5째 (max: 15.0째); head_is_tilted: Head is tilted 19.4째 (max: 10.0째); face_too_small_in_frame: Face occupies only 43.4% of frame (min: 50.0%)

# 2D Landmarks (index x y)
0 318.1188 626.1891
1 314.3805 558.9960
2 314.5945 579.7831
3 294.4316 493.4221
4 313.1157 538.3097
5 311.0167 511.3495
6 305.9028 446.5322
7 175.2272 449.5112
8 302.8326 399.6677
9 301.5565 372.7680
10 295.2609 274.9550
11 318.7340 635.7003
12 319.0078 641.7685
13 318.9939 643.2390
14 319.7949 645.1859
15 320.3939 651.7638
16 321.0101 660.5387
17 321.5443 670.6697
18 322.0518 690.0981
19 314.5569 569.4623
20 298.2282 568.7847
21 99.0441 380.5800
22 228.9588 464.7077
23 210.5991 467.2804
24 192.9783 467.2115
25 168.8344 457.9193
26 244.2982 458.6605
27 203.1965 418.5555
28 222.0849 418.2514
29 185.6784 422.6417
30 173.7436 429.7204
31 153.6976 472.2138
32 256.5970 728.5032
33 168.5742 445.0534
34 95.3269 467.9868
35 131.4191 461.0822
36 221.4841 547.6305
37 295.7173 624.3831
38 299.3984 642.2560
39 273.0964 630.6524
40 257.6739 638.2232
41 282.5126 643.7675
42 268.4083 645.6443
43 236.7613 666.6383
44 299.4817 559.3466
45 296.1101 539.7083
46 142.1848 411.7606
47 255.1725 495.3708
48 257.6202 556.2886
49 255.6601 545.6484
50 164.5477 548.8845
51 295.1058 514.5171
52 185.9024 387.6697
53 160.1782 396.2889
54 116.4484 342.9830
55 266.1379 397.8794
56 239.1511 422.9258
57 220.8421 649.8900
58 124.8768 654.1190
59 271.1150 566.4532
60 286.2078 571.6972
61 240.1723 648.2006
62 247.3253 646.7118
63 148.2824 383.6914
64 257.1909 564.8300
65 220.6292 386.6425
66 215.9388 370.0306
67 190.0720 290.8824
68 132.6314 362.3380
69 204.7638 328.5633
70 129.3565 403.5044
71 114.1716 392.7568
72 297.4720 635.4808
73 278.7744 639.0697
74 263.4317 642.3443
75 275.8075 569.6318
76 243.9747 647.5936
77 252.9820 650.1114
78 248.9953 646.0363
79 280.4971 559.6971
80 271.0799 643.9202
81 285.4398 643.6320
82 301.3731 643.6678
83 298.4913 691.9980
84 299.6542 671.0354
85 299.8993 660.0243
86 300.2383 651.5272
87 301.0950 645.8738
88 269.0699 646.6653
89 267.1073 648.5170
90 264.2963 653.0291
91 261.6657 659.5340
92 240.7670 617.3112
93 98.2107 557.6992
94 314.4692 573.5171
95 259.6571 647.0982
96 256.5072 647.7699
97 292.8322 580.5566
98 263.9879 576.4134
99 289.6363 576.2622
100 236.5745 508.2154
101 207.0730 523.2381
102 252.9335 554.4734
103 145.0922 312.5315
104 161.2472 340.1687
105 177.8218 371.6182
106 253.3600 677.3120
107 258.6114 371.3956
108 248.9511 324.5536
109 238.5128 279.5922
110 177.7361 464.5216
111 133.9597 488.1125
112 253.9459 452.6792
113 152.1597 436.1830
114 267.1178 481.3306
115 268.3498 548.5117
116 114.2703 503.5801
117 148.3636 501.0108
118 173.4831 506.5899
119 208.8328 501.3911
120 234.3437 491.6050
121 253.0557 480.7981
122 289.2977 452.9256
123 119.7306 545.2474
124 135.4613 434.5323
125 305.7880 569.0200
126 258.5841 514.7929
127 88.1947 468.0159
128 266.5711 468.8362
129 251.0502 555.8502
130 163.0671 447.6852
131 266.6980 535.5853
132 107.6397 605.6798
133 253.3477 444.8563
134 280.4082 523.0029
135 171.9223 693.9201
136 174.0705 716.6121
137 100.6364 553.0062
138 145.1980 670.5461
139 103.8400 427.2377
140 254.0827 747.6079
141 307.5948 573.0929
142 242.9328 530.5032
143 114.7269 466.1467
144 193.7285 454.7951
145 209.7086 455.8177
146 249.1912 654.2431
147 125.4463 585.2909
148 288.5135 769.6139
149 232.0410 751.7560
150 205.8973 737.9977
151 298.4832 322.9365
152 325.5998 769.9860
153 225.2448 453.9140
154 239.6747 449.8979
155 248.8666 447.2466
156 120.6772 431.4198
157 236.5326 431.0450
158 220.4556 426.3132
159 204.6382 426.0183
160 188.7200 430.3552
161 178.9260 436.5802
162 90.2223 419.7629
163 182.7240 452.3020
164 315.7532 594.5078
165 257.3698 605.0883
166 270.7583 563.5230
167 291.7187 597.4977
168 304.0129 422.6340
169 200.3426 716.1407
170 226.4878 732.2769
171 287.0268 757.4015
172 147.9826 691.0087
173 248.1348 439.0430
174 279.9248 485.7178
175 325.4548 756.3953
176 258.9638 762.7060
177 109.4165 596.7725
178 283.8707 646.0820
179 281.9998 650.0881
180 280.4526 656.7902
181 279.2180 666.5035
182 273.8230 686.1434
183 255.5184 646.5558
184 250.6936 645.6573
185 245.5563 643.3577
186 226.7465 632.6803
187 151.4697 593.3737
188 278.4902 465.8140
189 266.9732 430.1728
190 255.7798 434.4792
191 258.8537 644.0614
192 152.1871 641.2132
193 281.9508 427.5601
194 264.4624 707.6643
195 309.2966 489.2926
196 291.6177 474.2539
197 307.6788 468.7665
198 270.0544 518.1683
199 324.7083 736.8787
200 323.3290 712.1632
201 293.5086 714.5867
202 219.8641 677.1575
203 236.8129 572.8740
204 240.8279 695.4038
205 192.6575 572.7170
206 220.1144 593.7166
207 178.1490 605.7633
208 288.5999 738.8301
209 260.1248 530.0510
210 205.1205 693.4615
211 231.0873 712.1728
212 202.4662 654.7124
213 132.4910 619.0639
214 178.8050 659.8429
215 122.4018 636.3225
216 206.0712 619.9965
217 269.6126 500.0410
218 274.6918 556.9224
219 263.3405 562.5320
220 281.2843 543.2174
221 251.9840 415.6795
222 222.3717 407.9340
223 197.0298 407.7862
224 175.5979 412.0773
225 160.3510 421.1623
226 149.2848 454.1884
227 95.1883 510.1922
228 165.0160 479.9272
229 184.4728 484.4244
230 208.9709 482.9715
231 231.9843 477.1322
232 249.6813 469.1174
233 261.5642 461.4640
234 92.7195 512.6714
235 263.9569 567.4220
236 281.3643 503.7677
237 287.0937 557.0771
238 297.1848 565.9749
239 287.4150 560.1452
240 269.3080 572.9767
241 300.4160 567.8272
242 302.1303 571.8014
243 259.9411 446.0449
244 270.5777 449.8143
245 276.2578 452.4266
246 173.2396 441.1194
247 164.0720 437.1841
248 324.3375 491.8401
249 431.8125 436.1498
250 329.6581 567.0691
251 494.2696 359.0176
252 381.5673 456.9559
253 400.2309 457.3273
254 417.3115 455.0244
255 438.6044 443.5654
256 365.4130 452.6127
257 401.7424 407.7902
258 382.8897 409.4839
259 419.2486 410.1985
260 431.4605 416.0675
261 455.0242 455.4196
262 389.7195 720.1095
263 437.4349 431.1537
264 507.5083 444.2758
265 474.5439 441.5702
266 401.0535 537.2225
267 340.0562 621.6038
268 338.6187 639.7470
269 362.9870 624.9970
270 378.8869 630.4043
271 355.3270 639.1958
272 369.1412 639.0877
273 402.2707 656.0807
274 328.8326 557.6234
275 329.8166 537.7223
276 460.3107 393.7339
277 360.8193 489.5596
278 367.3271 550.2193
279 367.5424 539.3538
280 455.8555 531.6241
281 327.0359 512.7349
282 416.5153 374.2024
283 441.9313 380.2281
284 475.1129 323.5795
285 339.1367 393.2958
286 366.4634 416.0868
287 415.4815 637.5273
288 497.5206 631.4471
289 355.2765 561.7773
290 341.2787 568.7887
291 397.0154 638.0407
292 389.6686 637.4727
293 451.9031 366.3239
294 368.3705 558.6985
295 382.6865 376.8544
296 385.7109 359.6961
297 399.7430 279.7385
298 463.4513 343.7205
299 391.2385 317.9588
300 471.3193 384.2105
301 483.2748 372.1998
302 339.9122 632.8928
303 358.6433 634.0014
304 373.9829 635.1378
305 351.0075 565.5419
306 393.1184 637.8046
307 385.2641 641.4832
308 387.5769 636.9974
309 346.0949 555.8957
310 365.8417 637.6660
311 351.9398 639.4012
312 336.4102 641.3562
313 345.7141 689.0100
314 343.3974 668.2514
315 341.9065 657.3304
316 340.2714 649.1178
317 338.4225 643.5927
318 369.2470 640.0776
319 371.6185 641.6504
320 375.0860 645.8705
321 378.3774 652.0317
322 392.0422 607.9652
323 510.7549 533.3025
324 378.0447 639.3648
325 381.4133 639.6010
326 336.1594 578.0991
327 362.9776 570.8881
328 338.4655 573.6312
329 380.6953 500.1751
330 411.8070 511.4163
331 370.9817 547.8945
332 444.9854 296.3179
333 434.1851 324.7750
334 422.5821 357.2186
335 387.7124 668.6722
336 344.1515 365.9610
337 347.7013 319.0306
338 351.6622 273.6409
339 431.2545 450.8664
340 475.8595 468.5181
341 355.0561 447.7568
342 452.5467 419.8277
343 347.5353 476.9509
344 356.6132 543.5541
345 495.6415 481.4737
346 464.3845 482.8421
347 441.5972 491.1202
348 406.7760 490.1460
349 380.3761 483.5581
350 360.5297 475.0754
351 322.9381 451.0101
352 495.7984 523.0819
353 468.3583 415.6681
354 323.2480 568.0536
355 360.3076 509.2033
356 511.0841 443.8473
357 345.8156 464.7408
358 372.4803 548.9991
359 442.8280 433.0690
360 356.0310 530.5875
361 507.4688 581.8696
362 354.4987 439.9429
363 341.9729 519.4966
364 463.5929 676.0221
365 461.6620 698.8422
366 511.6840 528.8014
367 484.8078 649.8698
368 495.7630 405.0314
369 393.6093 738.9000
370 321.1377 572.2864
371 377.3935 522.9082
372 490.5159 444.6261
373 415.0808 443.3163
374 399.6351 446.1532
375 389.4225 645.1118
376 494.8017 563.2849
377 361.6715 765.1524
378 412.8815 740.4862
379 435.4929 723.7930
380 383.9476 446.0295
381 368.9598 443.4896
382 359.3150 441.9138
383 481.7526 410.8241
384 369.6488 424.2093
385 385.1180 417.7921
386 400.7580 415.7909
387 416.6668 418.4798
388 426.7657 423.6443
389 505.5482 396.6629
390 425.1888 439.6589
391 374.0186 598.1946
392 355.6130 558.7304
393 339.8857 594.7002
394 439.9866 701.4587
395 417.4197 720.4865
396 363.2055 752.7207
397 481.4150 670.5037
398 358.9966 433.5103
399 336.7434 482.6156
400 389.3767 754.6355
401 508.2990 572.9503
402 355.2771 641.5232
403 357.8084 645.2671
404 360.4120 651.5864
405 362.7169 661.1651
406 369.1859 680.1147
407 381.6997 638.3447
408 386.4715 636.7756
409 391.1991 633.9535
410 407.5769 621.2624
411 472.7137 574.0284
412 334.7339 462.7279
413 340.3058 426.2973
414 351.0983 429.5809
415 377.7830 636.3496
416 476.7079 621.5359
417 326.1044 425.0306
418 380.0041 700.2967
419 324.1177 472.4497
420 350.1073 513.6487
421 353.0156 710.8077
422 418.7948 664.7494
423 388.9862 564.0665
424 400.9844 685.5024
425 432.4023 558.3956
426 408.5112 582.4379
427 450.0339 589.2760
428 360.3583 734.3561
429 360.7333 524.4878
430 433.9597 679.2830
431 411.7903 700.9669
432 432.9166 640.2678
433 491.7728 597.4814
434 454.9189 642.9355
435 501.1228 613.4611
436 425.5077 606.4366
437 347.9891 495.7254
438 351.5862 552.5514
439 362.6883 556.9421
440 344.1665 539.6676
441 353.7077 409.9577
442 382.2976 398.8158
443 407.2714 396.1118
444 428.4232 398.2890
445 443.6964 405.7632
446 456.9342 437.2499
447 512.2338 485.9527
448 445.5835 464.2361
449 427.8220 470.6736
450 403.9108 472.3120
451 380.4006 469.1424
452 361.9125 463.3792
453 349.2183 457.0269
454 510.9970 488.4269
455 362.2398 562.0226
456 338.0934 500.6157
457 340.3065 553.9588
458 330.8291 564.1134
459 339.8529 557.1129
460 357.5533 568.1546
461 328.2671 566.2603
462 326.3807 570.5355
463 348.4074 441.8275
464 338.9309 446.4502
465 334.4073 449.4766
466 432.7663 427.7055
467 441.1452 422.4609
