# Image: /home/yaroslav/Projects/Diia.AIContest-AdAstrum/fixtures/FLUXSynID-processed/0068f321356b/0068f321356b_m_live_0_e_d1.jpg
# Mode: stream
# Status: fail
# Errors: image_blurry_or_out_of_focus: Image is blurry (sharpness score: 27.12); strong_shadows_on_face: Strong shadows or uneven lighting detected (difference: 56.6); head_is_tilted: Head is tilted 18.1° (max: 10.0°); face_too_small_in_frame: Face occupies only 44.9% of frame (min: 50.0%)

# 2D Landmarks (index x y)
0 303.6007 606.5758
1 293.4689 530.0798
2 300.0941 557.8601
3 277.0823 475.0167
4 291.9776 509.9358
5 292.2770 487.2412
6 295.2925 436.8937
7 168.7731 458.5555
8 295.0614 398.5639
9 293.8694 374.8925
10 294.0355 298.2545
11 304.5438 617.3864
12 305.8307 626.8225
13 306.9336 631.9083
14 307.6511 638.7732
15 307.8620 647.3628
16 308.3125 658.6953
17 309.1983 671.7610
18 311.8093 694.4806
19 295.6412 542.1147
20 280.3491 546.3878
21 114.8797 415.0061
22 221.1312 467.9549
23 202.7090 471.5816
24 185.4923 472.9577
25 163.1634 467.4111
26 236.9032 461.1142
27 194.4949 422.7028
28 214.3810 421.8184
29 176.4430 427.7713
30 164.9710 436.2498
31 149.7406 482.7351
32 237.1777 734.2186
33 162.8827 455.5035
34 106.6241 491.6691
35 131.0881 474.7021
36 207.1522 542.7465
37 278.3993 606.6095
38 284.7158 629.7077
39 254.0831 618.6547
40 240.2558 632.3112
41 267.4730 634.6636
42 254.6879 640.9056
43 220.2559 671.0199
44 277.3114 531.7093
45 273.0786 513.1881
46 136.7819 421.5848
47 243.1995 490.9424
48 235.7613 540.8464
49 234.7226 532.2551
50 155.1342 551.0652
51 274.6583 491.8486
52 175.2765 391.8035
53 151.4575 403.3200
54 127.2916 376.6378
55 256.1694 397.6913
56 232.3732 425.9200
57 205.2935 653.6696
58 132.3489 672.6300
59 251.8556 550.1602
60 268.6018 554.4106
61 226.4078 653.3591
62 236.2037 650.7194
63 142.0815 394.1382
64 237.0835 551.9900
65 209.4723 388.8859
66 205.0695 374.6774
67 191.7842 319.7118
68 134.6514 384.3957
69 199.7340 344.8928
70 127.9209 417.8486
71 121.2907 417.0460
72 281.0362 619.5951
73 261.2927 627.9838
74 247.2714 636.7553
75 257.6523 553.9819
76 231.3372 652.4618
77 238.7377 653.5827
78 238.9080 649.1203
79 259.6262 537.6986
80 259.7110 640.3099
81 272.7219 636.5620
82 288.4877 633.8086
83 284.2757 696.0928
84 283.1618 672.6498
85 284.0717 659.3412
86 285.4373 647.6524
87 287.2920 640.4470
88 256.4238 645.8133
89 253.1717 648.8405
90 248.4733 654.9976
91 244.4668 662.9259
92 223.2909 610.8180
93 114.2852 582.7763
94 297.9108 548.8303
95 248.3257 648.1660
96 243.7189 649.8629
97 275.4895 562.4223
98 246.0227 564.9938
99 272.3082 558.5376
100 224.2870 505.4670
101 195.3127 522.1531
102 233.2275 543.3288
103 151.2251 344.1359
104 159.2508 359.4312
105 168.4911 379.1788
106 236.5075 681.0320
107 248.4477 374.1395
108 243.1221 339.0377
109 237.8743 305.9851
110 171.1368 472.2144
111 131.6355 499.6178
112 246.8203 454.2865
113 146.8852 446.1358
114 255.5826 475.7099
115 245.9113 528.5942
116 114.8966 517.4408
117 142.3363 509.1723
118 164.2959 511.0616
119 198.6445 502.8810
120 224.0853 491.4480
121 243.4994 479.3971
122 277.7400 444.4075
123 117.4018 555.7069
124 133.4213 446.9111
125 286.0476 542.5641
126 243.4539 506.9327
127 109.0201 499.9301
128 257.2732 466.2777
129 233.4594 547.2222
130 157.2437 457.8863
131 245.3555 518.5215
132 119.6287 627.0882
133 247.1676 447.6618
134 259.3839 502.8867
135 160.4439 703.2303
136 166.2011 730.5423
137 106.8279 569.8761
138 140.8603 680.9828
139 114.4717 452.1761
140 233.6033 758.0996
141 290.2995 548.9136
142 228.1586 524.6559
143 118.3035 482.7201
144 185.9962 461.2167
145 201.8622 460.9180
146 233.7262 658.3689
147 122.6740 593.8076
148 272.7359 786.9570
149 213.4595 766.2084
150 190.6302 751.6282
151 293.6950 335.2557
152 318.2911 787.9868
153 217.4800 458.2778
154 232.3690 453.7607
155 242.1002 450.4937
156 123.1106 448.0168
157 230.5922 439.1584
158 214.3700 437.4411
159 198.5205 438.0868
160 182.8847 442.3675
161 173.0790 447.8011
162 109.3010 453.5110
163 175.6365 460.1149
164 301.6403 573.9602
165 238.6635 594.8912
166 250.5258 545.6158
167 274.0945 580.1071
168 296.3206 418.9714
169 183.2516 725.4062
170 206.9567 741.9259
171 269.1599 768.0223
172 148.5600 706.7420
173 241.9574 443.5388
174 265.0160 473.7689
175 315.0125 768.8280
176 239.6394 778.5254
177 113.6286 611.3255
178 270.1741 642.5316
179 266.8568 648.1187
180 263.5054 657.1118
181 261.0559 669.0965
182 257.0857 690.0917
183 243.6868 646.5318
184 236.7285 645.6485
185 230.3495 643.3481
186 210.8949 631.2242
187 144.3392 596.5591
188 267.0498 458.6144
189 260.2122 431.1018
190 249.7346 436.4068
191 249.0373 643.6646
192 145.0910 647.3267
193 273.6304 425.5982
194 246.9256 711.4827
195 293.3647 469.7438
196 276.8705 460.3807
197 294.2012 453.6731
198 252.3889 504.6238
199 312.9921 744.2153
200 312.1864 717.0946
201 277.8062 718.3679
202 202.0629 680.9581
203 220.1974 566.1401
204 222.3695 699.5108
205 180.2740 569.6172
206 204.7098 588.2467
207 167.1130 605.1563
208 270.8944 744.2840
209 242.4307 519.2419
210 187.1060 699.3010
211 211.6194 718.3563
212 186.4903 657.5972
213 128.8057 627.2314
214 165.5750 664.5635
215 123.4905 648.9509
216 191.9387 618.1708
217 254.7909 490.0616
218 252.7318 535.1514
219 242.0522 545.6130
220 258.3091 519.3700
221 244.3555 416.7116
222 213.2288 409.4485
223 186.9215 410.6563
224 165.8359 417.2793
225 152.3805 428.7445
226 145.9481 465.8468
227 103.9412 530.2810
228 158.6111 488.2098
229 176.3358 489.8207
230 199.9933 486.3621
231 223.2201 479.0067
232 241.6031 470.0638
233 254.0256 461.4624
234 112.1688 541.6899
235 244.1661 552.6620
236 263.6163 487.5501
237 264.6421 531.5739
238 277.9358 541.8474
239 266.4710 536.2396
240 251.0208 559.2911
241 280.6255 542.2786
242 284.3284 548.6781
243 253.5538 447.1146
244 263.4973 449.2405
245 267.6349 449.5927
246 167.2727 451.9376
247 156.8745 445.7086
248 310.9877 472.1123
249 441.5760 434.4072
250 317.0680 542.7040
251 515.6121 379.8135
252 387.4995 452.2561
253 406.7341 452.6436
254 425.3975 451.2384
255 450.6467 442.1539
256 371.0088 448.5330
257 407.2703 405.6954
258 387.4110 407.9016
259 426.8091 407.4285
260 440.9131 413.4895
261 468.0563 455.1758
262 394.5809 723.4310
263 448.2760 430.6822
264 531.6881 455.9355
265 490.2928 444.5559
266 404.4792 525.1284
267 329.2788 600.9053
268 327.9964 625.2337
269 357.9717 607.3780
270 376.8080 617.4970
271 348.4858 625.9321
272 364.6971 629.1961
273 407.3539 653.6317
274 310.8552 528.4907
275 311.9399 509.5647
276 470.2312 396.4212
277 361.8227 480.3672
278 365.4326 528.5581
279 367.0293 520.0830
280 464.7720 523.7196
281 311.4086 488.6129
282 419.6120 375.5223
283 448.4845 382.1515
284 490.2845 344.2720
285 335.4005 392.8512
286 370.4973 414.5987
287 420.9723 633.0198
288 535.0474 642.8796
289 351.4198 540.2722
290 334.1277 548.0044
291 398.9400 635.2587
292 389.4657 634.4916
293 459.1489 371.6727
294 368.1617 539.6472
295 382.4799 377.5816
296 384.9720 362.8338
297 404.5723 300.0639
298 473.9514 356.6800
299 392.6169 329.4080
300 482.6277 390.4266
301 498.8768 385.7380
302 328.8836 614.2864
303 352.5115 618.0637
304 370.3602 623.3685
305 346.6843 545.1174
306 393.9843 635.1789
307 385.1261 638.4173
308 387.2867 633.5454
309 336.7617 529.8437
310 361.3501 629.3898
311 345.1708 628.8016
312 326.4785 629.6367
313 339.8936 691.4863
314 335.7375 667.8365
315 333.3075 654.4695
316 330.7569 643.0526
317 328.8075 636.2302
318 364.8033 634.4393
319 368.0849 636.9160
320 373.1836 642.5512
321 378.2806 649.9047
322 392.2837 594.5313
323 548.2925 548.4664
324 375.6984 634.9243
325 379.7406 635.7295
326 327.5465 557.5182
327 362.5162 554.0130
328 330.6394 552.8902
329 384.2662 491.1468
330 416.6905 502.2928
331 372.0423 530.4043
332 455.0645 316.7814
333 440.3727 337.0338
334 426.1749 361.6389
335 390.0963 667.4942
336 339.7157 368.6558
337 345.6104 330.3002
338 352.8270 295.0358
339 441.6006 447.9926
340 490.7307 468.5817
341 360.1374 443.8980
342 464.7977 420.2974
343 345.8629 467.7003
344 349.5522 518.7971
345 514.5768 483.5261
346 476.9826 479.6226
347 450.9740 485.5016
348 412.9477 483.5086
349 384.8440 476.9102
350 362.8586 468.5963
351 315.1012 441.3075
352 514.6369 521.7836
353 481.6806 418.7649
354 305.7869 540.6502
355 360.7137 496.3686
356 542.8891 463.6707
357 346.0244 458.3073
358 375.4980 534.1368
359 455.9229 432.2099
360 351.1250 508.8169
361 546.4183 594.3418
362 360.1653 437.4659
363 330.7258 496.3812
364 486.8576 679.4411
365 491.8857 708.5674
366 539.8854 534.8357
367 510.7399 653.2614
368 515.7466 418.2512
369 402.2826 747.4515
370 305.8883 547.3716
371 380.2872 511.0016
372 509.0377 449.9860
373 422.5142 439.5228
374 405.8725 441.7380
375 390.8621 642.3593
376 514.8316 561.2583
377 364.7957 781.5790
378 433.1116 752.8336
379 461.2170 734.2968
380 389.8340 441.8757
381 375.0884 440.2816
382 365.4523 439.0947
383 497.0332 417.5079
384 374.8706 426.7338
385 390.3585 422.5129
386 405.8650 420.5194
387 422.6434 421.9101
388 434.5468 425.3411
389 532.2623 417.2754
390 433.7782 436.8615
391 372.8829 581.9721
392 350.7703 535.5932
393 330.7384 574.3821
394 460.7298 705.8878
395 433.3351 727.0822
396 362.3422 762.3266
397 515.3853 680.9429
398 364.3707 432.8958
399 329.2747 468.1309
400 401.5986 768.9716
401 537.9098 577.6711
402 348.1605 634.5256
403 351.5182 639.3953
404 355.3412 648.1186
405 359.3500 659.8488
406 368.2480 680.7553
407 379.3167 631.9439
408 385.4297 629.6025
409 391.4028 626.0460
410 409.6375 611.8644
411 485.1000 567.5699
412 329.9410 453.2867
413 341.4645 424.6736
414 354.6852 427.4000
415 375.1703 630.2981
416 494.6777 619.0586
417 322.4169 421.9974
418 382.0137 701.3440
419 313.3300 457.2036
420 345.6302 496.2995
421 347.9654 713.3016
422 428.5855 662.0326
423 392.5969 550.4918
424 408.3977 684.9205
425 436.8673 547.0934
426 411.5507 569.6958
427 457.5356 580.2104
428 356.5582 738.5407
429 360.9575 508.5665
430 449.4797 679.3842
431 423.1689 703.1895
432 442.1987 635.3786
433 513.1368 596.0885
434 469.8161 640.0380
435 530.3275 617.6188
436 429.6362 596.8152
437 344.6378 482.0656
438 342.9461 526.2305
439 359.3338 534.2920
440 331.4218 512.5202
441 354.9652 408.5111
442 384.9695 396.6319
443 411.8166 393.3242
444 435.4857 396.1405
445 453.6223 404.8839
446 470.8995 438.3413
447 538.4547 494.4515
448 457.4213 461.7111
449 436.9951 466.5528
450 410.9444 467.1222
451 385.8478 463.9704
452 366.1138 458.5942
453 351.9854 452.4958
454 546.0160 506.4011
455 360.0103 541.4819
456 328.3903 481.8993
457 326.0746 525.5985
458 316.5297 537.9850
459 327.3346 530.2712
460 355.1903 549.4221
461 312.3745 539.1957
462 312.5827 545.9917
463 352.3911 438.2829
464 340.3897 442.5126
465 332.9336 444.0027
466 441.9596 428.2087
467 452.8429 421.1168
