# Image: /home/yaroslav/Projects/Diia.AIContest-AdAstrum/fixtures/FLUXSynID-processed/0068f321356b/0068f321356b_m_doc.jpg
# Mode: stream
# Status: fail
# Errors: strong_shadows_on_face: Strong shadows or uneven lighting detected (difference: 34.4); face_too_small_in_frame: Face occupies only 44.5% of frame (min: 50.0%)

# 2D Landmarks (index x y)
0 308.6320 613.6424
1 306.6183 539.3385
2 307.0652 562.8541
3 289.6094 478.6371
4 306.1898 519.6446
5 305.5789 494.9895
6 304.5540 437.1315
7 174.2907 439.6959
8 304.0097 401.6259
9 304.0575 378.1080
10 303.7496 284.5565
11 308.8643 623.7889
12 309.0147 631.0035
13 309.0412 633.7014
14 309.8472 636.8994
15 310.1058 644.4401
16 310.2533 654.2884
17 310.3419 665.5245
18 310.0046 685.5779
19 306.6063 549.9379
20 290.2607 549.9881
21 105.5192 380.0054
22 226.6432 454.3556
23 208.4881 456.6263
24 191.0035 456.6224
25 167.6694 448.4553
26 242.0487 448.8098
27 203.1989 414.2433
28 221.8194 414.0414
29 185.8435 417.4891
30 173.9120 423.2314
31 152.2697 462.4100
32 238.3522 720.5325
33 168.0094 435.9993
34 96.7975 460.7630
35 130.5982 452.7399
36 216.1685 533.8982
37 286.8523 610.9832
38 290.7670 631.1894
39 264.9238 618.4491
40 250.6146 628.3466
41 274.9098 633.3455
42 261.9497 636.4717
43 226.6258 659.5763
44 291.2159 539.2429
45 288.3035 520.7262
46 143.0184 408.0941
47 251.0259 483.5313
48 248.5927 538.9720
49 247.2449 529.5221
50 161.4094 535.9166
51 288.8807 497.7082
52 188.2078 387.4662
53 161.6819 394.5147
54 123.8184 344.5288
55 268.6654 399.0145
56 238.6678 417.7442
57 212.6353 642.3051
58 115.2278 642.8159
59 262.5128 549.0593
60 278.0161 554.6398
61 234.6212 642.5388
62 242.2721 640.4824
63 150.7872 383.0369
64 248.4630 548.5992
65 223.7884 387.7905
66 219.8082 372.2147
67 198.6687 296.4152
68 137.8856 362.1249
69 210.9059 331.2943
70 131.4600 400.9539
71 118.5821 390.7007
72 288.6040 623.1305
73 270.7324 627.7085
74 256.4878 632.8068
75 267.5363 552.7327
76 238.7952 641.8595
77 246.4085 643.2952
78 243.7940 639.2317
79 272.1091 540.1349
80 265.1955 635.3713
81 278.3281 634.1925
82 293.1082 633.7550
83 285.7499 685.9532
84 287.9571 664.7542
85 289.2812 652.9674
86 290.6268 643.1964
87 292.0284 636.9252
88 262.2667 638.3766
89 259.8587 640.5944
90 256.1652 645.5752
91 252.4409 652.3205
92 233.4026 605.0173
93 95.5378 549.2061
94 306.8051 554.8639
95 253.5519 639.4009
96 250.2991 640.5889
97 284.4753 563.8044
98 255.8754 561.3403
99 281.3716 559.3205
100 232.4235 496.1786
101 203.3561 510.8437
102 244.6043 539.0499
103 153.4037 315.9520
104 167.3385 341.5786
105 181.2288 372.4628
106 242.0521 669.7635
107 262.1602 374.6516
108 254.7387 328.2544
109 247.1842 287.0558
110 176.0392 454.3041
111 132.2880 477.6777
112 251.7593 443.3026
113 151.7986 428.9172
114 263.4996 469.8953
115 259.7558 529.9013
116 112.5698 492.7706
117 145.8356 489.9414
118 170.3869 495.3547
119 205.5067 490.1792
120 230.9606 480.5285
121 249.9468 470.1897
122 287.0870 442.7352
123 116.8769 533.0534
124 135.5360 428.3530
125 297.5931 549.2641
126 253.0609 501.5239
127 91.5820 463.6989
128 263.9662 458.8430
129 243.5124 541.5143
130 162.2889 439.0385
131 258.7254 518.6033
132 101.3670 595.2567
133 251.4393 436.0722
134 273.3251 505.9978
135 156.9515 682.2157
136 157.1047 705.9405
137 97.6949 541.6081
138 134.2364 657.3609
139 107.3394 422.5866
140 233.2837 741.4852
141 299.6749 554.2117
142 237.2441 517.3007
143 114.5338 457.8874
144 192.2677 444.1763
145 208.0515 445.2248
146 241.9031 647.4843
147 121.5043 571.8566
148 268.5275 768.2884
149 209.7948 745.5132
150 185.0999 729.5362
151 303.9130 328.5749
152 309.8288 770.8633
153 223.3884 443.7306
154 237.6723 440.2571
155 246.8385 438.0829
156 122.0239 426.2641
157 235.7098 424.0100
158 220.1334 420.1866
159 204.5359 419.7013
160 188.6902 423.2543
161 178.7935 428.6500
162 95.6166 417.2950
163 181.5491 441.9272
164 307.6290 579.0431
165 249.1447 591.2536
166 261.9538 545.3458
167 283.0910 582.0058
168 304.1845 418.9092
169 181.3412 706.2540
170 205.9465 724.3521
171 267.5843 753.0624
172 134.8850 679.5513
173 246.5898 430.7293
174 275.5682 472.5097
175 309.9051 754.9964
176 236.9543 758.8663
177 104.2326 584.0575
178 275.9634 637.1364
179 273.4113 641.7565
180 270.7467 649.1717
181 268.1626 659.5210
182 261.4082 678.8556
183 250.4018 638.9857
184 245.2185 638.0413
185 239.8234 635.5996
186 219.8505 622.8084
187 147.6489 579.4263
188 275.6219 454.9872
189 266.7654 424.3774
190 254.8442 427.4314
191 253.8720 636.4963
192 144.5659 627.7143
193 281.8697 422.7896
194 249.2301 699.5622
195 305.2166 474.9635
196 287.8961 461.3159
197 304.8670 456.3395
198 263.8156 503.2097
199 309.8582 733.3200
200 309.9291 707.7023
201 278.4855 707.7210
202 206.1337 668.2235
203 229.3387 558.9108
204 225.7292 686.9235
205 188.1016 558.4369
206 213.2293 579.9720
207 172.7538 591.9551
208 270.9816 732.2693
209 253.2589 515.4593
210 188.6086 683.4666
211 213.1867 703.5406
212 191.6484 644.7988
213 126.4932 605.2672
214 167.7644 648.0091
215 114.3791 622.7776
216 199.1856 608.4106
217 264.6197 486.7073
218 266.0264 537.3318
219 254.2723 544.6391
220 273.1001 524.0107
221 253.0512 412.4452
222 223.6044 405.4541
223 197.9158 404.7523
224 176.2088 407.8772
225 160.5187 415.5821
226 148.3264 445.6949
227 94.2986 500.4841
228 162.9259 469.5948
229 181.7378 473.7283
230 206.0636 472.2313
231 229.2139 466.6087
232 247.1531 459.1341
233 259.4432 452.0520
234 93.3574 506.5041
235 255.1326 550.5525
236 275.8287 488.7424
237 278.5634 536.8443
238 289.0826 546.5010
239 279.0881 540.3238
240 261.0117 556.9398
241 292.1462 548.0784
242 294.0905 552.9790
243 258.1661 437.4295
244 269.1628 441.5293
245 274.5759 443.7870
246 172.8977 432.5410
247 163.7305 429.4887
248 320.7848 478.3680
249 432.3959 437.4606
250 323.1215 549.5176
251 502.0133 376.3966
252 381.4423 452.7584
253 399.7384 454.4887
254 417.1257 453.9970
255 439.3424 445.9745
256 365.7770 447.6202
257 403.8397 413.8738
258 385.2196 413.5032
259 420.9498 417.0211
260 432.6599 422.3204
261 455.6008 459.1139
262 380.2733 718.4072
263 438.4620 434.2096
264 511.1732 456.0458
265 476.9556 449.2111
266 395.9480 531.1812
267 330.2658 609.8552
268 327.1960 630.3097
269 352.5251 616.1357
270 367.3937 625.1261
271 343.2823 631.5095
272 356.5153 633.8542
273 392.1264 655.9593
274 321.8239 538.7444
275 323.7977 520.2098
276 463.6600 407.3624
277 358.9854 482.2203
278 363.7823 537.2672
279 364.5700 527.6517
280 449.8714 531.5203
281 322.3321 497.2529
282 418.5225 388.1316
283 444.9087 394.7588
284 483.2600 341.4638
285 339.1903 399.2377
286 368.5682 417.1285
287 405.2578 637.9768
288 496.2561 637.8880
289 350.5342 547.6519
290 335.4637 553.7967
291 384.5994 638.6081
292 376.8174 636.8395
293 455.7684 383.2893
294 364.3146 546.8691
295 383.3445 388.3803
296 387.4267 372.6402
297 408.1964 294.8401
298 468.9970 360.3864
299 396.3083 330.6976
300 475.4104 399.8586
301 488.8409 388.2079
302 329.1121 622.1398
303 347.1597 625.6659
304 361.9031 629.9041
305 345.7386 551.5128
306 380.3743 637.9954
307 373.2239 639.9866
308 375.0633 635.7433
309 340.7979 539.0012
310 353.1233 632.8282
311 339.7138 632.5169
312 324.8032 632.8324
313 333.9814 685.0216
314 332.4793 663.8577
315 331.0841 652.0845
316 329.3831 642.4269
317 327.5545 636.1689
318 357.1147 635.8070
319 359.6294 637.9464
320 363.5609 643.0127
321 367.3077 649.7609
322 382.5376 601.9002
323 513.7016 544.3059
324 365.7164 636.4378
325 369.0529 637.4486
326 329.6305 563.0155
327 357.5124 559.6259
328 332.2619 558.5237
329 378.1396 494.2080
330 407.6960 507.8275
331 367.5555 537.1313
332 453.2488 313.6143
333 439.4308 340.6868
334 425.4882 372.8673
335 377.0554 666.9129
336 345.5933 375.0422
337 352.8535 327.7441
338 360.1377 286.1741
339 431.4070 451.6079
340 476.1091 473.4452
341 355.8082 442.4651
342 454.9993 427.4292
343 346.0576 468.9754
344 352.3508 528.5267
345 495.9493 487.9762
346 463.1871 485.5906
347 439.4057 491.4828
348 404.5661 487.3885
349 378.8059 478.6758
350 359.2874 468.9373
351 321.9586 442.4824
352 492.7810 527.8173
353 471.5824 426.1321
354 315.6842 549.0731
355 357.8288 500.1336
356 516.6067 458.8878
357 344.9882 458.1214
358 368.8173 539.4669
359 444.4009 437.1980
360 352.6870 517.2294
361 508.7931 590.3563
362 355.8676 435.3515
363 337.8793 505.0960
364 457.9593 677.7679
365 457.5954 701.9037
366 511.3511 536.5177
367 478.9918 652.5226
368 500.5086 418.7827
369 385.2995 739.3831
370 313.8790 553.9771
371 374.1262 515.3364
372 493.3160 453.8985
373 415.0416 441.8723
374 399.5504 443.2634
375 377.6767 644.1275
376 489.3524 566.6763
377 350.5038 767.3262
378 407.5662 742.9168
379 431.3278 726.2526
380 384.2404 442.0741
381 369.8340 438.9419
382 360.5561 437.1726
383 485.4543 423.4785
384 371.2033 423.2255
385 386.5639 419.3886
386 401.9839 418.9278
387 417.5612 422.2861
388 427.5542 427.2866
389 512.2405 413.0291
390 425.3890 439.5364
391 365.9538 588.9693
392 351.0067 543.8935
393 332.0677 580.9859
394 435.0587 702.6722
395 411.4844 721.5046
396 351.6096 751.9868
397 478.0830 674.9273
398 360.4886 429.9373
399 334.4001 471.9812
400 381.4691 757.0871
401 505.9418 578.8125
402 343.6197 635.5239
403 346.3106 639.9877
404 349.2939 647.3726
405 351.9750 657.7117
406 358.0643 677.0142
407 368.4343 635.7396
408 373.6107 634.4474
409 378.8627 631.9068
410 396.9494 618.8542
411 464.4326 574.5119
412 333.6572 454.4734
413 341.0190 424.0900
414 352.4941 426.8161
415 364.7952 633.3932
416 468.7359 622.7759
417 326.3890 422.6466
418 369.5397 697.5282
419 321.8717 460.9809
420 347.0457 502.1278
421 341.0339 706.7818
422 411.2038 664.4665
423 383.8891 556.3298
424 392.3484 684.0805
425 424.7507 554.7366
426 400.9646 576.7022
427 441.0503 587.6183
428 348.3156 731.1362
429 358.0328 513.9854
430 428.0562 679.6481
431 404.6572 700.6239
432 424.6225 640.3820
433 485.2800 600.0768
434 447.2690 643.4300
435 497.1407 617.7092
436 416.2049 604.2922
437 345.7004 485.6942
438 346.6366 536.1183
439 358.5277 542.9547
440 339.0819 523.0745
441 354.3900 412.3086
442 383.5910 405.3234
443 409.1734 404.6108
444 430.6996 407.6151
445 446.1338 414.8955
446 458.9021 443.0696
447 514.1005 495.5545
448 445.3584 466.2210
449 427.1551 470.5303
450 403.0600 469.7603
451 379.6565 464.8154
452 361.5448 457.9967
453 348.9765 451.2386
454 515.2220 501.6845
455 357.7300 548.9643
456 334.7018 488.1038
457 334.3297 535.9522
458 324.0183 546.0053
459 333.9052 539.4735
460 352.1892 555.4969
461 321.1317 547.6390
462 319.4845 552.6512
463 349.3989 436.8733
464 339.1140 441.0692
465 334.1267 443.4462
466 433.5781 431.0760
467 442.7646 428.2092
