# Image: /home/yaroslav/Projects/Diia.AIContest-AdAstrum/fixtures/FLUXSynID-processed/01035dd8dcaf/01035dd8dcaf_f_live_0_p_d1.jpg
# Mode: stream
# Status: fail
# Errors: strong_shadows_on_face: Strong shadows or uneven lighting detected (difference: 51.2); face_not_looking_straight_at_camera: Head is turned 162.6째 (max: 15.0째); head_is_tilted: Head is tilted 24.0째 (max: 10.0째); face_too_small_in_frame: Face occupies only 35.8% of frame (min: 50.0%)

# 2D Landmarks (index x y)
0 348.1178 622.7711
1 327.6893 563.6979
2 333.7544 580.7276
3 293.7094 505.8325
4 321.4848 545.0635
5 313.3344 519.7289
6 294.1836 457.5634
7 175.1815 488.3350
8 280.1988 413.2596
9 272.5059 388.8492
10 245.4553 301.1064
11 350.9528 631.2089
12 352.7720 636.1156
13 353.2133 636.6030
14 354.2196 638.2389
15 356.1924 644.1997
16 358.7692 651.9824
17 361.7610 660.8633
18 367.2262 677.4178
19 330.6723 572.7156
20 314.7701 575.0646
21 93.2434 439.0491
22 229.1841 489.3709
23 212.5519 496.0047
24 196.0189 500.1280
25 171.5770 496.9996
26 242.0163 480.3779
27 192.8868 454.4235
28 210.7504 449.4648
29 177.5228 462.2221
30 168.3717 471.2337
31 161.3970 512.9760
32 313.7845 725.8135
33 167.8825 485.8388
34 110.5262 519.1743
35 138.9334 507.1705
36 238.5678 569.3360
37 325.0522 626.4615
38 332.5322 641.3251
39 303.4257 636.2429
40 289.4106 645.0952
41 315.5820 645.7428
42 301.6395 649.5359
43 276.4785 673.1610
44 313.3710 567.4676
45 305.4190 550.2619
46 135.0684 461.1615
47 259.0073 513.1364
48 272.9907 571.9565
49 269.0789 561.8818
50 186.6316 581.4771
51 298.9054 526.3929
52 167.6819 430.3664
53 146.8387 443.6943
54 98.5335 402.5972
55 244.7136 420.6342
56 228.0101 449.4855
57 256.9901 661.0035
58 182.4679 678.5821
59 288.0488 578.1856
60 303.8235 579.6926
61 273.0797 655.9128
62 280.0053 653.4551
63 133.3135 434.4709
64 274.4718 579.1917
65 199.1794 421.4491
66 190.7213 407.3242
67 151.2977 340.6468
68 115.7885 417.7575
69 172.1319 372.2796
70 122.0354 455.8827
71 107.7660 448.3161
72 329.1544 636.1111
73 310.7481 642.5865
74 295.8672 647.6420
75 293.2732 579.8752
76 276.6060 654.6773
77 286.7243 656.0537
78 281.9371 652.4238
79 295.5359 570.9322
80 304.0683 646.8814
81 318.6267 644.3780
82 334.9510 641.2631
83 344.1188 684.9116
84 339.5042 666.6761
85 337.0522 656.7183
86 335.4102 649.0470
87 335.0436 643.5387
88 302.5204 650.2989
89 300.9701 652.4457
90 299.1924 657.1527
91 298.2996 663.5080
92 269.8780 629.4505
93 137.0345 596.6665
94 331.9637 575.8297
95 293.1656 651.9106
96 289.8417 653.3183
97 312.3565 586.4813
98 283.5526 587.8462
99 308.2408 583.2299
100 244.7249 528.8184
101 220.3590 549.1944
102 268.5748 570.0657
103 115.9496 369.7244
104 135.4748 392.0860
105 156.3903 417.3452
106 295.8128 680.1966
107 231.1443 398.3996
108 212.3923 358.3011
109 193.2831 319.2204
110 181.2657 501.0111
111 147.2785 531.4620
112 249.4476 472.8592
113 150.9427 481.1098
114 266.8278 497.8669
115 281.4215 563.2285
116 133.7045 549.0960
117 162.6787 540.4776
118 186.3988 540.3739
119 217.8484 528.0082
120 239.4596 513.3544
121 254.3096 499.4774
122 280.2740 467.2735
123 147.4057 585.9110
124 135.4830 482.6878
125 322.0159 574.4649
126 266.0791 531.0586
127 106.3332 518.2536
128 264.0011 485.7251
129 267.4326 570.8760
130 163.7526 489.1614
131 277.1391 550.8927
132 156.3698 638.0871
133 246.9691 465.9528
134 287.1148 536.9876
135 229.5360 708.8406
136 239.3621 727.1226
137 135.0625 594.7869
138 200.7505 692.5708
139 107.7984 480.9320
140 316.7351 743.0800
141 325.0494 577.0620
142 254.9562 548.6614
143 125.7211 514.8227
144 193.6761 488.8376
145 209.0183 485.9309
146 284.0797 660.3368
147 161.4632 620.8919
148 354.7698 754.9589
149 299.0090 749.3543
150 272.4522 741.2105
151 258.9067 344.6173
152 389.6158 746.9177
153 223.1741 480.4437
154 235.7436 473.3245
155 243.5850 468.9358
156 122.0555 482.3437
157 227.8739 457.4904
158 211.6198 457.1042
159 196.4843 460.7832
160 182.5802 468.4687
161 174.9685 476.3118
162 95.6923 475.2535
163 182.8091 489.1400
164 338.4593 593.9178
165 283.4169 615.5075
166 287.0700 575.9515
167 315.2289 602.2293
168 287.0686 434.6306
169 260.4372 723.8433
170 288.0311 733.8590
171 349.6853 745.4787
172 210.8518 708.0098
173 240.5984 461.9705
174 278.9555 500.5314
175 385.5834 735.6709
176 325.7514 754.6903
177 152.9541 632.4519
178 317.4831 647.2353
179 316.4729 651.4634
180 316.5427 657.8960
181 317.7307 666.8079
182 318.1886 684.7210
183 288.3679 652.0669
184 283.2880 652.2464
185 277.9586 651.1795
186 259.1030 645.3592
187 185.1109 624.2477
188 273.5380 481.3420
189 255.3404 449.6586
190 246.4334 456.0032
191 291.5048 648.9431
192 197.4533 666.3533
193 267.8020 444.2420
194 315.5403 705.3777
195 306.8160 498.5325
196 286.9264 487.7477
197 300.8229 478.8439
198 277.0577 532.9617
199 380.0643 718.6244
200 373.1569 696.7149
201 344.9975 705.9540
202 265.4550 685.6503
203 257.8547 589.3541
204 289.9324 698.4430
205 217.0152 598.3967
206 246.6191 611.8267
207 211.0196 630.7981
208 346.2636 728.9026
209 270.4792 545.4321
210 257.5486 703.0937
211 286.1374 715.3372
212 243.3906 668.9282
213 175.6615 649.7139
214 224.8411 678.2159
215 173.3836 665.6657
216 238.4438 637.6928
217 272.8776 515.4937
218 289.2516 569.8431
219 279.8044 576.6394
220 292.1936 556.2877
221 237.3865 440.0660
222 207.4188 440.2953
223 183.7072 446.3156
224 165.1191 454.9686
225 153.8766 466.2505
226 153.2587 497.5498
227 120.3070 557.3307
228 173.2379 517.7415
229 192.0635 517.5559
230 214.4250 510.7701
231 234.4656 500.1717
232 249.0176 489.0099
233 258.2003 479.4743
234 121.5021 557.1675
235 281.4666 580.4614
236 284.0140 517.8876
237 300.9414 567.8752
238 313.0602 573.1659
239 302.1495 570.1145
240 287.7898 584.0327
241 316.5425 574.4489
242 319.3913 577.0736
243 253.3046 465.6179
244 263.6152 466.9126
245 268.9875 468.5331
246 170.8811 481.5859
247 161.7284 479.7277
248 322.0920 496.8033
249 414.4019 412.3807
250 345.9164 565.2444
251 458.9027 322.4854
252 370.0668 444.7152
253 388.1275 440.2706
254 404.3484 433.8421
255 422.7674 417.1677
256 353.6350 444.9077
257 379.2189 394.4575
258 361.2341 400.7996
259 396.7671 392.0371
260 409.9110 394.1974
261 441.2512 423.7827
262 439.1960 686.3169
263 418.9568 406.1123
264 490.3153 397.7239
265 457.1777 405.5171
266 408.7191 515.1510
267 369.1890 612.2474
268 372.5567 628.4732
269 393.2100 607.2148
270 410.4680 605.7691
271 389.5337 621.9089
272 403.5305 616.3851
273 438.8376 620.9682
274 341.6326 558.4079
275 337.6268 539.9507
276 432.3887 365.7541
277 358.3916 481.4784
278 379.1699 538.2265
279 376.9039 527.6366
280 459.9564 494.3103
281 329.3274 516.6551
282 384.9550 359.5607
283 411.2478 358.3498
284 431.6803 296.0982
285 314.1420 397.6644
286 346.7939 411.0670
287 447.2901 599.7771
288 523.7544 569.8751
289 370.5284 551.8274
290 358.4728 562.4407
291 431.1248 604.5093
292 424.2477 606.4888
293 417.8010 342.6392
294 382.5911 544.9724
295 352.6544 370.9675
296 351.4662 354.5031
297 347.3776 277.7239
298 424.3533 318.6393
299 347.5205 315.4321
300 441.0344 353.6152
301 450.4455 338.8434
302 371.8711 622.4199
303 391.2162 616.5661
304 406.9100 611.5235
305 367.4888 556.3653
306 427.5108 605.5152
307 420.2056 612.7806
308 422.1495 606.8647
309 359.2026 550.4128
310 400.2484 615.5008
311 386.5854 622.3968
312 371.0873 629.5895
313 390.7122 670.1689
314 383.4212 652.5670
315 379.4030 643.0987
316 375.9786 636.0959
317 372.9787 631.3319
318 403.8990 617.4356
319 406.5063 618.3085
320 410.7360 621.2209
321 415.1688 625.8872
322 417.2441 582.2028
323 514.5734 476.1005
324 412.7626 613.1317
325 416.1311 612.2897
326 355.2746 572.8546
327 380.6162 557.1268
328 356.6931 567.9000
329 380.0662 485.8072
330 412.6185 487.9157
331 382.4749 533.9980
332 395.6132 280.0862
333 391.2758 309.4802
334 386.9917 342.2434
335 427.1770 638.1027
336 312.2790 371.4533
337 305.4195 328.2149
338 299.2644 285.2965
339 417.1734 426.0432
340 464.2411 430.3317
341 342.7702 443.2173
342 430.9403 391.7315
343 342.4466 473.7595
344 366.5106 536.0661
345 486.5187 436.4799
346 456.2254 446.8353
347 436.1111 460.7396
348 402.4466 469.2145
349 375.5431 470.0481
350 354.6874 467.5857
351 311.7718 457.0711
352 496.2760 474.5083
353 445.2490 383.4755
354 338.9608 569.0503
355 362.7509 500.3993
356 494.9037 394.1141
357 337.9927 462.1575
358 384.5337 533.7674
359 424.5921 406.2475
360 363.1243 523.5295
361 522.3199 521.5153
362 340.8462 436.0961
363 345.9101 518.1637
364 499.8344 622.9467
365 503.4207 643.2555
366 513.3206 474.1254
367 514.5496 592.5971
368 470.1058 365.1232
369 446.9888 702.1772
370 338.2681 572.8598
371 382.6636 508.0891
372 473.3463 403.7400
373 399.3279 423.6782
374 384.8769 430.2077
375 424.9526 614.6413
376 504.9782 511.2868
377 422.7479 733.7875
378 466.2574 696.7672
379 483.9490 674.4219
380 369.6971 433.9545
381 354.7811 435.4813
382 345.4911 436.5463
383 457.2151 375.0077
384 352.1652 417.7761
385 365.7777 407.8505
386 380.5105 402.1066
387 396.4778 400.4908
388 407.3074 402.4454
389 478.6873 353.1589
390 408.5079 417.5789
391 397.3902 579.2029
392 369.9361 549.4483
393 362.6276 587.1779
394 482.9388 653.5185
395 465.5050 677.9411
396 420.9049 723.2532
397 516.5402 610.7014
398 343.8294 429.1038
399 332.6960 483.4661
400 446.9350 716.7664
401 520.0651 515.3155
402 389.8182 623.9439
403 393.1809 626.7777
404 396.9854 631.9687
405 401.3090 640.0115
406 411.8116 654.9434
407 416.3846 610.4167
408 420.3351 607.5995
409 424.0395 603.6022
410 435.7659 588.5213
411 486.3582 528.0550
412 326.3870 464.4224
413 323.6651 427.6340
414 335.0786 427.5462
415 412.1501 609.7038
416 501.0689 569.5713
417 309.2477 430.7520
418 425.7261 670.3782
419 317.6014 477.8887
420 353.4215 508.6008
421 401.8364 687.9603
422 455.2482 625.1971
423 403.8934 543.0064
424 442.6474 649.9882
425 443.9747 525.9867
426 426.7520 554.4279
427 468.3063 548.6733
428 413.9440 707.6699
429 366.8301 514.9448
430 472.5489 634.9149
431 455.8522 661.6924
432 463.3889 598.5493
433 510.0331 543.1185
434 484.8105 595.3820
435 522.2448 554.3688
436 448.7279 570.4422
437 347.1965 491.9191
438 363.7276 545.9437
439 376.2848 545.9042
440 352.7487 536.9752
441 332.7253 409.0233
442 357.8185 391.4344
443 381.3548 382.4734
444 402.4412 378.8534
445 419.1012 381.4677
446 439.0427 406.3697
447 504.1426 434.8490
448 433.9848 434.6159
449 418.1146 445.5473
450 395.2637 453.2454
451 371.9220 456.4337
452 352.9817 455.9429
453 339.4256 453.5405
454 504.8982 434.7204
455 377.3789 550.0313
456 337.9030 500.7372
457 352.3710 551.3397
458 345.8867 562.7276
459 353.0845 553.7569
460 374.5183 556.6111
461 343.5901 565.8261
462 343.2201 569.5329
463 335.2935 439.5626
464 327.1539 446.5994
465 323.2787 451.1851
466 413.8189 404.4514
467 420.6226 397.2117
