# Image: /home/yaroslav/Projects/Diia.AIContest-AdAstrum/fixtures/FLUXSynID-processed/01324f2f0005/01324f2f0005_m_doc.jpg
# Mode: stream
# Status: fail
# Errors: strong_shadows_on_face: Strong shadows or uneven lighting detected (difference: 46.4); face_not_looking_straight_at_camera: Head is turned 179.8째 (max: 15.0째); head_is_tilted: Head is tilted 16.8째 (max: 10.0째); face_too_small_in_frame: Face occupies only 49.3% of frame (min: 50.0%)

# 2D Landmarks (index x y)
0 307.1187 637.0991
1 307.2427 566.6712
2 306.8552 589.5017
3 291.4926 499.3734
4 307.3176 545.4112
5 307.4771 518.1078
6 308.2296 453.9511
7 173.7906 451.0538
8 308.7540 410.3767
9 309.1960 384.0471
10 310.4079 284.2534
11 307.0641 647.0246
12 307.1465 653.9042
13 307.2562 656.2303
14 307.6848 659.2751
15 307.7835 666.2801
16 307.8217 675.6136
17 307.8185 686.2661
18 307.4831 705.7840
19 306.9420 577.7726
20 289.1655 576.8885
21 105.3272 381.1940
22 227.5598 469.7914
23 208.7283 471.4602
24 190.7497 470.5122
25 167.5524 459.5716
26 243.5264 464.5065
27 203.2029 422.5616
28 222.8368 423.5207
29 185.1038 425.3110
30 172.7926 431.3817
31 151.8004 473.9059
32 235.6420 741.1101
33 167.4698 446.0171
34 96.0276 468.1731
35 130.2681 461.7245
36 213.7559 553.0248
37 284.0274 634.1729
38 287.6283 653.8892
39 260.3984 641.2178
40 245.1905 650.3006
41 270.4413 655.6485
42 256.6074 658.3184
43 221.1456 680.0868
44 291.0366 566.2938
45 288.7827 545.9550
46 142.6268 412.1768
47 251.3239 500.9967
48 245.6575 562.3872
49 244.8779 551.5161
50 157.8969 552.5873
51 290.0942 520.5937
52 187.5293 391.3861
53 161.0905 397.8851
54 123.6599 343.8701
55 269.9559 406.9804
56 240.3652 429.0408
57 206.3477 662.9030
58 112.0334 658.3683
59 259.5263 573.7963
60 275.8844 580.0334
61 227.7745 663.2159
62 235.5518 661.6629
63 150.3637 384.7967
64 244.9113 571.8396
65 223.1106 393.1324
66 219.5699 375.8589
67 200.6928 294.8961
68 137.3931 363.0285
69 212.0879 333.1090
70 130.9903 403.8000
71 118.2294 393.1277
72 285.4977 646.0924
73 266.1998 650.4053
74 251.2080 654.7764
75 264.6092 577.5082
76 231.9418 662.7167
77 240.3471 664.1638
78 237.2387 660.4879
79 270.3567 566.3594
80 259.8316 656.8976
81 274.0520 656.0401
82 290.0806 656.1045
83 283.0157 706.5176
84 285.2077 685.7424
85 286.4209 674.2374
86 287.6049 665.1077
87 289.0098 659.1983
88 257.0256 659.9463
89 254.7275 661.7868
90 251.2025 666.5831
91 247.6486 673.2380
92 228.8174 626.8816
93 93.9544 559.6681
94 306.9327 582.4545
95 247.6535 660.6501
96 244.3298 661.5931
97 282.6312 589.6054
98 252.2917 584.5837
99 279.3321 584.9769
100 231.8051 513.5666
101 201.6392 527.9180
102 241.7539 560.9457
103 153.8395 314.4579
104 167.2458 342.2229
105 180.6114 374.6080
106 237.6060 690.3178
107 263.9416 380.1468
108 258.0055 331.4688
109 251.1902 285.9658
110 175.8160 466.8570
111 131.1880 489.5066
112 253.8382 459.2112
113 151.7237 436.7506
114 264.7368 487.2358
115 257.9629 554.2039
116 110.7243 504.4017
117 144.3033 503.3374
118 168.8519 510.0858
119 204.8752 505.8867
120 231.0454 496.7626
121 250.7510 486.5863
122 290.1536 459.5805
123 113.6335 547.2528
124 135.2537 434.6608
125 297.4510 576.9089
126 252.5194 520.6325
127 90.9422 469.0843
128 265.5799 475.2656
129 240.6042 562.7808
130 162.0729 448.8462
131 257.4912 541.2059
132 98.9889 608.2980
133 253.8664 451.4249
134 273.5216 528.6125
135 152.4118 701.7834
136 153.4159 725.1452
137 94.9501 554.1763
138 129.1839 675.9572
139 106.8061 427.5222
140 231.0731 761.3081
141 299.3432 581.6130
142 235.7942 536.4186
143 113.9359 466.4425
144 192.0910 457.9170
145 208.3674 459.9791
146 235.9372 668.3823
147 116.9381 587.9953
148 266.3510 787.2493
149 207.6792 765.0060
150 182.2572 749.1881
151 309.9295 332.4860
152 306.7760 789.9497
153 224.2878 458.8364
154 239.4068 455.5792
155 249.0639 453.5738
156 121.6335 431.5459
157 237.5285 435.7724
158 221.1401 429.7018
159 204.6084 428.2079
160 187.9891 431.6272
161 177.8238 437.4301
162 95.2196 420.4170
163 181.0766 454.5114
164 307.0714 604.3803
165 245.1092 614.1639
166 259.2719 570.4217
167 281.0889 606.6816
168 308.4304 431.7981
169 177.8737 726.2284
170 203.1810 744.2623
171 265.4229 773.2789
172 130.9496 697.3181
173 248.9226 444.8842
174 277.1439 491.4307
175 307.1281 774.8695
176 235.0621 778.1064
177 100.5318 598.8355
178 271.7608 659.0995
179 269.3416 663.3287
180 266.8385 670.4065
181 264.5629 680.4431
182 258.0054 699.5716
183 243.9601 660.5268
184 238.7204 659.5119
185 233.3793 657.0030
186 214.3306 643.9652
187 142.4676 597.3282
188 277.8330 472.0502
189 268.9524 437.8706
190 256.9433 441.3157
191 247.6962 657.9526
192 138.8356 646.4486
193 284.7686 435.8361
194 246.0287 720.5629
195 307.7578 495.8827
196 290.2401 480.2226
197 307.9824 475.4403
198 263.5848 523.9176
199 307.2684 753.7683
200 307.3490 728.1117
201 275.8987 728.7851
202 201.4040 688.7456
203 225.9588 579.8087
204 221.8605 707.5374
205 184.2109 577.5919
206 209.2382 600.6393
207 167.3497 611.4848
208 268.6780 753.3263
209 251.9879 536.0751
210 184.4496 703.6090
211 209.7933 723.7497
212 186.2076 665.3488
213 121.3046 622.6846
214 162.1440 667.8933
215 110.0302 639.5849
216 194.0415 628.7978
217 265.1650 505.7404
218 264.0990 563.0925
219 251.2363 569.0186
220 272.4133 548.9978
221 254.1862 423.2345
222 223.7634 413.9219
223 197.6684 411.9591
224 175.6775 414.3152
225 160.1509 422.0754
226 148.3598 455.1431
227 92.6591 510.5961
228 162.3173 482.2665
229 181.2408 487.7133
230 206.0418 487.2839
231 229.7562 482.2714
232 248.3446 475.1160
233 261.2508 468.1698
234 92.2759 514.3468
235 251.8355 574.6244
236 276.8340 509.4066
237 277.6734 563.5306
238 288.4341 573.5878
239 277.8232 567.0055
240 257.7127 580.9303
241 291.6600 575.5552
242 293.3091 580.2050
243 260.4921 453.1075
244 271.4182 457.1596
245 276.9427 459.5936
246 172.0629 441.9522
247 163.1883 438.1135
248 323.9258 499.5483
249 442.8073 452.1787
250 324.5233 576.7007
251 513.2554 383.4595
252 387.9888 470.2613
253 407.3070 472.0308
254 425.5261 471.1480
255 448.7581 460.6749
256 371.8868 464.8198
257 413.3722 423.1824
258 393.3555 423.8734
259 431.6693 426.2867
260 443.9271 432.5074
261 464.2899 474.7994
262 378.0608 740.8624
263 449.0615 447.3116
264 520.4459 469.7783
265 486.1683 462.7815
266 400.8188 553.0115
267 330.2037 633.4876
268 326.7789 653.2205
269 354.0186 639.8690
270 369.2815 648.3100
271 344.0770 654.5454
272 358.1602 656.6562
273 393.0121 678.1650
274 323.2342 566.1633
275 325.8216 545.8661
276 475.9669 413.4973
277 363.5797 501.1660
278 367.6524 562.3334
279 368.4859 551.5216
280 457.0049 552.4764
281 324.9203 520.6134
282 431.6031 392.1121
283 457.8919 399.0935
284 496.1499 345.8971
285 347.8711 407.0298
286 375.5914 429.2134
287 407.8753 660.9433
288 498.5459 658.9646
289 353.8431 573.5883
290 337.7963 580.0753
291 387.0380 660.7213
292 379.4673 659.2794
293 469.3689 386.0751
294 368.1267 571.8698
295 395.3616 393.3579
296 399.8484 376.1007
297 420.3672 295.8888
298 482.5927 364.6182
299 408.5115 333.7170
300 487.8876 405.2944
301 500.8842 395.0369
302 328.8828 645.4382
303 348.2762 649.1351
304 363.4591 652.9968
305 348.8549 577.4238
306 382.8906 660.1242
307 374.6736 662.0754
308 377.5797 658.3225
309 343.4823 565.8206
310 354.7619 655.2624
311 340.4295 655.0002
312 324.3383 655.4677
313 331.7985 706.1257
314 330.3732 685.1699
315 329.3042 673.7623
316 327.8518 664.7823
317 326.4317 658.8372
318 358.1147 658.4614
319 360.4343 660.2899
320 363.9010 665.0136
321 367.2993 671.6298
322 385.5947 625.9021
323 518.7968 560.9685
324 367.4068 658.9874
325 370.6760 659.6946
326 331.1072 589.5782
327 360.8853 584.5760
328 334.2166 584.9127
329 382.9866 513.7463
330 413.4538 527.9478
331 371.3973 560.9755
332 466.8253 315.9809
333 453.5212 343.2687
334 439.2054 375.2700
335 376.7714 689.0739
336 355.1204 380.2769
337 362.3658 331.8890
338 370.0151 286.6195
339 440.4574 467.7594
340 484.7027 490.2906
341 361.6402 459.4170
342 465.5074 438.1052
343 350.6206 487.3393
344 355.8396 554.0349
345 504.5370 505.3397
346 471.2408 503.7462
347 446.5558 510.2318
348 410.3934 506.1960
349 383.9880 496.9984
350 364.4268 486.7589
351 326.2505 459.6021
352 500.7701 547.5371
353 482.2416 435.9904
354 316.5196 576.7544
355 361.8811 520.7805
356 524.5674 471.0391
357 349.9263 475.3999
358 372.5450 562.7150
359 454.3512 450.1217
360 356.3810 541.1811
361 512.4942 609.4314
362 361.8650 451.6526
363 341.0600 528.6481
364 459.1986 701.2991
365 457.1367 724.9725
366 518.6421 555.1827
367 482.1912 675.8160
368 511.0955 429.1826
369 382.1021 761.1387
370 314.4000 581.5934
371 378.3954 536.4791
372 502.4851 467.6586
373 424.5066 458.7575
374 407.9493 460.6289
375 378.8563 666.1797
376 496.4896 588.1608
377 346.6359 787.2572
378 404.0463 764.8219
379 428.6989 748.8880
380 391.5521 459.2348
381 376.3302 455.7891
382 366.6107 453.8407
383 496.2028 432.8603
384 378.7355 436.3437
385 395.3715 430.5707
386 412.1129 429.4542
387 428.6865 433.0613
388 438.7667 438.8827
389 522.0664 422.6135
390 435.5353 455.5206
391 368.9200 613.6220
392 354.2797 570.0788
393 333.0903 606.4392
394 433.9727 725.8094
395 409.1038 743.8642
396 348.2253 773.3091
397 479.2806 697.5150
398 366.9627 445.2284
399 338.3376 491.5439
400 377.5168 778.0056
401 511.9752 599.4964
402 343.6229 658.1728
403 346.0980 662.3293
404 348.5789 669.3933
405 350.7949 679.4397
406 356.7281 698.8654
407 370.9074 658.3809
408 375.9410 657.2360
409 381.2427 654.5991
410 400.0184 642.4219
411 471.4336 597.0063
412 338.1393 472.1339
413 347.2345 437.9680
414 358.8753 441.5143
415 367.0798 655.9953
416 473.7933 646.0333
417 331.8844 435.9092
418 367.8842 719.9251
419 325.5098 480.3018
420 350.7210 523.8772
421 338.5195 728.6153
422 411.8468 687.5789
423 387.7634 579.7060
424 391.5359 706.6948
425 430.5247 577.3314
426 404.9285 600.3353
427 446.8217 611.0116
428 345.4718 753.2584
429 361.7914 536.1325
430 428.1806 702.8686
431 403.2630 723.0854
432 427.5105 663.9668
433 491.2813 622.6364
434 450.7103 667.0783
435 501.6980 639.8080
436 420.1466 627.8912
437 349.6939 505.8189
438 349.6686 562.6402
439 362.0794 568.8366
440 341.8682 548.8657
441 362.2363 423.3684
442 393.2901 414.2010
443 419.9733 412.5564
444 442.1821 415.5159
445 457.5596 423.5447
446 468.3274 456.3080
447 522.2753 512.0620
448 453.6352 482.9058
449 434.5415 488.2040
450 409.4881 487.6985
451 385.4228 482.4754
452 367.0196 475.3712
453 354.3396 468.1884
454 521.6527 515.9724
455 361.2968 574.5410
456 338.1687 509.5203
457 336.4633 563.1339
458 325.5434 573.3244
459 336.0107 566.5937
460 355.5128 580.9776
461 322.3708 575.2292
462 320.4493 580.0937
463 355.2562 453.2739
464 344.3763 457.2397
465 339.0670 459.6428
466 444.4689 443.4345
467 453.5375 439.4009
