# Image: /home/yaroslav/Projects/Diia.AIContest-AdAstrum/fixtures/FLUXSynID-processed/00b06b6a9aff/00b06b6a9aff_m_live_0_a_d1.jpg
# Mode: stream
# Status: fail
# Errors: image_blurry_or_out_of_focus: Image is blurry (sharpness score: 48.06); strong_shadows_on_face: Strong shadows or uneven lighting detected (difference: 85.3); face_not_looking_straight_at_camera: Head is turned 179.2째 (max: 15.0째); head_is_tilted: Head is tilted 21.1째 (max: 10.0째)

# 2D Landmarks (index x y)
0 305.5681 656.7384
1 310.0511 582.4731
2 306.7396 603.0993
3 290.1596 501.9202
4 310.2814 558.7701
5 309.6831 526.0219
6 307.5588 446.2072
7 148.7321 434.9689
8 306.9471 393.4999
9 307.2918 363.4341
10 305.8164 250.4859
11 305.3993 667.4931
12 305.0803 674.0434
13 304.7546 675.3126
14 305.4162 678.1240
15 305.5473 686.9658
16 305.5877 698.3271
17 305.7049 710.5436
18 305.5183 732.3956
19 308.9881 593.4503
20 287.6980 589.1908
21 62.1440 346.9178
22 213.7395 455.5930
23 191.3789 457.5843
24 169.7460 456.3981
25 140.7860 443.9070
26 232.2973 449.8361
27 183.0133 406.6843
28 205.6733 407.3702
29 162.2877 409.6059
30 147.8637 415.5284
31 122.1695 458.6272
32 223.0800 769.1496
33 140.5030 429.6266
34 51.9152 445.0883
35 95.4347 443.4430
36 197.5222 552.9387
37 278.9020 651.8781
38 282.2128 672.5472
39 251.5037 655.7593
40 233.3366 662.0836
41 262.1286 671.7824
42 245.8971 671.5738
43 205.0784 691.8853
44 291.2143 581.3298
45 289.0064 558.6294
46 109.8853 390.6774
47 241.4477 494.7659
48 238.7288 569.4977
49 237.4713 556.1728
50 131.0529 548.6720
51 289.7336 528.1434
52 163.2178 369.9905
53 132.0146 376.1930
54 84.4152 308.1475
55 261.2677 388.8371
56 226.2436 412.6207
57 187.7953 670.7457
58 73.1369 655.1970
59 254.0123 582.0705
60 272.2144 589.8871
61 211.9516 670.7966
62 220.9930 669.6825
63 118.2418 360.0762
64 237.5252 578.2007
65 205.7029 372.4156
66 200.9121 352.9654
67 176.3008 259.4788
68 101.5979 332.9631
69 190.7501 304.6311
70 95.0967 379.2225
71 78.5827 364.0154
72 280.2147 664.6881
73 257.8091 666.1437
74 239.9697 667.4287
75 259.6254 585.8435
76 216.9031 670.5220
77 226.8139 674.9902
78 222.7260 668.7098
79 266.9158 577.2393
80 249.3292 669.4926
81 265.9159 671.5452
82 284.5775 673.8465
83 276.7309 731.3999
84 279.1504 708.3796
85 280.2800 695.3940
86 281.6838 684.4788
87 283.3716 677.0243
88 246.0669 673.0316
89 243.3032 675.3928
90 239.4097 680.9425
91 235.5691 688.3097
92 214.8136 635.9205
93 49.2969 542.6065
94 307.8629 596.9481
95 235.0704 671.7369
96 231.3619 672.5142
97 279.6844 601.1718
98 245.0499 591.6137
99 276.1402 595.7994
100 218.8747 507.7253
101 182.9468 523.0452
102 233.4360 565.2954
103 120.3461 278.1532
104 137.0422 311.9666
105 154.3403 350.3323
106 223.8187 707.5955
107 253.8659 358.7979
108 245.4808 304.4003
109 236.2217 251.4396
110 151.2461 452.0882
111 97.6144 474.8457
112 243.7704 444.2010
113 121.5863 418.5824
114 256.9139 480.4369
115 253.0546 563.1805
116 73.0639 489.5762
117 114.4593 491.5984
118 144.2409 500.8261
119 186.6400 497.3426
120 217.7610 487.5819
121 240.4985 476.8986
122 286.6519 451.8891
123 77.6707 537.8070
124 101.1814 414.2597
125 297.8968 592.0959
126 243.8845 518.5304
127 44.0782 441.2939
128 257.3838 465.2015
129 231.2307 565.6480
130 134.2983 432.2754
131 251.9929 547.0616
132 56.4853 597.9222
133 242.6802 435.6990
134 270.5026 535.3881
135 124.6391 713.2928
136 125.1378 737.1538
137 53.0962 541.5301
138 96.4495 681.2203
139 64.7678 400.6521
140 217.9489 792.4131
141 299.1872 595.7448
142 224.1155 534.7564
143 75.0522 446.9223
144 171.5167 442.4244
145 191.0723 444.5043
146 221.7800 679.1994
147 81.8900 583.3595
148 258.8685 823.1685
149 190.2694 790.8682
150 160.0613 768.9389
151 306.5854 306.0395
152 305.6593 826.9345
153 209.8343 443.0606
154 227.3289 439.2813
155 237.8596 437.2999
156 83.8354 408.5819
157 222.8945 419.4309
158 203.1452 413.4638
159 183.7901 412.4866
160 164.6632 416.1886
161 152.8032 422.2048
162 49.6114 388.5272
163 158.1514 438.6891
164 306.3196 619.3371
165 235.1057 624.1014
166 253.8608 579.2723
167 276.8210 619.9739
168 306.9212 418.3527
169 155.3237 744.2942
170 185.2514 768.7227
171 258.1484 808.6804
172 97.3932 701.8299
173 236.6100 428.8914
174 272.4351 489.1582
175 306.4803 812.0748
176 222.4063 809.9670
177 60.5414 591.6496
178 263.2409 674.7991
179 260.3889 680.0055
180 257.7721 688.3877
181 255.2422 700.0952
182 247.5673 721.3389
183 231.1429 670.4914
184 225.3760 668.9615
185 219.2461 665.7503
186 197.0351 651.9295
187 112.5700 596.8939
188 272.0615 464.7881
189 260.3106 422.1607
190 246.2489 425.4502
191 234.9860 667.7544
192 108.0784 650.2536
193 279.1015 421.7171
194 234.6045 744.9075
195 308.9271 498.4810
196 287.8388 477.8184
197 308.2404 472.9584
198 257.7005 525.7500
199 306.5887 788.5347
200 306.1974 758.7101
201 269.5502 757.2646
202 182.8250 702.1767
203 212.9140 583.6390
204 206.4929 726.6114
205 161.9336 579.1911
206 191.8843 606.0159
207 141.9975 615.1215
208 261.8557 785.9147
209 244.3338 537.2361
210 163.0796 719.5367
211 192.7956 745.8969
212 164.8570 674.0818
213 87.2295 621.8555
214 136.3125 676.5032
215 72.7846 638.0179
216 173.2041 634.8236
217 258.4792 503.3992
218 259.9796 573.7284
219 245.0394 577.4739
220 269.8547 560.1497
221 242.6278 406.2142
222 206.7721 396.4923
223 176.2884 394.3220
224 150.5423 396.2010
225 131.9903 403.7383
226 117.2801 437.6562
227 49.2317 492.7031
228 135.4752 468.7872
229 158.5862 475.7333
230 188.1571 475.6563
231 216.2184 470.1827
232 237.7645 462.5696
233 252.2436 455.3606
234 46.3248 491.5171
235 245.3673 582.2423
236 273.0820 511.5259
237 275.6758 576.7564
238 287.1212 586.8801
239 275.3757 579.4022
240 251.6992 588.7716
241 291.0504 589.8942
242 292.4547 593.4507
243 250.7368 438.0570
244 263.6291 443.7430
245 270.2921 448.1251
246 145.8926 426.3496
247 136.0340 421.4841
248 327.0891 501.9192
249 458.2103 434.3533
250 327.4526 589.4533
251 531.2206 349.5458
252 394.7200 455.3490
253 416.8870 457.2595
254 437.6464 456.3891
255 464.6181 443.2629
256 376.6136 449.6024
257 425.3219 406.1503
258 402.7334 406.9179
259 445.6654 408.7834
260 459.1396 414.7029
261 481.5612 458.8496
262 386.8401 768.0364
263 465.4939 428.6171
264 540.7962 446.0890
265 505.5977 443.5227
266 411.4442 553.7440
267 331.6131 652.1214
268 327.0784 672.6336
269 357.2811 656.5411
270 373.4005 663.0538
271 345.7067 672.2454
272 360.4513 672.5169
273 399.9734 692.8142
274 327.9981 581.3554
275 330.9514 558.5940
276 495.5550 389.8370
277 368.8390 495.1554
278 374.2345 570.2338
279 374.8901 556.9133
280 474.4347 549.4469
281 329.1937 528.1353
282 447.1044 369.1040
283 476.0950 375.3716
284 513.6274 310.7791
285 351.8485 388.3349
286 382.4392 412.4405
287 416.4819 672.0115
288 514.4691 653.7225
289 358.5237 582.9029
290 340.7182 590.5932
291 392.1011 672.6114
292 382.9418 671.3683
293 488.7246 359.5056
294 374.0199 579.2104
295 406.4458 371.8779
296 411.4672 352.4123
297 430.5073 261.4825
298 501.2516 334.0651
299 419.4523 305.3216
300 508.2932 379.0502
301 520.2045 365.2451
302 329.8108 665.1415
303 350.6500 666.8513
304 366.9096 668.4376
305 352.7841 586.7347
306 387.0574 672.2145
307 378.5148 676.2673
308 380.8844 670.2611
309 348.5508 577.5646
310 356.2540 670.2806
311 341.2514 672.1214
312 324.0315 674.0577
313 333.7352 731.3986
314 331.6421 708.5060
315 330.3195 695.5765
316 328.5966 684.7120
317 326.6775 677.3739
318 360.5821 673.8061
319 363.4619 676.2083
320 367.5318 681.7355
321 371.4079 689.1365
322 393.1487 636.9560
323 535.6491 542.3935
324 370.1325 672.8047
325 373.9253 673.8720
326 333.0716 601.6907
327 365.6559 592.6648
328 336.6897 596.3423
329 390.5585 508.2589
330 425.5786 523.8872
331 377.5206 566.2748
332 481.9542 280.5647
333 469.5966 312.8067
334 455.5723 349.7155
335 383.3131 707.7270
336 359.9256 358.4930
337 366.7754 304.9347
338 373.6612 252.7162
339 455.1381 451.9605
340 504.1625 475.3783
341 365.5351 443.9486
342 483.1854 417.9270
343 354.5913 480.6453
344 362.3304 563.6404
345 525.4565 490.2134
346 489.4550 492.2870
347 462.0322 501.5644
348 421.4720 497.8857
349 391.1405 487.9511
350 369.1327 477.1621
351 327.7796 451.8834
352 521.4356 538.3096
353 501.5592 414.1155
354 319.8312 592.1524
355 367.1742 519.1064
356 542.5656 442.7924
357 353.0218 465.4527
358 378.4047 566.4815
359 470.9360 431.4020
360 362.4384 547.5254
361 529.1589 596.9144
362 366.1496 435.1939
363 346.6513 535.5400
364 474.5677 711.6840
365 471.0753 734.7136
366 538.8335 541.4109
367 499.0689 679.6824
368 530.5058 401.8970
369 391.6540 790.7445
370 316.4322 595.8531
371 385.5995 535.5091
372 522.9918 447.2757
373 436.6310 442.0527
374 417.6079 444.2071
375 383.4002 680.4107
376 516.4385 583.2462
377 351.7025 822.1457
378 414.5978 788.7140
379 441.0394 766.5640
380 398.9089 442.6564
381 381.6536 438.8393
382 371.0665 436.9504
383 516.2568 408.7080
384 385.7742 419.0014
385 404.9621 412.8036
386 424.1496 411.6211
387 443.0515 415.3868
388 454.4093 421.1928
389 540.1107 390.7927
390 449.4760 438.2571
391 374.5333 625.1030
392 359.4568 579.8483
393 335.0529 620.3625
394 447.3510 742.6049
395 420.6071 766.9403
396 354.0540 807.8179
397 494.0608 699.7193
398 372.1679 428.4021
399 342.0682 489.3901
400 386.2403 808.2188
401 531.1126 590.9604
402 345.3611 675.2060
403 348.3448 680.4797
404 351.3606 688.8818
405 354.1061 700.3716
406 361.6328 721.3097
407 373.7018 671.8359
408 379.5891 670.5072
409 385.7075 667.3964
410 408.6352 653.1399
411 489.7727 597.0758
412 340.8754 464.9367
413 349.8316 422.0408
414 362.9260 425.2429
415 369.1319 668.9768
416 491.2405 649.7250
417 333.2257 421.8164
418 374.7497 744.2554
419 328.0719 477.9466
420 355.7521 526.0841
421 342.1816 756.9346
422 422.1245 702.2577
423 395.8645 584.5650
424 400.4284 726.4589
425 445.4680 579.8494
426 415.7658 606.8824
427 462.9207 615.4973
428 350.7832 785.2478
429 367.1078 537.9486
430 441.0200 718.4197
431 413.9466 744.7316
432 439.4634 674.4415
433 510.2265 621.4246
434 465.7435 676.1237
435 519.9786 636.7663
436 432.4445 635.6932
437 354.1687 503.8496
438 355.6823 574.1182
439 368.1753 578.1489
440 348.1612 560.2287
441 367.4681 405.9447
442 403.0544 395.8731
443 433.2569 393.6900
444 458.0059 395.6940
445 474.7638 403.0233
446 486.0138 437.2814
447 542.9934 493.3029
448 469.7133 468.9298
449 448.0485 476.1715
450 419.6244 475.9307
451 392.2113 470.2588
452 371.4668 462.6142
453 357.4228 455.3802
454 538.9329 492.1502
455 366.6211 583.2747
456 342.7607 511.7863
457 342.3364 576.7852
458 329.3043 586.9852
459 341.0921 579.4094
460 359.9276 589.7985
461 326.1802 589.9745
462 322.9724 593.5331
463 358.6848 437.7604
464 346.3454 443.7613
465 340.8575 448.2764
466 460.8149 425.3227
467 469.8697 420.5492
