# Image: /home/yaroslav/Projects/Diia.AIContest-AdAstrum/fixtures/FLUXSynID-processed/00b06b6a9aff/00b06b6a9aff_m_live_0_p_d1.jpg
# Mode: stream
# Status: fail
# Errors: strong_shadows_on_face: Strong shadows or uneven lighting detected (difference: 44.1); face_not_looking_straight_at_camera: Head is turned 177.3째 (max: 15.0째); head_is_tilted: Head is tilted 21.9째 (max: 10.0째); face_too_small_in_frame: Face occupies only 44.8% of frame (min: 50.0%); hair_covers_part_of_face: Possible hair occlusion detected (score: 0.204)

# 2D Landmarks (index x y)
0 295.7698 629.0328
1 301.3919 560.7037
2 298.8069 581.6167
3 288.7525 493.9674
4 302.5348 540.1470
5 303.6707 513.3568
6 306.2923 450.6813
7 176.5891 441.1100
8 308.4016 408.6605
9 310.0566 383.6254
10 314.5369 293.3827
11 295.2288 638.7991
12 294.7342 645.4279
13 294.5839 647.5430
14 294.8767 651.9708
15 294.5280 659.7870
16 294.0281 669.8434
17 293.4495 681.2253
18 292.1485 701.6627
19 300.3000 571.0783
20 282.9266 568.3153
21 111.8220 372.3844
22 228.0553 460.1860
23 209.5317 460.9394
24 192.0168 459.4410
25 169.3991 449.0728
26 243.9963 455.9612
27 206.4409 417.0026
28 225.0930 418.2730
29 188.9904 419.1082
30 176.7580 424.1030
31 152.9435 461.5267
32 219.4729 731.1752
33 170.4712 436.8172
34 97.0075 453.6554
35 132.0822 449.0923
36 209.4245 539.9213
37 273.2762 624.1713
38 275.2149 643.7541
39 249.6148 628.2079
40 233.9375 635.1282
41 258.2768 643.4266
42 244.5768 644.3088
43 208.7338 663.5179
44 285.6488 559.2367
45 284.5644 539.4552
46 146.7991 402.9665
47 249.1863 492.3477
48 241.9292 551.4042
49 241.4415 540.8008
50 154.5608 535.9223
51 286.8262 514.6367
52 191.5927 384.6896
53 165.5538 390.0930
54 132.1231 338.4375
55 271.4683 402.8993
56 241.8764 423.5483
57 195.4625 644.2349
58 100.2152 637.8466
59 254.6977 562.9206
60 269.8937 569.9727
61 215.7246 645.7013
62 223.8873 644.7901
63 155.4048 376.9757
64 240.6244 560.1153
65 226.5820 387.4628
66 223.6304 371.0862
67 209.0802 296.9078
68 144.1742 356.5284
69 218.1239 332.1575
70 135.6999 394.1790
71 123.8176 383.9214
72 273.8605 635.9584
73 254.6044 637.7555
74 239.4530 640.1354
75 259.3379 566.6182
76 220.0167 645.5620
77 227.9129 649.2090
78 225.7323 644.0047
79 265.6079 557.1362
80 247.8519 643.0992
81 261.6069 644.1624
82 277.2872 645.8662
83 267.3482 699.6404
84 270.4255 678.3961
85 272.3140 666.5708
86 274.2403 656.6375
87 276.1492 650.2521
88 244.8034 647.0278
89 242.1708 649.1231
90 238.2062 653.9513
91 234.3102 660.5214
92 219.5684 611.6326
93 88.3285 541.0920
94 299.6676 575.1695
95 235.7444 646.2734
96 232.1830 646.9497
97 275.7883 579.7275
98 246.7254 572.6197
99 272.9430 575.0119
100 229.3380 503.0801
101 198.9315 514.9441
102 237.7139 549.4812
103 162.7435 312.4166
104 173.9179 338.2954
105 185.3812 368.5202
106 223.6776 677.1307
107 266.6810 377.2986
108 262.6789 333.3069
109 258.0641 291.6506
110 177.3094 455.6734
111 131.8189 474.9533
112 254.1420 451.3835
113 154.8338 427.2482
114 262.8794 479.9986
115 254.3344 544.8008
116 110.6792 488.1294
117 144.4138 488.3995
118 168.2068 495.9256
119 203.4065 494.0319
120 229.6683 486.8306
121 249.4950 478.2765
122 288.6892 455.1337
123 110.9468 528.7185
124 138.5047 423.9086
125 291.0386 569.5133
126 249.5177 511.3533
127 91.4121 454.6013
128 264.3484 468.2590
129 236.0120 550.9066
130 164.7717 439.2076
131 254.2610 532.0575
132 90.1259 588.3747
133 254.1791 444.1425
134 270.3577 521.2649
135 138.8573 683.3834
136 137.8289 707.2356
137 90.6558 535.3113
138 117.4000 655.9582
139 110.3921 415.7633
140 213.3339 752.6437
141 292.3684 573.8382
142 232.0787 525.1889
143 115.5465 452.7059
144 194.2294 447.3185
145 210.0197 449.6907
146 223.3754 652.9068
147 111.3514 568.1065
148 246.7215 782.4789
149 189.2713 753.5824
150 165.0399 734.4431
151 312.4486 337.2801
152 287.5077 787.9072
153 225.6136 449.3939
154 240.3926 447.0574
155 249.6499 445.6783
156 125.0416 420.0244
157 238.7889 430.2483
158 223.0342 424.7988
159 207.3043 423.1725
160 191.4005 425.6700
161 181.2788 430.4514
162 99.2015 408.7208
163 183.6402 444.0973
164 297.8602 596.3561
165 237.0669 600.6933
166 254.6376 559.8647
167 272.6082 596.3257
168 307.2076 429.1900
169 162.7480 710.3394
170 186.7881 731.8843
171 247.1418 767.4438
172 117.3123 677.4928
173 249.5578 438.2612
174 274.8895 485.1837
175 288.6806 772.4924
176 215.7884 770.1671
177 93.2626 578.6769
178 259.1776 648.2232
179 256.3529 652.7611
180 253.3258 660.2866
181 250.3098 670.6964
182 242.8249 689.7417
183 232.2080 644.4931
184 227.0376 642.9614
185 221.8418 639.9649
186 203.9937 626.4037
187 136.2296 578.2793
188 276.2511 466.3259
189 269.4271 432.5529
190 257.7202 435.2106
191 236.0941 642.2666
192 129.1429 626.5014
193 284.4863 431.5904
194 230.7444 710.0294
195 304.5886 491.5771
196 288.1408 475.2027
197 305.3947 471.5555
198 260.4832 515.5363
199 289.9594 750.4984
200 291.2117 724.2266
201 259.8624 721.5714
202 189.3452 671.5945
203 220.3669 566.3816
204 207.9141 693.5528
205 178.7212 561.6903
206 202.1428 585.3383
207 160.1897 593.1898
208 251.7011 746.2990
209 248.5442 526.1820
210 171.3890 686.8833
211 194.9591 710.6130
212 175.8460 646.2331
213 113.2762 602.2510
214 151.4495 648.7252
215 100.4943 618.9433
216 185.2316 610.7166
217 262.6306 497.9546
218 259.8597 553.7282
219 247.0391 558.1466
220 268.5846 541.1062
221 255.6710 417.9910
222 226.4042 408.2659
223 201.1204 405.6873
224 179.7197 407.1811
225 164.0461 413.9583
226 150.3948 444.1249
227 91.2611 493.6638
228 163.1539 469.7140
229 181.5914 475.4918
230 205.8438 476.1698
231 229.3813 472.6076
232 248.0106 466.7255
233 260.7070 460.7580
234 89.6476 497.7260
235 247.2195 563.1800
236 273.9956 502.6529
237 272.8657 555.4356
238 282.3236 565.4147
239 272.7225 558.5123
240 252.4116 569.4872
241 285.4578 567.6303
242 286.7329 571.8375
243 260.7453 446.0860
244 270.9626 450.8980
245 276.0013 453.8392
246 175.3147 433.9415
247 166.6420 429.6017
248 319.8075 495.8013
249 432.7629 455.3167
250 316.8988 570.3484
251 499.3488 395.2906
252 380.5333 468.7166
253 398.7790 471.4118
254 416.0185 471.8590
255 438.4249 463.9075
256 365.2289 462.7717
257 406.5434 428.1752
258 387.9193 427.3219
259 423.3535 432.0275
260 434.4422 438.3717
261 452.8552 478.3795
262 360.9484 738.5279
263 438.8670 451.6171
264 504.9745 476.8574
265 473.7532 468.1908
266 390.7415 550.3375
267 318.5885 626.6865
268 314.0158 645.8511
269 341.1866 633.2852
270 355.3166 641.7177
271 330.5225 647.4253
272 343.5709 649.7134
273 376.8715 672.7912
274 316.7960 560.9473
275 320.1076 541.3920
276 465.7395 420.5519
277 356.7255 498.4443
278 358.6069 558.1745
279 359.9472 547.6002
280 444.3282 552.2078
281 320.1916 516.5520
282 425.3846 397.4883
283 449.6392 405.8232
284 484.8629 359.4457
285 345.5788 406.8589
286 370.8452 430.8999
287 391.8257 655.2036
288 479.9782 658.5839
289 344.6789 568.2051
290 328.8683 573.5775
291 371.4426 654.4020
292 363.4517 652.5847
293 460.7140 394.0216
294 358.5196 567.0260
295 391.3011 396.4633
296 396.2803 380.5108
297 416.6076 309.5666
298 472.7971 375.4822
299 405.2164 343.0399
300 477.0170 413.3781
301 488.4499 404.9840
302 316.5437 638.3960
303 335.0275 642.1477
304 349.4028 646.0995
305 339.6481 571.4216
306 367.1569 653.6787
307 359.4867 656.4928
308 361.4667 651.5088
309 335.5563 561.0157
310 340.0847 648.1050
311 326.7777 647.7537
312 311.4521 647.6571
313 316.8542 702.3012
314 316.2753 680.8138
315 315.6695 668.9075
316 314.6665 658.9770
317 313.3428 652.3656
318 343.4246 652.4013
319 345.9285 654.7660
320 349.3256 660.0965
321 352.5767 667.0436
322 372.6684 620.2637
323 500.8000 564.1703
324 351.9859 652.6926
325 355.4668 653.7993
326 321.9303 582.5285
327 350.8183 578.8385
328 325.2121 578.1952
329 375.0802 511.4410
330 403.7367 526.5572
331 362.2690 556.6937
332 458.9351 330.1537
333 446.7199 353.9914
334 433.2052 382.1230
335 361.4837 684.4879
336 353.5856 382.0265
337 361.7386 339.2001
338 370.0808 298.5459
339 430.2914 469.7597
340 471.7531 494.1445
341 355.7736 457.0843
342 454.9070 443.9849
343 344.8199 484.6905
344 347.8851 550.1213
345 490.0252 509.6314
346 458.7201 506.1144
347 435.2870 511.0486
348 401.3187 505.2318
349 376.2897 495.1644
350 357.6663 484.4844
351 322.9527 457.0461
352 485.7907 549.7503
353 470.7364 442.4333
354 309.5935 570.6156
355 354.6386 517.4284
356 507.7480 478.5111
357 344.2306 472.9566
358 363.2436 558.2600
359 443.8776 454.7094
360 348.8435 537.4274
361 494.4068 610.7279
362 356.3734 449.7852
363 335.0258 524.8615
364 441.9196 699.6182
365 438.9636 723.1946
366 502.1115 558.3498
367 464.5986 674.7335
368 496.9221 437.8733
369 364.4912 760.3256
370 306.9533 574.7060
371 369.9705 533.2105
372 488.8016 473.7167
373 415.2420 459.5845
374 399.6435 460.2665
375 363.6113 660.5930
376 480.9093 588.7784
377 328.0582 786.6993
378 386.3617 763.7453
379 411.1640 747.4045
380 384.2194 458.1718
381 369.9080 454.1614
382 360.8051 451.8612
383 483.7603 440.2138
384 373.1880 437.6803
385 389.2497 434.0149
386 404.8886 434.1437
387 420.1890 438.3518
388 429.4336 444.0806
389 506.5424 432.5484
390 425.7145 457.5600
391 357.0230 607.6678
392 345.4271 565.0130
393 322.8707 599.2038
394 416.6349 723.9298
395 391.7538 742.6767
396 330.1523 771.7106
397 460.4540 695.9945
398 361.5574 444.4392
399 333.4540 488.5555
400 359.6355 777.5871
401 494.9961 600.9633
402 329.8325 652.1220
403 332.2339 656.8655
404 334.6083 664.6754
405 336.4849 675.3766
406 341.8892 695.0135
407 355.3302 651.2485
408 360.6743 650.3532
409 366.2035 648.0184
410 385.5644 636.5673
411 456.7444 596.1047
412 333.5661 469.6268
413 343.0624 436.7066
414 353.8431 440.6735
415 351.4753 648.6715
416 457.4837 644.4732
417 329.0187 434.1581
418 351.7794 716.3452
419 321.8701 477.1375
420 344.0434 520.2927
421 322.4083 724.8133
422 395.1352 682.8582
423 376.9127 575.3773
424 375.1407 702.6790
425 418.4182 575.1797
426 392.5660 596.1113
427 432.4844 608.3086
428 328.1582 750.2590
429 354.0753 532.3552
430 411.0802 699.8028
431 386.2815 720.7286
432 410.9885 659.1906
433 475.0335 622.2448
434 434.0778 664.2010
435 484.1603 639.9584
436 405.9475 623.0591
437 343.6277 502.6827
438 341.7022 558.3285
439 353.0081 564.1639
440 335.1635 544.9042
441 358.3493 423.7323
442 388.2271 417.1218
443 413.3743 417.3515
444 434.0565 421.3793
445 447.9782 429.7905
446 457.0290 461.1769
447 506.1593 517.2156
448 442.5824 485.3178
449 424.3673 489.0851
450 400.7061 487.1120
451 377.8274 480.8691
452 360.3662 473.0969
453 348.4453 465.7449
454 504.0143 521.2167
455 351.7584 569.3820
456 332.8601 506.0565
457 329.5098 558.5375
458 318.2984 567.5191
459 328.6871 561.5625
460 345.8465 575.1849
461 315.2564 569.3443
462 312.8735 573.4640
463 349.9071 451.1067
464 339.4125 454.8710
465 334.5044 457.3407
466 434.7520 448.2241
467 443.3533 444.9042
