# Image: /home/yaroslav/Projects/Diia.AIContest-AdAstrum/fixtures/FLUXSynID-processed/0024d7b330c2/0024d7b330c2_m_doc.jpg
# Mode: stream
# Status: fail
# Errors: face_not_looking_straight_at_camera: Head is turned 178.4째 (max: 15.0째); head_is_tilted: Head is tilted 17.3째 (max: 10.0째)

# 2D Landmarks (index x y)
0 301.7954 610.5662
1 300.6233 539.6725
2 301.4146 561.3094
3 286.7004 470.2946
4 300.5917 518.2613
5 300.9639 490.1203
6 302.5055 423.5376
7 177.9793 417.8321
8 303.6169 385.2291
9 304.2754 360.3362
10 306.0050 256.7719
11 301.8639 620.4042
12 301.9914 626.5826
13 302.3338 628.0395
14 302.9370 628.1981
15 303.0019 634.4923
16 303.0382 643.0214
17 303.2002 653.0527
18 303.4225 673.7158
19 300.8013 550.4841
20 284.7191 548.9684
21 114.5774 349.7443
22 229.2457 437.3306
23 211.4160 438.9806
24 194.4295 438.1804
25 172.6223 426.8113
26 244.2377 432.1466
27 205.9247 392.3762
28 224.6054 393.1806
29 188.9179 395.0700
30 177.2758 400.5374
31 158.4490 441.8731
32 237.1722 710.8840
33 171.9927 412.4549
34 106.4464 436.3814
35 137.9394 430.7644
36 217.4428 522.7538
37 280.8286 607.4492
38 284.3992 626.2158
39 259.7862 613.3563
40 245.7921 621.5934
41 268.9131 627.3072
42 255.9534 629.2627
43 223.9321 649.2194
44 285.6147 539.2350
45 283.5734 518.6516
46 148.4506 384.5893
47 251.8661 470.0853
48 245.8489 533.6591
49 245.5438 522.3059
50 166.0280 521.5171
51 285.0971 492.4458
52 191.9429 366.0173
53 166.0873 371.5105
54 131.6194 313.3531
55 269.8908 382.1504
56 241.1777 398.1288
57 209.8099 632.3814
58 122.5189 626.6936
59 258.4251 545.1354
60 273.1434 551.2697
61 229.7830 632.5381
62 236.3373 630.9984
63 155.8753 358.6922
64 245.3569 542.6839
65 226.6319 368.6254
66 222.9521 351.5502
67 204.1966 266.3754
68 144.3494 334.4045
69 215.2233 305.9104
70 137.7462 376.2029
71 126.2609 363.3782
72 282.3181 619.1990
73 265.2785 622.5414
74 251.2151 626.0582
75 263.0806 548.6334
76 233.3294 632.0588
77 241.3663 633.0321
78 237.5818 629.9837
79 267.7285 538.6169
80 258.7165 627.6162
81 272.0536 627.2636
82 286.7773 627.7313
83 281.3232 674.4444
84 283.1483 652.6774
85 284.0791 641.6298
86 284.9198 633.5781
87 286.0069 628.1647
88 256.3982 629.0277
89 254.5126 630.6755
90 251.7221 635.0391
91 248.7365 641.3481
92 230.6138 597.8988
93 105.7174 527.7098
94 301.1592 554.7649
95 247.4606 629.8603
96 244.7302 630.6367
97 279.3489 560.9441
98 252.4067 555.1496
99 276.2374 556.3150
100 234.3032 482.6804
101 206.4307 497.0919
102 242.8388 531.4426
103 160.1561 284.8921
104 172.8798 314.4023
105 185.5223 349.4032
106 239.5433 659.1915
107 263.9396 356.1707
108 257.6276 304.1531
109 251.1212 258.0688
110 180.4321 434.4078
111 139.5815 457.7862
112 253.7387 426.8640
113 157.3100 406.2280
114 263.7436 456.2875
115 256.6573 526.1721
116 120.7475 472.7147
117 152.3954 471.7246
118 175.7589 478.7585
119 209.1669 474.6385
120 233.3300 465.4316
121 251.3101 455.1362
122 285.9655 428.9988
123 124.4343 515.6277
124 141.9936 405.2668
125 291.8911 549.5955
126 253.1228 490.3437
127 102.1790 437.0092
128 264.7302 443.9685
129 242.1905 532.9097
130 167.4147 416.2579
131 256.7731 512.5177
132 110.2902 576.6594
133 253.4941 418.7721
134 270.5361 500.2233
135 159.5270 670.7404
136 160.6842 694.1392
137 106.5787 522.3531
138 138.5509 644.3142
139 115.9890 396.4292
140 232.2785 731.6245
141 294.0322 553.8918
142 237.9496 506.0288
143 122.8724 435.4373
144 195.2631 425.0867
145 210.7875 427.2397
146 237.5952 637.1924
147 127.9134 556.5071
148 265.1680 757.9491
149 210.4935 735.6010
150 186.9411 719.2106
151 305.1329 305.4805
152 303.2342 760.6306
153 226.0026 426.0684
154 240.3106 422.8246
155 249.1789 420.9406
156 129.4710 402.1920
157 237.7743 401.3417
158 222.2998 394.2822
159 206.3882 392.5156
160 190.4324 396.3477
161 181.0889 402.8267
162 105.6435 388.3967
163 184.7787 421.5667
164 301.7126 576.6134
165 245.8304 585.3017
166 258.0006 542.0791
167 278.1043 578.6235
168 303.1292 403.3491
169 182.7420 696.0427
170 206.4613 714.4124
171 264.2310 743.4098
172 140.2992 665.7055
173 248.6729 411.6292
174 274.4716 461.3473
175 303.3092 744.7692
176 235.9271 748.9111
177 112.2457 567.0371
178 270.1505 628.1808
179 268.2246 632.0048
180 266.3390 638.3704
181 264.4392 647.8571
182 258.4510 667.9566
183 244.0560 630.7362
184 239.6175 629.8063
185 234.8866 627.3944
186 217.0381 614.3757
187 151.6716 566.1798
188 275.2433 441.2894
189 268.1486 407.3894
190 256.4812 409.7157
191 247.1573 628.2164
192 147.5355 615.1754
193 282.0374 406.6987
194 247.5409 689.6877
195 301.5046 466.8379
196 285.8469 450.1715
197 302.0048 445.4236
198 262.7649 494.4709
199 303.3675 722.9338
200 303.4632 696.5982
201 274.8112 697.4956
202 205.2184 658.1827
203 228.5252 549.9203
204 224.8485 676.9186
205 189.9248 547.1860
206 212.7301 570.9662
207 173.9936 580.9646
208 267.6175 722.8316
209 252.6672 506.2931
210 189.1076 673.1815
211 213.2111 693.4594
212 190.8469 634.7927
213 131.6783 591.2616
214 168.6227 637.0260
215 121.1753 607.7167
216 198.1460 598.9637
217 264.1501 475.5330
218 261.9211 535.3493
219 250.7458 540.5887
220 269.0053 521.4668
221 255.0667 394.8247
222 226.4790 386.2206
223 201.2892 384.0783
224 180.0622 385.9903
225 165.1283 392.7959
226 154.6557 423.5585
227 103.6920 478.7385
228 168.6084 450.3264
229 186.5432 456.0109
230 209.6949 455.4787
231 231.7973 450.2926
232 248.9593 443.1980
233 260.9086 436.3796
234 103.9047 482.3572
235 251.5105 545.7495
236 273.8999 480.1472
237 273.5888 536.2006
238 283.7205 545.9891
239 274.1376 539.5476
240 257.0908 551.7983
241 286.5965 548.0731
242 288.5490 552.3213
243 259.7619 421.1038
244 270.1604 425.7220
245 275.0019 428.5663
246 176.0191 407.9218
247 168.3633 406.5878
248 316.6136 470.5639
249 430.5954 420.8504
250 317.8411 548.7924
251 498.7234 353.3336
252 378.7027 438.8400
253 397.0039 440.6790
254 414.2295 440.0931
255 436.0879 429.8001
256 363.4944 433.4165
257 402.9627 395.3411
258 384.1254 395.3765
259 419.9315 398.6461
260 431.3274 404.2588
261 450.6930 444.3005
262 370.7663 711.6766
263 436.6534 415.9639
264 505.2758 439.2710
265 471.7768 433.5449
266 389.6971 523.6336
267 323.1151 607.0899
268 320.1763 625.8352
269 345.3344 612.8469
270 360.2389 620.5853
271 336.5225 626.7554
272 350.1800 628.3818
273 383.8815 648.5700
274 315.8130 539.1028
275 317.9322 518.6669
276 461.1646 389.0888
277 354.7450 470.8437
278 357.6557 534.1554
279 358.4073 522.8619
280 442.8751 522.8155
281 317.1419 492.6173
282 417.6064 370.1225
283 443.3586 376.2511
284 481.5246 316.8535
285 338.5063 383.3793
286 367.3197 399.7264
287 397.8240 631.7731
288 487.7232 629.1976
289 345.0891 545.3390
290 330.3829 551.4556
291 377.8487 631.4156
292 371.1225 629.8516
293 454.0753 363.7200
294 358.5292 543.2460
295 382.6803 371.3959
296 387.0472 354.3826
297 408.7587 268.4201
298 467.2827 338.4070
299 396.3775 308.2861
300 472.5485 380.8251
301 485.6903 367.4346
302 321.9435 618.9331
303 340.0495 621.9375
304 354.8715 625.1319
305 340.6017 548.9201
306 373.9930 630.7740
307 366.0026 631.9719
308 369.6009 629.0264
309 335.0129 538.3294
310 347.4894 626.7049
311 333.5538 626.7851
312 318.2765 627.3445
313 325.8977 674.4618
314 323.6947 652.3890
315 322.5520 641.3881
316 321.3795 633.3355
317 320.2575 627.9656
318 350.7098 628.1399
319 352.5921 629.7902
320 355.4824 634.2308
321 358.5527 640.5914
322 375.5378 597.7964
323 506.0258 530.3030
324 359.8829 629.0063
325 362.6351 629.6435
326 324.0696 561.0363
327 351.9516 555.7302
328 327.0636 556.4096
329 372.9680 483.5624
330 401.6683 498.1045
331 361.4812 532.0753
332 452.9663 287.8530
333 438.8418 318.0024
334 424.5046 353.5313
335 368.3182 658.9352
336 345.5846 357.5370
337 353.6650 305.3073
338 361.5441 259.2025
339 428.3241 436.9310
340 469.8366 459.9840
341 353.9500 428.0800
342 451.8493 409.9514
343 342.5773 456.9178
344 346.3692 526.3992
345 489.0211 475.1092
346 456.5880 473.4911
347 432.9211 480.0792
348 399.0865 475.8039
349 374.2820 466.3548
350 355.8868 456.0333
351 319.4784 429.2692
352 485.1992 517.5679
353 467.7681 408.8841
354 309.9857 549.4469
355 352.7241 491.1320
356 510.6581 439.9537
357 342.1317 444.7362
358 362.6434 533.4953
359 441.3203 419.8167
360 346.7058 512.9170
361 500.7184 579.1742
362 354.4469 420.1659
363 332.3299 500.5515
364 449.3626 672.4963
365 448.3674 696.4341
366 503.8203 524.9486
367 470.5592 646.4016
368 496.0489 399.6531
369 375.5101 732.7319
370 308.2406 553.7795
371 368.3896 506.8411
372 487.3830 438.2180
373 413.3257 427.4194
374 397.6838 429.1964
375 369.9163 636.1644
376 481.6026 558.5046
377 341.5941 758.6941
378 397.7099 737.2617
379 421.6644 721.1370
380 382.1950 427.7443
381 367.8189 424.1748
382 358.7652 422.2820
383 481.1133 405.6209
384 370.5474 403.2567
385 386.2113 396.7275
386 402.1910 395.4851
387 418.0795 399.6624
388 427.3995 406.2673
389 507.6208 391.7502
390 423.6971 424.2393
391 359.4759 585.4982
392 345.3891 542.0796
393 325.9308 578.6214
394 425.6951 697.5524
395 401.9041 715.8924
396 342.6600 744.0941
397 469.2637 668.1573
398 359.2980 413.1169
399 330.5686 461.8731
400 371.7097 750.2431
401 497.8173 569.5364
402 336.6207 627.5411
403 338.6326 631.3770
404 340.6958 637.7877
405 342.8012 647.4288
406 349.2884 667.8746
407 362.7937 629.6435
408 367.1069 628.7207
409 371.9549 626.2703
410 389.7707 614.0020
411 457.4437 567.6150
412 330.6903 441.7943
413 339.6016 408.4713
414 351.4470 411.0329
415 359.4786 627.2026
416 461.3409 616.7647
417 324.7634 407.3448
418 360.4731 690.0373
419 318.4083 450.4745
420 341.6570 494.9220
421 332.6152 697.7611
422 402.5461 658.4215
423 377.2784 550.6604
424 383.1403 677.3793
425 418.0749 548.1882
426 393.9831 571.5635
427 434.3819 581.9943
428 339.4626 723.2813
429 352.0955 506.9496
430 419.0108 674.0956
431 395.0739 694.3834
432 417.1024 634.8924
433 477.4567 593.2496
434 439.8323 638.0457
435 488.5759 610.0326
436 409.1391 599.2034
437 341.1410 476.1226
438 340.7369 535.2417
439 352.6957 540.8059
440 333.1662 521.5077
441 353.3376 396.3746
442 382.5770 388.7392
443 407.9255 387.4655
444 429.0880 389.9653
445 443.9829 397.0331
446 454.7213 426.6933
447 507.2193 481.5286
448 440.3320 452.3680
449 422.1661 457.5391
450 398.6308 456.8191
451 375.9822 451.4398
452 358.6117 444.3222
453 346.5692 437.2057
454 508.3612 485.0201
455 352.1334 546.1368
456 329.9091 480.5449
457 328.4045 535.9788
458 318.6005 545.7805
459 328.1917 539.2304
460 346.9570 552.2703
461 315.5183 547.8350
462 313.9278 552.1698
463 347.9823 422.2517
464 337.1101 426.5743
465 331.8123 429.2590
466 432.5092 411.4633
467 440.4278 410.3649
