# Image: /home/yaroslav/Projects/Diia.AIContest-AdAstrum/fixtures/FLUXSynID-processed/00c1610e4785/00c1610e4785_m_live_0_e_d1.jpg
# Mode: stream
# Status: fail
# Errors: image_blurry_or_out_of_focus: Image is blurry (sharpness score: 78.58); strong_shadows_on_face: Strong shadows or uneven lighting detected (difference: 37.9); face_too_small_in_frame: Face occupies only 49.9% of frame (min: 50.0%)

# 2D Landmarks (index x y)
0 298.5372 618.8549
1 308.3765 549.5875
2 302.5230 573.6472
3 297.0059 480.4883
4 310.9985 527.6265
5 312.6248 500.1796
6 315.0199 437.1406
7 173.2529 427.0905
8 319.1363 386.9872
9 322.4403 358.8361
10 329.4895 271.7714
11 297.4844 628.6969
12 296.2160 635.9633
13 295.1180 638.8152
14 295.0631 641.6191
15 294.6673 648.7660
16 293.7713 658.4368
17 292.1926 669.5538
18 287.9080 691.0393
19 305.9653 561.5808
20 287.8130 559.6431
21 106.3674 352.9284
22 226.1705 450.9284
23 206.8110 450.9352
24 188.9039 447.8969
25 165.8142 434.7978
26 243.3596 446.5346
27 209.1713 394.8457
28 228.7592 398.0316
29 189.8642 396.4476
30 175.6897 402.8120
31 149.3019 447.3866
32 212.1789 722.2246
33 167.5415 421.1138
34 89.5387 438.8246
35 128.7661 432.4524
36 209.3448 529.8750
37 276.1230 613.8941
38 276.6112 634.0508
39 251.3726 619.0936
40 234.5198 626.8509
41 258.9412 634.4466
42 244.4265 636.1308
43 206.3709 656.0114
44 292.4879 547.8653
45 292.5982 526.4558
46 147.0180 377.1286
47 251.4954 482.2953
48 246.3089 541.3545
49 245.5281 530.6408
50 150.6443 524.4920
51 295.2559 501.1387
52 196.4040 354.4450
53 168.3075 361.2505
54 131.2785 315.0581
55 279.4243 377.4867
56 245.5024 406.4508
57 193.4621 636.9566
58 85.7321 633.0330
59 258.5794 554.1185
60 273.7101 561.7635
61 215.2707 638.3268
62 223.1063 637.4769
63 157.8656 347.3411
64 243.9893 551.0999
65 232.9348 357.8735
66 231.2633 340.4225
67 218.6557 270.5656
68 144.8870 330.6153
69 227.0927 304.3281
70 135.2801 368.4240
71 120.7984 361.6891
72 275.9947 625.7723
73 255.8865 628.5691
74 239.8861 631.8805
75 262.8565 558.3173
76 219.5165 638.1145
77 227.6042 640.4468
78 224.7049 636.7991
79 270.7852 547.0721
80 247.1554 635.1329
81 261.5870 635.5408
82 277.7692 636.8775
83 263.9051 689.1094
84 269.9958 666.6803
85 272.7026 654.7980
86 274.7726 645.5080
87 276.4673 639.6510
88 244.1763 637.5826
89 241.7571 639.2907
90 238.0164 643.9181
91 233.7946 650.5565
92 219.4898 603.4247
93 74.7540 533.3076
94 304.3244 566.6684
95 234.6069 637.8451
96 231.6639 638.2102
97 279.3183 571.6725
98 249.0511 564.5485
99 276.6605 566.9239
100 229.7646 493.2693
101 197.6516 504.1603
102 240.9769 540.1560
103 167.1825 286.5387
104 178.6022 310.2661
105 190.6091 337.4778
106 220.8131 668.4194
107 276.5989 348.8159
108 274.5845 308.2585
109 271.0266 267.0403
110 173.7754 442.8432
111 127.4876 460.8966
112 254.7282 441.3376
113 152.8801 407.4212
114 266.6957 468.9834
115 259.7903 533.5422
116 104.7194 474.6718
117 140.2589 475.2301
118 165.1872 483.6278
119 201.6751 483.3551
120 229.1699 477.1725
121 250.7039 468.5165
122 296.3114 441.2912
123 103.9831 517.1560
124 136.8593 403.0486
125 296.8374 559.6509
126 252.5218 501.4096
127 80.0502 441.8735
128 267.2793 457.4995
129 238.1908 542.3240
130 161.4292 422.8724
131 259.6764 520.7421
132 76.0463 582.3705
133 255.5165 433.4105
134 277.4721 508.4921
135 129.3749 676.4776
136 125.2739 701.8817
137 80.9141 525.1336
138 106.8637 649.2822
139 104.9668 397.6416
140 204.5539 742.9868
141 297.1843 565.2165
142 233.4859 515.7644
143 111.0231 436.3145
144 191.0757 435.8429
145 207.3806 439.5278
146 222.8113 644.5133
147 103.3361 558.5029
148 235.7018 772.5235
149 178.2518 745.8726
150 153.4082 728.0816
151 326.2125 315.5679
152 274.9716 778.4463
153 223.9574 439.8564
154 239.6726 437.6071
155 249.9229 435.7732
156 122.4555 399.2329
157 240.7307 416.5627
158 225.0396 409.1833
159 208.9625 406.1547
160 191.7899 408.0700
161 180.3688 413.0881
162 90.4299 392.6656
163 180.3590 431.2869
164 301.0979 587.9919
165 238.0765 592.5632
166 258.9707 550.4842
167 275.5296 587.8202
168 316.1236 412.9807
169 153.7107 703.2168
170 177.9356 723.5305
171 238.0346 757.5305
172 103.3197 672.8184
173 251.3842 426.5544
174 281.2015 472.6028
175 278.6641 762.6853
176 205.0813 760.9306
177 82.6949 570.4465
178 259.1444 637.9425
179 256.4596 641.9613
180 253.4669 649.0434
181 250.0241 659.4336
182 239.8771 679.8738
183 231.5896 637.1530
184 226.6905 635.5950
185 221.6010 632.5245
186 202.9711 618.6240
187 129.9957 568.5091
188 282.0498 453.7742
189 273.5623 417.6151
190 260.6267 421.8644
191 235.0669 635.1035
192 121.1878 618.7521
193 291.4954 414.9819
194 225.2264 701.2573
195 313.5034 478.4015
196 296.2344 461.6902
197 314.1848 458.3997
198 265.3875 504.3689
199 282.0522 740.8780
200 285.3431 714.4298
201 254.3214 712.1672
202 184.7867 664.3901
203 220.9375 557.8382
204 202.7435 685.7942
205 176.4339 551.2239
206 201.0769 576.5172
207 155.6934 583.7662
208 244.3164 737.0356
209 252.0907 516.3169
210 164.4944 679.5509
211 188.1032 702.3186
212 171.7034 638.8510
213 104.3335 594.0488
214 144.8781 641.0280
215 89.2627 611.9118
216 182.6478 602.4151
217 267.2586 486.8772
218 265.2730 543.0936
219 251.3417 548.4028
220 275.5060 528.7746
221 260.3176 398.0105
222 230.9781 384.2252
223 204.6797 380.0158
224 181.5840 382.0364
225 163.9282 390.7409
226 147.1006 427.6464
227 82.4361 481.2996
228 159.3715 456.4092
229 178.6526 463.4638
230 203.5945 465.6552
231 228.1333 463.1767
232 248.1517 457.2666
233 262.2126 450.6129
234 76.8035 487.6227
235 250.7769 554.3615
236 280.8210 490.0406
237 279.3283 544.1548
238 287.7783 555.9096
239 278.4729 548.2080
240 255.4052 561.2699
241 291.2293 557.8707
242 291.5221 563.1677
243 262.6254 434.9230
244 274.0418 439.2816
245 280.6724 441.4548
246 173.4353 417.1580
247 164.3302 410.4206
248 328.1562 483.7652
249 439.3648 456.5598
250 320.6190 562.8683
251 500.3634 396.9561
252 386.4773 468.9979
253 404.7822 472.8603
254 421.6876 473.1881
255 443.2575 464.9785
256 371.3605 461.1960
257 414.6914 418.4802
258 395.7289 417.4614
259 431.8578 423.9475
260 442.7443 432.8510
261 454.7766 479.8943
262 349.2084 733.6370
263 445.0736 451.9173
264 498.4956 482.2271
265 473.7905 469.0262
266 391.4653 548.0729
267 320.8397 617.8888
268 314.8835 637.3937
269 341.7122 626.8235
270 354.2134 637.0563
271 330.3591 640.6360
272 342.2036 644.5062
273 370.1710 670.1179
274 323.3317 550.8928
275 328.0281 530.0054
276 473.1691 412.8788
277 360.4385 493.7687
278 360.5913 552.6989
279 361.9793 542.1022
280 443.0538 553.5760
281 328.4758 504.5845
282 437.8262 382.1389
283 459.8559 393.9251
284 491.0823 356.0872
285 358.2727 386.6811
286 378.1096 422.1505
287 386.0000 654.0423
288 454.9694 668.1503
289 346.2696 562.7780
290 331.0069 567.4669
291 366.7917 651.4424
292 359.1834 649.1713
293 470.8968 382.4808
294 359.2518 562.4105
295 405.2153 377.8554
296 410.9035 361.2330
297 430.4393 295.3509
298 481.5894 368.3265
299 419.7980 326.7974
300 483.3205 406.6438
301 492.2592 402.7574
302 318.2070 629.5310
303 335.4209 635.3669
304 348.3093 641.0629
305 341.0396 565.9907
306 362.7729 650.3955
307 355.6872 651.4304
308 357.2458 648.1810
309 339.4200 554.0026
310 338.3979 643.0712
311 326.0616 641.1692
312 311.5018 639.8197
313 311.0699 693.1476
314 313.4887 670.4413
315 314.2540 658.5029
316 313.9556 649.1127
317 312.8137 642.9702
318 341.1030 645.8675
319 343.3532 648.0184
320 346.2320 653.1301
321 348.6564 660.3949
322 371.2666 617.3288
323 482.0016 574.6852
324 348.7010 647.6299
325 352.0495 648.5443
326 324.3206 575.9709
327 350.9138 574.4321
328 327.4410 571.9187
329 378.0023 508.6919
330 405.7208 525.3114
331 363.2178 552.1947
332 469.5661 321.4666
333 459.2106 342.3644
334 446.2693 366.6680
335 354.7146 679.7720
336 367.9644 359.6819
337 376.4236 320.1719
338 385.1680 280.4321
339 435.3935 471.2883
340 470.7009 496.7858
341 361.9260 453.7339
342 460.3450 441.1691
343 349.8584 477.8801
344 351.9924 542.9070
345 485.3124 513.9831
346 458.9639 508.2042
347 437.0402 511.6094
348 404.4892 504.4814
349 380.2409 493.2607
350 362.1363 480.5720
351 331.0225 445.1302
352 478.9880 554.8999
353 474.4429 439.4464
354 314.8821 561.5318
355 357.4541 512.2665
356 497.5100 486.5643
357 349.5788 466.7265
358 363.2282 554.5645
359 449.3288 454.7056
360 352.7248 530.1689
361 471.6363 621.4942
362 362.0952 445.8387
363 341.5639 514.9854
364 423.5231 702.8175
365 415.4864 727.4679
366 488.6393 566.2565
367 445.4483 680.6410
368 495.7894 439.9619
369 349.8395 754.8456
370 311.3133 566.5640
371 371.4220 529.7970
372 486.2262 476.0362
373 422.5733 461.6752
374 406.7386 462.0126
375 359.1277 656.1614
376 470.7265 594.7412
377 313.0452 778.8455
378 366.5555 761.2906
379 389.3722 747.9387
380 390.9188 458.9554
381 376.4706 453.4035
382 366.9864 449.3903
383 485.6971 438.4059
384 379.4442 432.5876
385 395.5681 428.7343
386 411.5442 429.0729
387 427.0371 434.3086
388 436.2360 441.4555
389 502.2579 437.8039
390 432.7861 459.3503
391 356.7869 603.4802
392 347.5213 559.3051
393 325.1063 592.3728
394 398.9711 724.3990
395 375.1834 739.9272
396 317.7755 764.0953
397 435.6124 703.2591
398 367.5366 439.9258
399 340.0662 478.8047
400 342.1985 772.1268
401 478.1245 609.2206
402 328.5916 644.0738
403 330.6606 648.4561
404 332.2810 655.8859
405 333.0258 666.5642
406 335.2234 687.9905
407 352.4917 647.5591
408 357.9201 646.8341
409 363.3074 644.7917
410 382.4229 634.7694
411 450.2089 599.6611
412 340.1610 460.0438
413 350.8472 426.7205
414 360.5613 433.6284
415 348.7482 644.8629
416 444.7728 649.1853
417 337.6836 420.3810
418 342.5646 711.0760
419 329.9980 465.2969
420 348.2453 512.8162
421 314.6708 717.1104
422 385.7653 682.0267
423 376.0262 572.7853
424 365.2413 699.6685
425 417.0202 574.7982
426 391.0661 594.6809
427 427.7749 609.8888
428 318.2974 743.2123
429 356.2154 526.8972
430 397.9771 699.8688
431 373.4199 717.9617
432 403.1718 659.7174
433 461.7908 628.4708
434 422.7709 666.4214
435 464.9772 647.9537
436 402.3484 622.9419
437 348.1863 495.2806
438 345.7040 551.2161
439 355.0509 558.7005
440 341.3291 535.5533
441 368.1672 410.6838
442 398.6554 403.6403
443 423.6659 405.1438
444 443.5107 411.5983
445 456.0844 423.2594
446 459.8988 461.4530
447 496.0456 524.1865
448 445.4061 486.6892
449 427.9203 489.6439
450 405.1249 487.3145
451 382.7834 480.0672
452 365.5200 470.3782
453 354.0189 461.0499
454 489.2518 530.8501
455 352.9757 564.3989
456 339.6094 496.0791
457 334.9643 549.7837
458 322.8173 559.4464
459 333.2997 553.6869
460 346.6381 570.1205
461 320.2643 560.8320
462 316.7655 565.7921
463 355.9171 445.9877
464 345.7206 447.7806
465 341.0947 448.5064
466 441.2658 446.9194
467 450.2240 442.1464
