# Image: /home/yaroslav/Projects/Diia.AIContest-AdAstrum/fixtures/FLUXSynID-processed/00c1610e4785/00c1610e4785_m_doc.jpg
# Mode: stream
# Status: fail
# Errors: face_too_small_in_frame: Face occupies only 46.1% of frame (min: 50.0%); hair_covers_part_of_face: Possible hair occlusion detected (score: 0.202)

# 2D Landmarks (index x y)
0 302.1655 627.0819
1 301.9521 562.5968
2 302.0863 585.0867
3 286.7103 497.1002
4 302.0736 541.3984
5 302.2975 514.7198
6 303.2814 453.9621
7 168.8361 456.1424
8 303.7663 411.7492
9 304.1110 385.5638
10 304.9354 286.7290
11 302.1964 636.4793
12 302.2195 643.3922
13 302.3692 646.0413
14 302.2968 648.7917
15 302.3616 655.3939
16 302.2827 664.6599
17 302.2412 675.5928
18 301.9830 697.4194
19 301.7784 573.9082
20 284.8362 573.2159
21 106.4636 388.7158
22 221.8544 472.5065
23 203.5511 474.3947
24 186.1267 473.6028
25 162.9589 464.2768
26 237.4553 467.1556
27 198.6648 427.5588
28 217.6896 428.1744
29 180.8608 430.4196
30 168.6185 436.5987
31 149.0161 477.1609
32 232.8606 735.3034
33 162.8634 451.7332
34 98.0179 473.6602
35 128.9512 465.9088
36 210.1034 550.0659
37 279.5536 624.3190
38 283.0259 643.3098
39 256.5876 631.1112
40 242.0115 640.0823
41 266.4585 644.9978
42 253.2869 647.8483
43 220.7339 670.6297
44 286.1523 562.3367
45 283.9525 541.7978
46 139.5059 417.0006
47 246.8996 500.8958
48 242.1738 558.4413
49 241.3615 548.0739
50 154.9493 550.3250
51 285.3426 517.2064
52 183.7407 395.1684
53 157.3967 402.3085
54 123.3668 350.7662
55 265.2922 408.7836
56 234.7512 433.1600
57 205.8304 653.6369
58 116.5289 658.5177
59 255.8671 569.7037
60 272.1601 575.7515
61 226.6888 652.6347
62 234.5584 651.2407
63 147.1719 389.3872
64 241.7037 567.4364
65 219.1085 395.9401
66 215.7910 378.5751
67 197.2166 298.7639
68 135.7105 368.4361
69 208.5405 335.7574
70 128.7078 408.9242
71 117.6348 399.2036
72 280.9194 635.5385
73 262.1578 639.7209
74 247.8649 644.2689
75 260.9903 573.1545
76 230.8253 652.0408
77 238.8240 653.4784
78 236.2908 650.4135
79 265.8364 562.8995
80 256.5958 646.6391
81 270.1336 645.6856
82 285.4862 645.7975
83 278.8406 697.4999
84 281.1344 674.7893
85 282.1295 663.1556
86 283.1896 654.1704
87 284.5230 648.5387
88 254.5307 649.3360
89 252.2043 651.0499
90 248.9218 655.8190
91 245.5934 662.6704
92 225.5353 619.1120
93 97.9652 564.2391
94 301.9814 578.5922
95 245.8140 650.2918
96 242.6673 650.8835
97 278.6333 584.7877
98 249.0149 579.4915
99 275.5430 580.4567
100 227.3860 512.9965
101 197.6528 526.4563
102 238.4651 557.1104
103 152.0746 320.0589
104 164.6412 346.6166
105 177.2085 378.5001
106 235.9629 681.1298
107 259.4292 381.7788
108 253.5565 333.1543
109 246.6255 288.8654
110 171.2773 470.6776
111 130.0796 491.7431
112 247.5043 461.7046
113 148.0971 441.8260
114 260.1553 487.2983
115 253.8062 550.6781
116 111.2108 506.6831
117 142.3108 504.1979
118 165.8904 509.9449
119 200.6825 506.1227
120 226.3601 497.5999
121 245.8926 487.6508
122 285.2480 459.5765
123 113.6779 547.3444
124 133.0519 439.6333
125 292.5366 572.9220
126 248.4242 519.2603
127 94.3705 476.3338
128 260.4597 476.2072
129 237.3004 559.1563
130 157.6416 454.4162
131 253.4693 538.0852
132 103.6886 610.8072
133 247.5732 454.2259
134 269.1290 525.3744
135 153.8734 697.5701
136 155.7903 721.9090
137 97.6771 556.4746
138 131.3894 673.0911
139 107.5305 433.6051
140 228.5511 756.4609
141 294.5620 577.7874
142 231.9438 534.3840
143 114.0209 470.8656
144 186.7900 461.6819
145 202.7852 463.2630
146 234.6142 657.7744
147 117.1447 587.0127
148 262.2984 782.7329
149 206.9147 761.0228
150 183.0226 745.4236
151 304.5899 334.0589
152 300.8804 785.6233
153 218.4311 461.9171
154 233.1291 458.6658
155 242.6494 456.4999
156 120.5575 436.8058
157 231.7206 440.4071
158 215.9531 435.3778
159 200.0411 434.1280
160 183.7820 437.5794
161 173.5461 443.2855
162 97.6892 428.0641
163 175.9526 458.8855
164 302.2531 598.2456
165 241.6296 607.0113
166 255.3459 566.5370
167 276.8141 599.8146
168 303.5074 432.8148
169 178.4241 721.5153
170 202.3813 739.5466
171 261.3047 767.8949
172 134.5750 695.4462
173 242.8655 448.3425
174 272.6364 490.2956
175 301.2062 770.0383
176 232.6645 773.8033
177 103.6463 599.5447
178 268.2491 648.4487
179 265.8613 652.4548
180 263.6453 659.4698
181 261.5942 669.7820
182 255.2293 690.5391
183 241.7819 650.1547
184 236.5036 649.0422
185 231.2170 646.6604
186 212.0110 635.1955
187 140.5390 594.3487
188 273.0514 472.1431
189 263.2953 440.0815
190 251.0362 444.3945
191 245.4336 647.8483
192 139.0010 642.8949
193 279.7317 437.1648
194 243.2348 713.3084
195 302.6867 493.6596
196 285.6476 479.0647
197 302.9958 474.2799
198 259.2777 521.7201
199 301.4354 748.2819
200 301.7839 721.5216
201 271.6487 721.5195
202 201.4333 680.9996
203 222.9003 575.3323
204 220.8425 700.1415
205 180.6799 573.6202
206 205.9968 595.1023
207 164.7449 606.7041
208 264.4361 747.1388
209 248.0932 533.7490
210 184.6012 697.6665
211 208.8186 718.0233
212 185.9806 657.7232
213 122.0279 620.7198
214 162.2819 662.2098
215 113.1769 638.5858
216 191.4450 621.8209
217 260.7948 504.5768
218 259.7407 559.5200
219 247.5417 564.9357
220 267.9840 545.3731
221 248.7286 426.0894
222 218.9945 417.5948
223 193.2591 415.9883
224 171.5306 418.8401
225 156.0142 427.0700
226 145.2840 459.8590
227 95.1048 514.6361
228 158.8642 484.8089
229 177.5954 489.4313
230 201.4993 489.0164
231 224.6201 484.2417
232 242.8988 477.1066
233 255.5692 469.9077
234 95.9326 520.4160
235 248.4009 570.2272
236 272.2527 507.2429
237 273.1606 559.8634
238 283.7446 569.9393
239 273.2215 563.4753
240 254.2880 576.1915
241 286.9016 571.6463
242 288.7903 576.3269
243 254.2297 455.5378
244 265.6515 458.7982
245 271.6588 460.6517
246 167.6551 447.7106
247 158.8484 443.6062
248 318.6748 497.2603
249 438.8149 457.5126
250 319.3874 573.2155
251 502.3199 390.4874
252 385.4036 473.4530
253 404.0520 475.4586
254 421.5989 474.6942
255 444.6234 465.6202
256 369.6937 468.0082
257 408.8276 428.4747
258 389.5941 429.0218
259 426.9110 431.5581
260 439.2022 437.8361
261 458.6608 478.4297
262 371.0087 735.8004
263 444.7773 453.2143
264 510.0034 475.2798
265 478.8209 467.2019
266 396.0680 550.5901
267 325.1275 624.0494
268 321.7975 643.1036
269 348.6495 630.7423
270 363.4779 639.4639
271 338.8831 644.7587
272 352.3416 647.4055
273 384.8991 670.1651
274 317.7562 562.2943
275 320.2112 541.7958
276 469.0011 418.2711
277 359.3928 501.3844
278 362.3720 558.6530
279 363.3116 548.3156
280 452.0622 551.0485
281 319.3991 517.2818
282 424.9465 396.2265
283 451.1520 403.5852
284 485.9936 352.2641
285 342.6871 409.1030
286 372.5375 433.9807
287 400.1089 653.3416
288 488.4270 660.3284
289 348.7710 569.7692
290 332.4600 575.9632
291 379.2919 651.9601
292 371.5733 650.4233
293 461.7062 390.8581
294 362.9557 567.7227
295 389.3094 396.6513
296 393.1631 379.2785
297 412.8073 299.5176
298 473.4261 369.8521
299 401.2078 336.5708
300 479.9135 410.3088
301 491.1683 400.7756
302 323.8099 635.3847
303 343.1121 639.4180
304 357.7411 643.7245
305 343.7361 573.2602
306 375.0688 651.2262
307 366.9292 652.6753
308 369.7600 649.7512
309 338.6238 562.8530
310 349.0340 646.1670
311 335.2921 645.4198
312 319.5048 645.5735
313 325.5007 697.4910
314 323.7094 674.6631
315 322.8281 663.0211
316 321.7344 654.1728
317 320.4073 648.5135
318 351.0255 648.7864
319 353.2326 650.4873
320 356.4770 655.1799
321 359.6735 662.0532
322 380.0912 619.1297
323 508.7317 566.0289
324 359.9261 649.7056
325 363.0417 650.1873
326 325.7806 584.8360
327 355.7932 579.7714
328 328.9115 580.5452
329 378.9959 513.5903
330 409.1482 527.1245
331 366.3305 557.5072
332 457.7110 321.2069
333 444.9756 347.7094
334 431.7182 379.5341
335 369.3139 680.8694
336 349.3987 382.1859
337 356.1093 333.5695
338 363.5462 289.2612
339 436.4093 471.9757
340 477.6883 493.0209
341 359.6493 462.5293
342 459.9179 443.1770
343 346.2925 487.6746
344 350.5608 550.8534
345 496.2851 508.0678
346 465.1570 505.2301
347 441.4307 510.6974
348 406.3285 506.8681
349 380.3849 498.2585
350 360.7585 488.1778
351 321.4246 459.7705
352 493.4234 548.4668
353 475.0969 440.9412
354 311.3020 572.9205
355 357.3698 519.7692
356 513.4161 478.1755
357 346.3187 476.7381
358 367.6421 559.4680
359 449.9912 455.8236
360 351.1518 538.3567
361 502.1183 612.8023
362 359.7834 455.1031
363 335.6720 525.5428
364 450.9811 698.7221
365 448.3315 723.3639
366 509.0908 558.0702
367 473.7409 674.4239
368 500.9731 435.0982
369 374.6505 757.1054
370 309.4225 577.7743
371 373.8764 534.8591
372 493.7887 472.1894
373 421.0605 463.0140
374 404.9682 464.3868
375 370.9852 657.0226
376 489.4380 588.2008
377 339.5903 783.3057
378 396.1103 762.0436
379 420.4039 746.6519
380 389.0761 462.9199
381 374.2873 459.4845
382 364.7689 457.3775
383 487.8010 438.0237
384 375.8033 441.3763
385 391.5353 436.4214
386 407.4819 435.3712
387 423.7118 438.9320
388 433.9691 444.6240
389 510.6161 429.9372
390 431.7701 460.3147
391 363.5316 607.0416
392 349.3190 566.5347
393 327.8400 599.8413
394 425.8251 722.5388
395 401.2880 740.3538
396 341.2457 768.3636
397 469.7459 697.0377
398 364.5809 449.1627
399 333.4418 490.5922
400 369.9439 774.6625
401 502.5711 601.1228
402 337.0717 648.1202
403 339.3808 652.1196
404 341.5673 659.0622
405 343.5410 669.4017
406 349.7171 690.4616
407 364.2046 649.5151
408 369.2395 648.4077
409 374.5972 645.9882
410 393.8233 635.0158
411 465.9556 595.2501
412 333.5710 472.3880
413 344.1045 440.6736
414 356.2663 445.1722
415 360.4860 647.2610
416 466.8777 643.8854
417 327.4759 437.4734
418 361.2444 713.4487
419 320.3502 479.1895
420 345.8826 521.9772
421 332.3177 721.6753
422 403.8301 681.1685
423 382.5014 575.6360
424 384.0043 700.4042
425 425.7895 574.2030
426 399.8850 595.5283
427 441.5759 607.3472
428 338.8651 747.4153
429 357.0006 534.1634
430 420.1887 698.1511
431 395.6636 718.5600
432 419.8480 657.8413
433 483.9454 621.9276
434 443.2865 662.9044
435 492.4443 640.1022
436 414.6694 622.0666
437 345.0305 504.8751
438 344.6633 559.4683
439 357.0396 565.0645
440 336.3101 545.4918
441 358.8017 426.8031
442 388.8477 418.4293
443 414.8516 417.0376
444 436.7158 420.1132
445 452.1862 428.3980
446 462.5562 461.2426
447 512.2848 516.3009
448 448.7257 485.8897
449 429.9332 490.3409
450 405.7537 489.9153
451 382.3428 484.9625
452 364.1265 477.8255
453 351.4642 470.4831
454 511.2577 522.2728
455 356.1953 570.4381
456 333.1108 507.4120
457 331.0741 559.7725
458 320.4097 569.8955
459 331.0269 563.4299
460 350.4600 576.4121
461 317.1964 571.6107
462 315.3416 576.3541
463 353.0322 456.3060
464 341.4605 459.4147
465 335.3628 461.0662
466 439.8939 449.1667
467 448.9282 444.9436
