# Image: /home/yaroslav/Projects/Diia.AIContest-AdAstrum/fixtures/FLUXSynID-processed/00c1610e4785/00c1610e4785_m_live_0_p_d1.jpg
# Mode: stream
# Status: fail
# Errors: strong_shadows_on_face: Strong shadows or uneven lighting detected (difference: 33.3); face_too_small_in_frame: Face occupies only 45.0% of frame (min: 50.0%); hair_covers_part_of_face: Possible hair occlusion detected (score: 0.210)

# 2D Landmarks (index x y)
0 299.8088 596.6036
1 308.7649 528.5951
2 303.4946 551.8003
3 295.8662 464.5826
4 310.6953 508.1958
5 311.5831 482.7320
6 312.4952 423.7427
7 173.4959 415.9771
8 315.1237 376.9751
9 317.6438 350.6258
10 323.3053 266.0611
11 298.9051 606.0519
12 297.7800 613.1481
13 296.7124 616.0606
14 296.4237 618.5876
15 296.1376 625.6104
16 295.3909 635.0759
17 294.1436 645.6648
18 290.7242 665.2418
19 306.6833 539.6646
20 289.2193 538.2779
21 110.7313 344.6992
22 225.6621 437.4608
23 206.8449 437.9743
24 189.4750 435.4116
25 166.8947 423.1703
26 242.2199 432.8857
27 207.2190 385.0004
28 226.4897 387.8497
29 188.5784 386.6220
30 175.1094 392.6302
31 151.8006 434.8283
32 218.8038 693.7681
33 167.8423 410.1355
34 96.4382 426.0821
35 131.9014 420.3108
36 212.6045 512.2552
37 278.5757 592.3067
38 279.4300 611.7583
39 255.3751 597.7163
40 239.3868 605.5695
41 262.8958 612.5057
42 249.1025 614.3586
43 212.1825 632.9301
44 293.4028 527.1230
45 292.8167 507.5119
46 147.0335 367.8186
47 251.6125 466.5308
48 248.8825 522.3384
49 247.7992 512.4144
50 156.0364 508.2065
51 294.7456 483.8543
52 193.7370 347.1425
53 166.7732 353.1805
54 132.6918 309.0666
55 275.4731 368.8978
56 243.2252 395.4751
57 199.8235 615.3088
58 99.5338 607.3388
59 261.1344 533.9372
60 275.9204 541.0435
61 221.2812 617.0481
62 228.7566 616.0571
63 156.7116 339.7839
64 247.1806 531.7532
65 229.3244 350.6741
66 227.4550 334.0012
67 214.8483 266.4440
68 145.0913 323.6994
69 223.3263 298.9868
70 135.9557 359.3702
71 123.4900 352.9047
72 278.6484 603.7377
73 259.8069 606.8015
74 244.6016 610.2948
75 265.5429 538.0018
76 225.3477 616.8687
77 232.7596 618.5493
78 230.1759 615.1665
79 272.4195 526.5895
80 251.8202 613.5085
81 265.5955 613.6437
82 280.7147 614.5621
83 267.7238 663.3664
84 272.8130 643.0034
85 275.1920 631.7763
86 277.2284 622.7402
87 278.8461 616.9678
88 248.4665 615.4929
89 246.1099 617.2395
90 242.4328 621.6434
91 238.4140 627.8267
92 224.6815 582.6303
93 86.1881 513.9178
94 305.1495 544.6365
95 239.5540 615.8402
96 236.6752 616.4408
97 281.3292 550.3718
98 252.4972 544.5662
99 278.7707 545.8720
100 231.0910 477.3393
101 200.3887 488.3283
102 243.7867 521.5271
103 165.7022 281.9589
104 176.6039 304.5761
105 187.9938 330.8761
106 226.3920 644.2226
107 272.0261 341.9564
108 269.8320 302.2586
109 265.8503 262.4077
110 174.6791 430.8990
111 131.5977 447.6865
112 253.1829 427.8029
113 153.6498 396.5982
114 265.9026 453.8517
115 261.3940 514.5037
116 110.7879 460.4260
117 143.9727 461.6118
118 168.1021 469.5284
119 203.3023 468.5808
120 229.6776 462.0975
121 250.2809 453.4997
122 294.1838 427.8038
123 111.6757 500.8493
124 138.4492 392.3951
125 297.8102 538.0591
126 253.5406 484.6553
127 88.7857 428.5723
128 266.0870 443.0146
129 241.3288 523.6936
130 162.1396 411.6533
131 260.8777 502.7217
132 88.9460 559.7693
133 253.7637 420.2918
134 277.5868 490.9728
135 140.2896 650.0353
136 137.2108 672.8013
137 91.0740 507.0631
138 119.2614 623.8888
139 109.8171 387.0111
140 211.9453 713.1933
141 298.2579 543.3412
142 235.7229 498.5242
143 115.5666 423.8941
144 190.9376 424.2326
145 206.8850 427.3031
146 228.1359 622.3151
147 112.8980 539.4794
148 242.4366 741.0777
149 187.0844 715.1348
150 163.6100 697.9841
151 320.7336 308.3247
152 280.6063 746.7123
153 223.0953 427.1371
154 238.3790 424.5415
155 248.3972 422.6079
156 125.0700 388.6727
157 238.7540 404.7220
158 223.1857 398.0451
159 207.2895 395.4566
160 190.6032 397.5226
161 179.7981 402.4024
162 97.1135 382.3059
163 180.3895 420.0219
164 302.0890 565.9536
165 242.3065 571.7458
166 261.3060 530.3858
167 277.6859 566.4183
168 312.9452 401.0262
169 163.0335 675.3160
170 186.3389 694.5382
171 244.2541 727.1158
172 116.6168 644.9420
173 249.4892 413.8950
174 280.2592 457.2722
175 283.6804 732.1351
176 212.8786 729.8267
177 94.5019 549.4480
178 262.5523 615.6302
179 259.9338 619.5345
180 256.9679 626.3551
181 253.7545 636.1655
182 244.6767 654.7565
183 236.9215 615.6199
184 232.1734 614.1583
185 227.2188 611.2755
186 209.0684 597.7436
187 138.4556 549.3879
188 280.4566 439.5195
189 271.0620 405.7325
190 258.4627 409.5958
191 240.2539 613.6335
192 131.6427 596.1186
193 288.6593 403.2338
194 230.9607 674.3496
195 311.9041 462.3817
196 294.6474 446.9716
197 312.1240 443.6460
198 265.8425 487.2899
199 286.3642 711.7529
200 288.8166 687.1547
201 258.9166 684.7895
202 191.3584 640.2217
203 224.8098 538.5669
204 208.9386 660.0141
205 181.7048 533.0326
206 206.0202 556.7765
207 162.9179 564.0198
208 249.8101 707.8243
209 253.5696 498.7242
210 172.3513 653.8732
211 195.3515 675.1378
212 178.7167 616.4149
213 115.1581 572.6429
214 153.7666 617.7591
215 101.9486 588.3334
216 189.0770 582.1346
217 267.1152 470.7173
218 266.9529 523.0441
219 253.9248 528.7384
220 276.4076 509.7332
221 257.3902 387.9271
222 228.1327 375.2076
223 202.3729 371.3194
224 180.1147 373.0103
225 163.4573 380.9933
226 148.9232 415.8436
227 90.9378 465.9626
228 161.5165 443.5961
229 180.1857 450.1072
230 204.3549 451.8176
231 228.0458 448.8907
232 247.3510 442.8892
233 260.8375 436.4062
234 86.8827 471.2814
235 253.7602 534.5174
236 280.3309 473.5918
237 280.5855 523.7927
238 289.0225 534.6656
239 279.8508 527.4764
240 258.5449 541.1782
241 292.3255 536.4491
242 292.8456 541.5407
243 260.7586 421.7347
244 272.1309 425.7973
245 278.7011 427.8612
246 173.2898 406.3129
247 164.4762 399.7553
248 326.3765 467.2220
249 434.6741 439.4543
250 320.7408 540.8247
251 492.0329 380.0486
252 383.5552 451.9208
253 401.3678 455.4095
254 417.7093 455.5185
255 438.3636 447.2659
256 368.6094 444.6651
257 410.1774 404.6372
258 391.6034 403.8811
259 426.9093 409.3646
260 437.4817 417.2453
261 449.6406 460.9554
262 351.2509 703.2362
263 440.0502 434.8723
264 491.5819 460.7041
265 467.8328 449.8921
266 388.5412 526.7154
267 320.7764 595.3777
268 314.9740 614.3114
269 340.4379 603.7150
270 352.2357 613.4548
271 329.4411 617.1941
272 340.6616 620.8166
273 368.9934 644.4089
274 323.2033 529.5022
275 327.2337 510.3049
276 466.4629 397.8449
277 358.2668 475.7790
278 358.9807 531.2704
279 360.2662 521.4496
280 438.1981 531.3622
281 327.1663 486.6772
282 431.5259 370.7147
283 453.3154 380.8819
284 482.6114 342.1557
285 353.6566 376.7356
286 374.3313 408.3307
287 383.5015 628.8853
288 451.6748 635.3824
289 345.2234 540.7415
290 330.4634 545.4779
291 364.2062 627.4230
292 356.7538 625.2447
293 463.6560 369.5732
294 357.5317 540.6131
295 399.4306 367.7285
296 404.5411 351.7659
297 422.8192 286.7547
298 473.6299 354.8323
299 412.6905 317.7046
300 476.1530 391.3382
301 484.4391 386.3563
302 318.2386 606.6243
303 334.3380 611.9919
304 346.5941 617.4145
305 340.0120 543.9453
306 360.2471 626.4843
307 353.8041 627.4119
308 354.9206 624.0860
309 338.9903 531.9804
310 336.8524 619.5332
311 325.1536 617.8860
312 311.5778 616.8044
313 312.8471 666.7379
314 314.5060 646.1602
315 314.9209 634.8289
316 314.3702 625.5808
317 313.0825 619.5679
318 339.7504 622.0307
319 341.9852 624.1915
320 345.1288 629.1428
321 347.8396 635.9846
322 368.6344 593.4910
323 477.1925 546.9103
324 346.8970 623.5401
325 350.1209 624.6422
326 324.2265 553.6847
327 349.3836 552.2083
328 327.1150 549.7894
329 375.4149 489.6547
330 402.2172 505.2052
331 361.3063 530.9776
332 461.3328 310.4497
333 451.4619 331.2584
334 439.2779 355.6649
335 354.3316 653.4536
336 362.5083 351.2818
337 370.1892 312.1949
338 378.2309 273.4184
339 430.9564 453.4784
340 465.1085 476.4438
341 359.2603 437.8084
342 454.6020 424.2712
343 347.6971 461.0671
344 350.9191 521.8959
345 479.2886 492.0067
346 453.9543 487.9683
347 432.8136 491.8796
348 401.1995 485.4839
349 377.6706 475.0051
350 359.8675 463.2375
351 328.4335 430.9825
352 473.0627 530.9558
353 468.1347 422.2015
354 315.2661 539.5313
355 355.4917 493.3080
356 490.7349 464.0682
357 347.3394 450.5107
358 361.2454 533.2708
359 444.1578 437.3018
360 351.4365 510.1530
361 467.5581 591.0005
362 359.1958 430.3663
363 340.2248 496.1558
364 421.3325 671.0360
365 414.7876 693.3821
366 482.6898 539.9979
367 441.4868 648.7103
368 488.3571 421.0712
369 352.6715 723.0645
370 311.9269 544.4015
371 369.0776 509.6427
372 479.8697 455.8376
373 418.5690 444.6418
374 403.2243 445.1436
375 357.3917 631.7588
376 464.9338 568.2359
377 317.7628 746.5173
378 369.3297 728.0766
379 390.7072 714.3797
380 387.6907 442.3610
381 373.4582 437.1739
382 364.1004 433.5943
383 478.8366 420.6137
384 376.0751 417.7090
385 391.6968 413.9176
386 407.3219 414.0936
387 422.4353 418.8677
388 431.3966 425.3674
389 494.4470 418.2930
390 428.4182 442.2245
391 355.0411 580.2355
392 346.6224 537.2679
393 324.9241 569.9569
394 399.0233 692.6281
395 376.8037 708.1858
396 321.7736 732.5932
397 433.4557 669.2560
398 364.4533 424.7084
399 337.9905 462.3304
400 346.0227 739.2946
401 472.5390 580.3675
402 327.8828 620.4316
403 330.0729 624.7463
404 331.9653 631.9454
405 333.1146 642.1301
406 335.8673 661.4649
407 350.3312 623.6657
408 355.6787 622.9219
409 360.9243 620.8907
410 379.3290 610.3585
411 444.8286 573.9683
412 337.8610 444.6597
413 347.6540 413.2112
414 357.3852 419.1631
415 346.5763 621.1559
416 439.9447 620.1862
417 334.4113 407.7120
418 343.9773 682.4482
419 327.8094 449.9440
420 346.7402 494.0206
421 317.1870 688.8659
422 384.9486 654.5352
423 373.8371 550.3868
424 365.7032 671.4577
425 412.9967 551.6713
426 388.1546 571.0600
427 423.4228 584.5742
428 321.4749 712.9320
429 354.5877 507.1158
430 397.4027 670.3941
431 374.3068 688.0879
432 400.6901 633.0645
433 456.2956 599.7768
434 419.6283 637.9602
435 460.0204 616.9483
436 398.8089 598.2422
437 346.3323 477.4739
438 344.9766 529.4212
439 353.7701 536.7807
440 340.3836 515.0721
441 364.1416 398.3983
442 393.9430 391.4242
443 418.5649 392.2930
444 437.9735 397.6913
445 450.2938 407.9723
446 454.4714 443.2301
447 489.6537 500.3088
448 440.7776 467.8510
449 423.8979 471.0803
450 401.8439 469.1508
451 380.0386 462.3925
452 363.0515 453.4240
453 351.6330 444.8863
454 483.6252 505.6725
455 351.5615 542.4237
456 337.9089 478.5029
457 334.4817 528.1577
458 322.8625 537.4281
459 333.0294 531.7549
460 345.2512 548.0475
461 320.4192 538.8206
462 317.0924 543.5685
463 353.1406 430.6536
464 343.1269 432.6623
465 338.5514 433.6342
466 436.3278 430.3107
467 444.8732 425.5955
