# Image: /home/yaroslav/Projects/Diia.AIContest-AdAstrum/fixtures/FLUXSynID-processed/012a19e5dc0c/012a19e5dc0c_m_live_0_a_d1.jpg
# Mode: stream
# Status: fail
# Errors: image_blurry_or_out_of_focus: Image is blurry (sharpness score: 20.80); strong_shadows_on_face: Strong shadows or uneven lighting detected (difference: 39.8); face_not_looking_straight_at_camera: Head is tilted up/down 35.6째 (max: 10.0째); head_is_tilted: Head is tilted 13.8째 (max: 10.0째)

# 2D Landmarks (index x y)
0 356.1333 628.3393
1 384.1488 548.2249
2 351.7821 578.9559
3 342.0316 483.0289
4 384.6104 525.1330
5 372.3503 499.3994
6 332.7263 438.9998
7 156.6347 441.5104
8 318.4195 394.3955
9 318.4678 366.4999
10 295.2601 264.0207
11 354.7194 639.8656
12 350.4166 649.7990
13 344.1785 655.0153
14 340.1118 701.0169
15 343.3499 711.7691
16 345.0921 724.5103
17 343.6789 738.4646
18 334.8189 756.5934
19 375.0161 562.7374
20 344.2324 565.9954
21 -5.7570 360.1852
22 220.7911 458.0110
23 201.3198 459.9359
24 178.9333 459.7224
25 140.4486 449.8271
26 236.3654 451.9960
27 195.6885 400.4150
28 217.2549 401.6550
29 171.7320 403.7504
30 153.0156 411.6935
31 117.7745 466.0001
32 246.1206 788.2551
33 144.1905 437.4114
34 -6.4139 462.3124
35 79.6625 453.3041
36 225.0895 548.7350
37 329.0428 626.0333
38 326.4724 651.4970
39 293.0974 637.9898
40 266.5292 651.4470
41 299.9323 656.3876
42 277.1817 662.4595
43 219.5694 705.0068
44 367.4832 548.5452
45 365.2687 526.6453
46 112.4909 394.8798
47 260.6105 491.3871
48 288.5589 552.6607
49 280.9803 541.5518
50 146.8036 551.8817
51 354.4925 502.5364
52 186.9728 369.2082
53 147.2028 377.6868
54 42.4335 317.4048
55 281.3467 388.1210
56 233.9128 408.4713
57 204.4987 677.8001
58 -13.1896 699.0768
59 302.0973 565.6324
60 319.5162 572.2329
61 225.7807 678.0748
62 235.1433 677.6106
63 127.8350 363.8748
64 280.0178 564.4744
65 232.0041 371.2763
66 228.3179 352.9928
67 173.5925 265.4740
68 88.5495 340.0346
69 205.9833 306.2964
70 87.4750 386.7656
71 43.3169 374.6088
72 328.7156 640.1736
73 298.7347 648.7159
74 273.1137 657.0318
75 304.7587 570.4013
76 231.1611 678.1159
77 244.1702 689.7157
78 236.7222 676.9141
79 327.9450 554.3569
80 275.6530 661.9301
81 298.2090 658.1196
82 321.8974 655.6063
83 302.9480 756.0750
84 312.1953 735.8902
85 315.7641 722.0372
86 316.6310 708.9600
87 315.9006 700.0198
88 268.9942 692.2352
89 266.7203 694.9307
90 261.7803 701.0279
91 256.3321 708.3608
92 247.7705 628.8031
93 -53.1462 575.6934
94 363.4226 570.2697
95 252.9327 687.2667
96 249.4409 687.9489
97 325.8019 581.8227
98 281.4994 579.4663
99 323.2655 577.3171
100 237.4737 505.2930
101 204.5094 521.2957
102 271.5716 553.1498
103 101.8998 285.0826
104 141.4839 316.3068
105 176.2327 351.8122
106 241.9019 725.3816
107 276.8218 358.8033
108 258.9174 306.6003
109 235.5478 259.7817
110 155.9104 456.7258
111 88.6716 483.1273
112 246.6294 445.6037
113 118.3387 422.9919
114 277.7978 476.1626
115 313.5300 540.7087
116 50.6012 501.7191
117 116.5370 496.8148
118 156.1986 502.7855
119 201.4637 497.4393
120 230.2864 487.5947
121 252.1615 476.3518
122 313.3079 444.8124
123 60.5299 550.9528
124 92.1851 421.9586
125 365.5870 562.2887
126 270.0876 511.4920
127 -56.5453 465.0455
128 269.3587 463.7241
129 260.7616 556.7327
130 130.1177 437.2600
131 303.8201 527.9754
132 -41.5217 635.2924
133 242.9557 438.8858
134 330.7168 512.5633
135 106.8430 747.2870
136 82.7483 782.0996
137 -4.6775 564.8901
138 61.5114 717.0134
139 14.6764 414.4826
140 237.7915 815.9976
141 356.2418 569.5588
142 248.6057 529.3212
143 47.3480 459.2871
144 184.5839 445.9819
145 203.4626 447.3797
146 237.4418 693.2249
147 61.5820 600.9907
148 276.8627 848.2664
149 183.8092 826.3708
150 138.3876 809.1066
151 309.4862 312.5726
152 323.3441 846.5895
153 218.1974 446.0572
154 230.8618 442.6165
155 239.0486 440.3097
156 62.3932 419.0231
157 228.8547 430.0317
158 213.2092 427.4397
159 197.5332 427.4137
160 178.8535 429.5568
161 164.6837 432.7384
162 -37.2808 406.1349
163 169.3805 443.9600
164 351.1380 595.3893
165 272.0351 612.5496
166 306.7251 560.9279
167 323.2444 599.6954
168 319.9457 417.2995
169 150.1329 775.2529
170 191.2272 796.8582
171 287.7824 827.5061
172 31.8041 749.0462
173 239.0707 435.1813
174 309.1223 478.0861
175 335.0893 826.0098
176 230.9633 840.0738
177 1.9688 620.1587
178 292.1630 696.5640
179 290.1060 702.8589
180 286.6980 712.7779
181 282.8002 724.8520
182 269.3263 743.4005
183 252.7783 669.4306
184 248.0120 666.9954
185 241.7808 663.5072
186 224.0774 650.9024
187 116.8681 608.0098
188 295.7768 458.9243
189 265.3449 421.4427
190 249.2117 424.1117
191 254.2260 666.9303
192 97.0466 673.3155
193 292.0188 420.0663
194 255.6627 764.0628
195 358.3966 479.2172
196 327.8350 464.9280
197 345.8125 459.9272
198 298.0069 511.9516
199 338.7418 800.6782
200 336.2836 775.2918
201 297.8468 776.1032
202 196.1828 717.5810
203 242.0776 577.4389
204 221.5049 744.4373
205 190.5102 579.2620
206 223.0414 602.8552
207 163.5668 621.5875
208 294.3142 801.6334
209 277.2954 526.4482
210 170.0703 741.6391
211 205.7645 767.3070
212 180.3570 685.3669
213 63.2642 645.0001
214 140.3161 696.6574
215 20.3744 671.8493
216 200.7996 636.5256
217 289.5730 494.5274
218 322.7602 550.4478
219 297.4402 559.5410
220 340.1605 532.2613
221 253.7174 402.6066
222 223.5679 390.5677
223 193.9928 387.9296
224 163.7716 392.1273
225 137.3488 403.4664
226 108.3700 445.2661
227 -7.9699 512.7245
228 137.1267 473.9778
229 166.6135 478.6916
230 198.3197 477.5242
231 224.3759 471.7469
232 243.6075 463.7295
233 257.5133 456.0101
234 -58.2934 520.3025
235 291.7507 566.9782
236 321.1726 495.0261
237 347.9620 548.4265
238 350.5368 561.3326
239 341.1858 554.0774
240 293.0642 574.6799
241 357.8299 561.8024
242 349.5381 569.0007
243 253.2133 438.3324
244 268.0035 443.4035
245 281.6095 445.9046
246 154.3679 435.3267
247 135.7934 422.6937
248 369.8786 482.8972
249 394.1934 445.1696
250 374.2704 565.0362
251 385.2048 386.1303
252 360.4997 460.2167
253 374.2526 462.7264
254 386.3388 462.8969
255 394.3361 454.0235
256 349.7652 454.0335
257 379.8724 410.1990
258 364.5226 411.1178
259 392.6803 413.5841
260 398.5351 421.1045
261 402.1733 470.8096
262 379.7475 771.5159
263 395.2294 442.1274
264 390.9513 471.7754
265 402.6916 459.6810
266 396.9389 547.2698
267 374.0740 625.4703
268 363.9205 650.1819
269 386.2196 634.5680
270 388.1341 648.1519
271 371.5148 653.3929
272 374.5377 659.2555
273 387.4895 697.3358
274 394.6116 548.2010
275 396.4711 526.4182
276 411.4616 405.8897
277 363.1494 491.8580
278 397.5197 550.4030
279 392.8454 539.9655
280 423.0130 549.6628
281 384.1308 502.1565
282 394.8962 380.0765
283 407.6097 389.2857
284 388.2694 345.4415
285 344.7529 391.8459
286 350.8596 416.4030
287 395.0535 670.9540
288 361.6290 678.3074
289 384.7739 563.4234
290 373.1552 570.8028
291 383.3464 674.7810
292 374.6405 673.8876
293 408.7390 377.9669
294 391.0056 562.2231
295 374.3922 379.6443
296 377.0202 362.7606
297 363.7932 285.8824
298 399.9051 360.5332
299 371.4945 320.9049
300 410.4240 399.8739
301 399.9204 394.0070
302 370.5141 639.2071
303 379.8454 645.4072
304 382.5181 653.5941
305 378.7162 567.9876
306 379.7755 674.7826
307 378.7844 686.0295
308 370.9976 672.3485
309 391.2592 552.1697
310 366.7292 658.9615
311 363.2857 655.7556
312 356.2832 655.0179
313 357.3190 752.5107
314 365.0773 733.6930
315 364.7640 720.0666
316 360.5613 707.4557
317 355.1603 698.6376
318 366.7750 688.8397
319 371.6433 691.6133
320 377.9343 697.1480
321 382.0114 703.8865
322 396.3702 624.6219
323 356.5528 572.2107
324 367.9180 683.5188
325 373.9709 684.2619
326 368.4776 580.2850
327 381.1767 576.7891
328 371.0590 575.9464
329 375.5903 505.6889
330 397.9060 521.6930
331 389.8318 551.3081
332 381.0275 311.4205
333 389.5614 335.4367
334 396.6788 364.4741
335 381.8059 716.6983
336 350.2557 365.0245
337 345.9245 315.0117
338 337.0160 271.4119
339 392.9231 460.1346
340 410.7773 487.4661
341 343.1666 447.8978
342 403.3117 430.6194
343 355.7316 476.6232
344 399.4948 538.9618
345 415.3057 504.8115
346 415.2269 499.8612
347 409.5772 504.8598
348 387.5079 499.0610
349 368.0771 488.6181
350 354.9401 477.2522
351 345.2065 445.5644
352 425.0487 548.4891
353 406.3847 430.8580
354 381.5803 562.0090
355 370.8363 511.1728
356 361.3794 477.5228
357 346.2930 464.7885
358 382.6647 554.8953
359 396.6591 443.1074
360 392.1715 526.4709
361 360.3566 623.2904
362 340.6157 441.0848
363 389.6711 511.6790
364 392.6834 720.3618
365 372.9345 750.7853
366 400.3945 561.5748
367 394.7471 692.5430
368 394.3213 430.3931
369 379.4816 795.2498
370 368.9184 569.5932
371 379.8128 528.8546
372 402.5179 466.2482
373 386.1482 449.4453
374 374.9588 450.5898
375 382.1896 688.9930
376 422.1082 592.1926
377 355.7404 835.5037
378 373.5834 798.6999
379 374.3063 778.0293
380 362.7908 448.9500
381 351.7463 444.9989
382 344.5535 442.6609
383 404.5587 430.2927
384 350.4132 433.5080
385 361.7731 432.1792
386 374.3800 431.7258
387 385.6529 433.5213
388 391.4870 437.0326
389 375.4541 427.0584
390 391.4798 447.3640
391 390.0993 608.8706
392 389.1801 558.7185
393 371.6752 597.9816
394 388.7712 748.3506
395 383.1548 770.8779
396 366.2349 815.6517
397 366.4461 721.2020
398 344.2491 437.1983
399 363.4597 478.2724
400 369.8592 818.3807
401 399.3506 609.2876
402 363.2277 694.1478
403 368.8212 700.0748
404 374.3181 709.5303
405 377.5669 720.9154
406 373.3958 736.4712
407 375.0777 665.5766
408 381.6646 663.6724
409 386.5579 660.2340
410 397.9396 645.8195
411 422.6830 599.1941
412 349.9150 459.6070
413 334.5314 424.0971
414 339.3009 428.2375
415 368.4021 663.1673
416 409.8347 656.0478
417 333.3647 421.6281
418 373.8811 751.4940
419 358.3684 465.2640
420 377.3463 511.0750
421 360.1785 769.3123
422 393.7400 703.6892
423 390.8804 574.6241
424 384.1280 729.7932
425 414.0045 574.8222
426 401.6096 598.4001
427 416.2803 612.7718
428 367.2084 792.3895
429 378.7062 525.3964
430 396.0673 720.6847
431 385.7767 746.5159
432 402.2815 673.5679
433 414.6308 630.7974
434 406.2537 678.6835
435 396.3399 653.4922
436 405.4526 629.9871
437 366.4015 494.4442
438 397.1206 548.1841
439 395.1490 557.2686
440 400.0147 530.9560
441 345.5237 407.5684
442 367.6176 398.3149
443 386.7656 397.7822
444 400.6190 403.0336
445 405.9383 413.4835
446 399.2588 451.1100
447 397.0417 516.1876
448 402.4165 477.8203
449 395.4304 481.7601
450 379.8314 479.8920
451 362.3680 473.4693
452 349.8496 465.2448
453 341.9337 457.6465
454 354.5632 524.7548
455 388.8217 564.6074
456 375.4584 494.4296
457 398.0621 546.4659
458 382.2543 559.8506
459 391.1008 551.8206
460 381.2406 572.3637
461 383.5941 561.1920
462 372.2923 568.2428
463 337.7025 440.8523
464 334.9586 445.2803
465 338.5638 447.5345
466 394.1593 439.7288
467 400.1141 430.2580
