# Image: /home/yaroslav/Projects/Diia.AIContest-AdAstrum/fixtures/FLUXSynID-processed/013ac0993ed2/013ac0993ed2_f_doc.jpg
# Mode: stream
# Status: fail
# Errors: face_not_looking_straight_at_camera: Head is turned 179.4째 (max: 15.0째); head_is_tilted: Head is tilted 14.5째 (max: 10.0째); face_too_small_in_frame: Face occupies only 41.4% of frame (min: 50.0%)

# 2D Landmarks (index x y)
0 305.2938 601.4747
1 306.3689 530.1541
2 305.6285 551.9542
3 290.7324 463.8294
4 306.2962 509.4719
5 306.1588 482.5344
6 305.8543 417.4406
7 173.1761 414.4934
8 305.6585 373.4042
9 305.7475 347.0149
10 304.9207 244.3926
11 305.2593 611.3220
12 305.3176 617.3043
13 305.4662 618.6630
14 306.0167 618.6677
15 306.2122 625.3274
16 306.3218 633.9963
17 306.5276 644.1011
18 306.7232 662.2905
19 306.1268 540.6210
20 290.2202 539.1662
21 103.3101 341.3988
22 226.6291 432.9509
23 207.8206 434.5651
24 190.1694 433.5310
25 167.1213 423.1377
26 242.7975 427.6665
27 203.1499 386.9187
28 222.5829 387.3117
29 185.2222 390.1577
30 172.9012 396.2800
31 151.7618 436.5383
32 239.5592 696.3730
33 167.0442 409.6262
34 96.2903 428.3844
35 130.3709 424.4518
36 215.3424 515.6526
37 283.3697 598.0565
38 286.1989 616.4593
39 260.8535 602.8750
40 245.0065 609.6854
41 269.4584 616.7794
42 255.2082 617.5793
43 222.0523 636.2259
44 291.4158 529.7009
45 289.0470 510.1118
46 142.2693 378.2475
47 251.9193 464.3386
48 249.9355 525.4608
49 248.7965 514.7451
50 159.0704 514.5654
51 289.7995 484.9716
52 187.8002 357.9285
53 161.0532 364.5275
54 121.3651 304.7354
55 268.8143 370.9027
56 239.9490 392.3425
57 207.4522 618.8659
58 118.7005 612.7430
59 262.9451 536.2189
60 278.0902 542.2315
61 226.3596 618.2753
62 233.4131 616.9798
63 149.9914 351.3676
64 249.2465 534.2467
65 223.2538 358.6134
66 219.3364 341.4523
67 197.1710 255.8596
68 136.1200 326.5362
69 210.1455 296.2011
70 130.2325 369.2715
71 116.7313 355.7050
72 284.4638 609.4810
73 265.9971 611.8184
74 250.3687 614.1061
75 267.6727 539.7820
76 230.0696 617.8448
77 238.8052 620.2602
78 235.1024 616.2478
79 272.6670 529.0507
80 258.1778 615.8591
81 272.7897 616.7143
82 288.4736 617.8290
83 283.1133 663.0968
84 284.7387 643.2696
85 285.3178 632.3809
86 286.2096 624.0039
87 287.3945 618.2023
88 255.1735 617.2514
89 253.1236 618.9825
90 250.0225 623.4813
91 247.1772 629.8650
92 230.4764 586.8172
93 96.8846 516.6547
94 305.9068 544.8861
95 245.5866 617.2999
96 242.4144 618.0139
97 283.9980 551.7049
98 255.9367 546.4278
99 281.1841 547.0705
100 232.5593 476.6901
101 202.2988 490.7845
102 245.7786 523.6436
103 151.1650 275.6559
104 166.0487 306.0295
105 180.6902 341.0628
106 238.7099 646.9883
107 262.3863 344.1082
108 254.8198 293.4764
109 246.7820 246.4574
110 175.3897 430.0662
111 131.7055 451.5066
112 253.3139 422.1914
113 151.3415 401.2991
114 264.7071 450.6768
115 260.9725 517.5894
116 112.0739 465.4927
117 144.9100 465.6421
118 169.4991 472.6703
119 205.0164 468.8341
120 231.0938 459.9293
121 250.5885 449.8035
122 288.6329 423.0954
123 115.9505 507.6952
124 134.9227 399.1478
125 297.4335 539.6859
126 254.2698 483.9168
127 90.4669 427.5712
128 265.0453 438.3552
129 244.2799 525.0713
130 161.8801 412.7535
131 260.2960 504.7743
132 104.1612 564.2290
133 253.4552 414.0503
134 274.6154 492.6762
135 160.3551 656.4515
136 162.6868 677.4094
137 98.4411 512.9061
138 136.2870 631.3933
139 105.7727 388.7312
140 236.7852 714.1451
141 299.1591 544.0295
142 237.7280 499.2217
143 114.1513 428.4315
144 191.1752 421.0483
145 207.1994 423.0647
146 234.9063 624.2690
147 120.4340 547.4452
148 270.7071 736.5338
149 216.3297 715.8096
150 191.8536 700.7359
151 305.3128 293.9325
152 307.3721 738.7575
153 223.2644 421.9102
154 238.6353 418.6438
155 248.5394 416.4245
156 120.9838 395.2403
157 236.7020 397.0883
158 220.3614 390.4994
159 203.7131 389.2976
160 187.0587 393.4161
161 177.1000 400.0252
162 93.8807 379.7802
163 180.2944 417.7870
164 305.6393 567.6518
165 247.7194 575.2368
166 262.6148 533.0039
167 281.5935 569.4217
168 305.6700 394.6055
169 186.0988 680.2262
170 210.5753 697.5388
171 268.8438 725.6585
172 139.1494 650.4729
173 248.4119 407.0594
174 276.9388 455.3732
175 307.4720 726.5868
176 241.9876 728.1349
177 105.5871 556.4447
178 270.1211 617.4452
179 267.9536 621.4452
180 266.0171 628.0777
181 264.4194 637.6746
182 258.8595 656.2136
183 241.9047 617.5188
184 237.2170 616.4435
185 232.3456 613.9645
186 215.0923 601.8962
187 144.9042 557.6115
188 277.0064 435.5560
189 267.9638 400.6139
190 256.2846 404.2609
191 245.5267 615.1752
192 143.6401 604.2375
193 283.1654 398.6282
194 248.3031 676.8033
195 306.1016 460.3242
196 289.2654 444.4029
197 305.9455 439.6088
198 265.1754 487.5723
199 307.3838 708.3064
200 307.0705 684.2053
201 276.8152 685.0814
202 205.2995 645.1786
203 229.0563 541.6719
204 225.3631 663.8983
205 185.5557 539.4155
206 211.2679 561.8115
207 169.6334 571.6684
208 270.7757 708.4219
209 254.6719 499.2115
210 190.7327 659.4131
211 215.2656 679.0644
212 189.6047 622.1916
213 126.0538 580.8626
214 167.4428 624.8732
215 116.3064 595.9917
216 195.7807 588.0324
217 265.9982 469.3877
218 266.7547 526.0516
219 255.2095 531.8435
220 274.0943 512.7148
221 253.5329 386.9303
222 223.6203 378.9065
223 197.6556 377.6971
224 175.7264 380.2043
225 159.8649 387.6507
226 148.1823 418.5188
227 94.4534 470.1625
228 162.3572 445.0485
229 181.3139 450.5018
230 205.8103 450.1867
231 229.3107 445.3573
232 247.8129 438.1646
233 260.5920 430.9951
234 93.2435 471.9246
235 255.7888 537.0324
236 277.0755 473.5159
237 279.1914 526.6215
238 289.2011 536.0984
239 279.5002 529.7233
240 261.2028 543.0819
241 292.2206 538.1738
242 293.8806 542.4945
243 259.8850 415.9652
244 270.5283 419.8841
245 275.9045 422.4778
246 171.4881 405.0597
247 163.0620 402.6855
248 321.4369 463.7384
249 437.4089 411.7899
250 321.5081 539.0623
251 503.5197 339.8003
252 384.4292 431.3619
253 403.4612 432.7599
254 420.9568 431.5087
255 443.1122 420.4098
256 368.0940 426.2706
257 407.5112 384.2265
258 387.5678 385.0790
259 425.6481 387.3825
260 437.9475 393.2581
261 458.2367 434.2336
262 374.7389 695.3391
263 443.2561 406.6410
264 510.3265 425.8533
265 478.6677 421.7091
266 396.1964 514.9882
267 327.2085 597.9255
268 324.5829 616.3919
269 349.7175 602.9213
270 365.5173 609.6347
271 341.2589 616.8817
272 355.4446 617.5888
273 389.3587 635.8426
274 321.1344 529.5373
275 323.5062 509.9213
276 468.6282 374.7040
277 359.4463 463.8774
278 361.2232 525.4147
279 362.1812 514.6415
280 452.1037 512.9422
281 322.5495 484.8285
282 424.0716 354.7113
283 450.4566 361.0319
284 486.7583 303.1344
285 342.6751 369.6537
286 370.2348 390.6291
287 403.3103 618.4232
288 487.0437 609.7983
289 348.2927 536.2278
290 333.3130 542.4892
291 384.0733 618.4320
292 377.0483 617.1956
293 461.3756 347.8007
294 361.6298 534.5415
295 388.3444 356.2011
296 392.3429 338.9035
297 412.0630 254.8853
298 473.5935 323.9114
299 400.5062 294.5188
300 479.9222 365.8705
301 491.9156 353.2055
302 326.2769 609.5617
303 344.7148 611.8958
304 360.3142 614.1375
305 343.5259 539.9682
306 380.2616 617.9149
307 372.1442 620.1201
308 375.2400 616.3271
309 339.2189 528.6345
310 352.4075 615.9139
311 338.0484 616.8042
312 322.5029 617.7567
313 330.6048 662.8366
314 328.5764 643.0043
315 327.4460 632.1535
316 326.1645 623.9268
317 324.6825 618.1488
318 356.3147 617.1021
319 358.4722 618.7724
320 361.6803 623.2061
321 364.6077 629.5711
322 380.6154 586.6596
323 507.2813 513.8587
324 365.4837 617.2447
325 368.5596 617.9842
326 327.3653 551.8552
327 354.9861 546.8919
328 330.0656 547.3095
329 378.8440 476.1061
330 409.3276 489.8029
331 365.0553 523.7345
332 457.5736 274.1766
333 444.5123 303.6722
334 430.9482 337.6799
335 373.7659 646.4136
336 349.2559 342.8160
337 355.8078 292.7507
338 362.8206 246.0256
339 435.3642 427.7828
340 477.7686 449.2533
341 357.5425 420.9401
342 458.8886 398.2837
343 346.8094 450.1770
344 350.7946 517.2567
345 496.2386 463.0823
346 465.3863 463.6540
347 441.6140 471.0793
348 406.3952 467.6802
349 380.2121 458.9748
350 360.5834 449.0643
351 323.1736 422.7669
352 492.8874 505.3204
353 474.7707 396.0816
354 314.9198 539.5451
355 357.0910 483.7091
356 514.1019 425.3191
357 346.1470 437.7684
358 366.3253 525.1817
359 448.2227 409.8268
360 351.1862 504.5573
361 500.2976 561.3598
362 357.2744 412.6338
363 337.5197 492.4123
364 450.0521 654.1152
365 446.9495 674.9108
366 507.8218 510.0881
367 472.4300 628.6739
368 501.7132 386.2725
369 377.4655 712.9441
370 312.6664 543.9665
371 373.4171 498.9338
372 493.9487 425.7232
373 420.1441 418.8654
374 404.1779 421.0880
375 376.1211 624.1286
376 488.3988 544.9569
377 343.8185 736.0222
378 396.6886 714.2373
379 419.8457 698.6849
380 387.8903 420.1518
381 372.3786 416.9206
382 362.3103 414.9749
383 487.9551 392.2063
384 373.7843 395.2222
385 390.0712 388.1413
386 406.8025 386.6540
387 423.3922 390.5207
388 433.3247 397.0502
389 511.8394 378.0795
390 430.6463 415.3214
391 363.3696 575.4107
392 348.8531 532.7947
393 329.6894 569.4486
394 425.7462 678.4157
395 402.3144 696.0107
396 346.0270 725.1279
397 468.4688 647.5765
398 362.2088 405.5050
399 335.0337 455.1151
400 372.2267 727.1377
401 500.7843 553.5334
402 341.8273 617.2712
403 344.2301 621.2901
404 346.4447 627.7492
405 348.4145 637.2771
406 354.4800 655.7397
407 368.5707 617.6100
408 373.1684 616.5159
409 377.9462 614.0733
410 395.5455 601.6101
411 465.2926 555.5630
412 334.6289 435.1376
413 342.8178 399.6199
414 354.2558 402.9055
415 364.8479 615.3249
416 466.0961 601.9623
417 327.9987 398.0766
418 365.3720 675.9806
419 322.7195 444.2154
420 346.4669 487.2921
421 337.6712 684.7199
422 406.4836 644.2387
423 381.9244 541.5709
424 387.3614 663.1489
425 426.0327 538.2406
426 400.0015 561.2776
427 441.5493 570.1832
428 344.2104 707.9243
429 356.3775 499.1538
430 421.2823 657.8349
431 397.7507 677.7799
432 421.6379 621.0039
433 482.7121 578.3733
434 443.3450 623.0737
435 490.9687 593.0205
436 415.3600 587.2010
437 345.6161 469.0715
438 345.0895 525.6353
439 356.1151 531.6879
440 338.1622 512.3653
441 357.0881 385.4938
442 387.2142 376.5613
443 413.5777 374.8826
444 435.6305 377.3496
445 451.0274 384.5866
446 461.7296 415.7239
447 511.9580 467.5489
448 448.2402 442.8623
449 429.7293 448.6858
450 405.3405 448.7256
451 381.7857 443.9674
452 363.3367 437.1986
453 350.5571 430.0686
454 510.9816 469.5202
455 355.2481 537.2550
456 335.0207 473.3064
457 333.2201 526.2479
458 322.8222 535.8906
459 332.5926 529.2977
460 349.8715 543.4649
461 320.0576 537.9701
462 317.9225 542.3850
463 350.9569 414.7649
464 340.4446 419.0770
465 335.3341 421.9289
466 438.8497 402.1174
467 447.3458 399.6168
