# Image: /home/yaroslav/Projects/Diia.AIContest-AdAstrum/fixtures/FLUXSynID-processed/013ac0993ed2/013ac0993ed2_f_live_0_p_d1.jpg
# Mode: stream
# Status: fail
# Errors: strong_shadows_on_face: Strong shadows or uneven lighting detected (difference: 34.8); face_not_looking_straight_at_camera: Head is turned 168.5째 (max: 15.0째); head_is_tilted: Head is tilted 13.5째 (max: 10.0째); face_too_small_in_frame: Face occupies only 47.0% of frame (min: 50.0%)

# 2D Landmarks (index x y)
0 274.9099 646.6619
1 288.2772 573.7141
2 285.0608 595.1337
3 286.3371 504.4909
4 292.0598 553.4573
5 297.7326 526.7923
6 312.4729 461.3207
7 183.0675 427.1807
8 321.6737 415.7457
9 326.6744 389.3390
10 347.3491 287.7321
11 273.0176 656.7879
12 272.0724 662.9821
13 272.1904 664.3816
14 271.5155 667.1428
15 270.1422 674.1805
16 268.4916 682.9791
17 266.8335 692.5048
18 264.6546 707.1630
19 286.4954 583.6385
20 270.6473 578.5259
21 133.6099 339.9008
22 232.1783 458.1284
23 213.1325 455.4276
24 195.7421 450.4668
25 175.9321 434.3008
26 249.1872 456.5288
27 216.7145 406.6328
28 236.4811 411.5504
29 198.2191 405.6478
30 185.2912 408.7763
31 157.9926 444.7267
32 191.2784 721.5309
33 178.1972 420.8796
34 108.6917 423.5199
35 139.8748 427.3045
36 202.4019 538.7546
37 252.9691 638.7031
38 252.8723 658.2777
39 228.8567 639.3884
40 212.2073 643.5895
41 235.8526 655.5611
42 221.6165 653.7226
43 183.8460 664.1626
44 273.1111 569.8136
45 274.0306 550.3178
46 158.8826 383.5690
47 249.3885 495.1969
48 231.4971 556.5499
49 232.9578 545.5894
50 148.6055 525.2710
51 280.3708 525.6081
52 205.0046 373.9281
53 178.5112 374.3396
54 156.0498 308.0442
55 283.3956 405.0470
56 253.2312 420.5499
57 173.0648 644.1165
58 97.8696 608.3096
59 242.9429 569.8975
60 257.4482 579.4629
61 191.8424 649.9016
62 199.5656 649.9755
63 170.7188 358.7411
64 229.4034 565.4295
65 239.2763 382.6056
66 238.6536 364.6862
67 236.8781 276.5558
68 163.8174 332.1179
69 239.9320 318.9936
70 149.5494 371.9965
71 141.3374 356.4552
72 252.0420 650.7246
73 232.6620 649.6969
74 216.9214 649.2894
75 247.2015 574.7123
76 195.8099 650.3597
77 203.5914 654.4925
78 201.7236 649.0201
79 254.2310 564.4223
80 225.5512 652.6538
81 239.8556 656.1287
82 255.4118 660.1643
83 240.1968 703.0636
84 244.2442 686.9784
85 247.1383 676.7683
86 249.9064 668.5724
87 252.6356 662.7086
88 220.8996 654.8753
89 218.1709 656.2018
90 213.6754 660.0100
91 209.2477 665.2284
92 202.3770 615.5824
93 96.1542 509.0919
94 286.0939 587.6390
95 211.8028 652.5862
96 207.9542 652.9330
97 261.8323 590.4156
98 234.0280 579.3574
99 259.7783 585.1139
100 227.8753 503.2745
101 195.2916 510.9899
102 228.4255 553.9060
103 188.8999 286.1023
104 195.4283 318.5249
105 201.2341 355.4795
106 198.7200 677.4697
107 281.6960 377.2083
108 285.3645 326.2505
109 287.9600 277.7529
110 182.2414 443.3958
111 135.1948 455.5088
112 260.6246 453.6636
113 164.2356 408.7039
114 264.8362 484.5415
115 244.1680 550.8199
116 113.9851 464.6609
117 144.5980 473.0237
118 166.8513 485.7754
119 202.9064 489.4051
120 230.4503 485.9201
121 251.7040 480.2048
122 294.0290 463.0777
123 109.4218 507.6379
124 148.7869 402.7861
125 277.7287 580.8573
126 246.8208 515.4453
127 106.9233 420.8796
128 268.3782 472.2520
129 227.4077 554.9502
130 172.6840 422.4711
131 246.3790 538.0158
132 93.5830 557.1364
133 262.6224 445.6469
134 263.3496 529.5734
135 124.6076 663.1319
136 124.7062 682.7075
137 94.3250 507.1462
138 107.5503 632.7462
139 125.2628 386.6313
140 185.6947 736.9534
141 279.2619 585.3415
142 227.6174 527.1910
143 123.8170 427.6192
144 199.0900 438.1998
145 214.5950 444.0480
146 198.6750 657.3623
147 106.7755 547.6591
148 215.6089 766.1496
149 166.6810 732.7032
150 146.7807 712.2044
151 337.2055 337.1954
152 252.3432 776.7135
153 230.8936 446.5334
154 246.8895 446.7072
155 257.2617 446.8456
156 136.6300 395.7916
157 249.3674 425.6073
158 234.1648 415.5263
159 217.5031 410.5213
160 200.1612 410.5872
161 189.2106 414.3383
162 118.3775 375.2447
163 189.2126 432.2917
164 282.0598 611.3134
165 220.7708 607.1870
166 243.2337 566.5071
167 256.3910 608.3951
168 317.6223 437.7565
169 143.6331 692.2528
170 163.6779 714.6005
171 214.9427 756.1742
172 108.7723 650.5361
173 258.9692 437.8304
174 275.0042 492.4376
175 253.8334 765.6297
176 188.7878 750.9978
177 93.1581 551.4669
178 235.5302 658.2640
179 232.1835 662.0102
180 228.4177 668.1353
181 224.7044 676.7362
182 216.9925 690.8566
183 208.3193 651.5859
184 203.3825 649.6453
185 198.9283 646.0525
186 184.5951 628.4793
187 127.6067 564.1791
188 280.0099 472.4975
189 278.9202 435.3714
190 267.1299 436.2774
191 213.0698 649.6905
192 118.2913 609.1860
193 293.9801 436.8216
194 203.3342 706.1814
195 302.7738 504.4454
196 289.3790 484.6483
197 307.4689 483.6186
198 255.9584 521.8062
199 256.8916 748.6867
200 261.0220 726.6917
201 230.1406 721.0373
202 166.1866 666.5133
203 209.4998 568.1996
204 182.6526 688.5684
205 169.2761 556.1837
206 189.0615 584.7794
207 147.9440 584.6052
208 219.8170 740.9215
209 243.2050 530.9939
210 150.4568 674.8233
211 170.6528 699.1096
212 155.6826 640.8648
213 106.3909 581.6034
214 135.3684 636.1038
215 95.7861 592.8784
216 169.3055 608.4823
217 261.3742 503.6247
218 248.6557 560.2526
219 235.7444 563.8546
220 258.3563 549.0957
221 266.6020 418.0201
222 237.6137 403.1450
223 211.9598 396.2194
224 190.1753 393.5327
225 174.2540 397.1856
226 158.3659 425.2804
227 98.6929 464.2544
228 166.2280 455.7568
229 183.3623 465.6970
230 207.7229 470.7461
231 232.0466 470.9653
232 251.7907 468.0246
233 265.8602 463.8574
234 101.4072 464.6088
235 235.4230 569.4611
236 270.6734 510.8057
237 261.1054 563.8486
238 270.1751 575.3175
239 261.1299 566.7219
240 239.9161 576.8849
241 272.6548 578.1756
242 273.9335 582.6361
243 268.4657 448.9282
244 277.9583 455.1381
245 282.3346 459.0757
246 183.0821 417.6557
247 175.2069 412.6219
248 318.1785 511.0078
249 450.3703 480.5390
250 303.9863 585.4630
251 537.4982 420.4384
252 391.9181 490.2367
253 410.9787 495.1923
254 429.4126 497.3945
255 454.7705 490.0452
256 376.3261 482.0783
257 425.7864 447.1787
258 405.0194 444.1363
259 443.9078 453.5898
260 455.2902 461.7259
261 468.2297 507.0722
262 328.6893 749.9578
263 457.6596 476.4646
264 527.9856 507.6550
265 493.1003 497.9813
266 386.9584 576.2625
267 298.4889 647.8220
268 292.0416 666.1345
269 321.1720 657.9545
270 335.9312 668.3285
271 309.3695 670.3576
272 323.9724 674.1068
273 356.1542 698.9229
274 303.8902 576.1404
275 310.2217 557.5873
276 491.2016 448.4302
277 360.0146 517.6432
278 349.6161 580.9138
279 353.1102 570.3495
280 444.3771 585.1378
281 314.6152 532.4775
282 448.9954 420.2534
283 474.8920 431.5003
284 526.3418 381.4115
285 361.5843 419.7646
286 386.0365 446.4149
287 373.6377 684.5432
288 469.1697 684.2214
289 333.9631 588.8093
290 316.7909 591.8003
291 353.5305 682.1332
292 346.5389 679.1267
293 489.3107 420.1463
294 348.6896 590.2331
295 411.8170 415.1359
296 419.1918 398.6542
297 456.5033 319.7092
298 507.6599 399.4641
299 436.3579 356.8624
300 505.3384 441.6346
301 521.4537 431.8120
302 295.1134 659.4227
303 314.0584 666.1367
304 329.4724 671.7977
305 328.3362 591.5189
306 349.6592 680.8469
307 340.7403 681.7342
308 344.9212 677.5504
309 324.6545 578.8743
310 321.1805 671.5644
311 306.1660 669.4014
312 289.7135 666.9955
313 289.0837 712.9539
314 290.1670 696.2194
315 290.9683 685.6449
316 291.2947 676.9317
317 291.0651 670.5244
318 324.3887 675.4472
319 326.3278 677.7357
320 328.9884 683.0629
321 331.1190 689.6723
322 356.0148 646.7841
323 510.4170 592.8611
324 334.1246 676.9704
325 337.1677 678.7289
326 308.4853 600.0985
327 339.3485 601.1543
328 312.3907 595.9419
329 377.2969 533.6660
330 405.0920 553.5129
331 354.4921 579.9315
332 500.9882 347.4102
333 481.0906 373.9014
334 459.8283 404.4982
335 337.4211 705.6252
336 373.2828 394.3961
337 389.7674 346.5760
338 406.8209 301.2423
339 445.1803 496.1706
340 486.0932 526.2342
341 366.6060 474.8740
342 476.3700 470.3652
343 349.4140 501.6541
344 339.2691 570.4109
345 503.6652 543.2598
346 469.3724 538.5333
347 442.6159 541.4317
348 406.8435 530.7116
349 382.1787 516.6569
350 364.2961 502.9189
351 329.4531 470.1184
352 490.7429 584.7470
353 493.8988 471.1278
354 295.7931 584.5247
355 353.7794 537.1730
356 534.0425 506.6373
357 351.5189 489.0088
358 355.8987 581.3545
359 462.5432 480.0823
360 342.8457 557.8202
361 493.6750 638.6016
362 368.1738 466.6653
363 329.5913 543.0618
364 416.6550 722.9106
365 411.4969 741.6187
366 508.6877 591.0505
367 445.7428 701.7215
368 525.9634 466.5174
369 328.7437 766.5802
370 293.3840 588.2732
371 367.5996 555.7272
372 509.2750 504.8343
373 430.6800 484.6733
374 413.9049 483.9614
375 344.2423 686.4196
376 477.9120 622.8784
377 290.3470 781.6910
378 350.2180 770.7428
379 377.8542 759.8543
380 397.4457 479.8194
381 382.4146 473.7123
382 372.6947 469.9405
383 509.0608 469.6617
384 388.5052 453.1212
385 406.6531 449.4400
386 424.0728 451.3725
387 440.1868 458.1781
388 449.1489 465.9544
389 539.7187 459.5905
390 442.3858 483.0115
391 341.3053 631.7981
392 334.8755 585.4351
393 307.0159 618.7093
394 386.6224 742.3837
395 358.4520 754.7941
396 293.5883 772.5998
397 440.8001 718.4633
398 374.5484 460.8086
399 335.1696 504.6349
400 321.6745 778.6781
401 492.4443 632.5901
402 309.0993 673.0635
403 310.8219 677.7877
404 311.9571 684.9446
405 312.3020 694.3968
406 315.4407 710.9060
407 337.5909 677.1458
408 342.5385 677.2753
409 348.0047 675.7198
410 368.1120 665.6049
411 449.9879 629.4150
412 339.3937 484.4546
413 356.0586 450.5025
414 367.0887 455.9820
415 334.1712 673.7098
416 442.5214 675.1021
417 340.5057 445.8886
418 322.8107 730.6429
419 324.0373 491.6126
420 341.3455 539.0874
421 292.0622 733.8782
422 372.4781 708.6519
423 368.0709 600.7019
424 348.8418 722.7131
425 411.8819 605.3931
426 381.1994 624.0239
427 421.7695 640.2215
428 294.3328 756.3290
429 350.2789 552.9349
430 385.4475 723.0216
431 356.7840 737.4646
432 392.0909 688.9486
433 465.3957 654.4843
434 414.5370 692.9760
435 473.5764 669.6970
436 391.0972 653.5567
437 344.1879 520.4294
438 331.2796 577.2792
439 342.7197 586.0169
440 325.9338 562.9124
441 373.4886 438.7102
442 406.3439 435.5231
443 433.7146 438.9043
444 455.9413 445.4076
445 470.5288 455.2903
446 475.9101 488.5552
447 521.5631 549.5809
448 455.6274 513.9058
449 435.1420 516.4854
450 409.8514 511.5718
451 386.7530 502.0842
452 369.4409 491.7627
453 357.6903 482.2530
454 522.7914 549.6012
455 341.1909 591.4594
456 331.0203 523.0669
457 317.6895 575.3720
458 305.3720 582.5105
459 316.8844 578.1312
460 334.4564 596.5878
461 301.6440 583.9827
462 299.4031 587.8895
463 361.1918 467.4367
464 349.5997 469.4567
465 343.4122 471.2392
466 453.9098 471.5849
467 463.7132 469.6581
