# Image: /home/yaroslav/Projects/Diia.AIContest-AdAstrum/fixtures/FLUXSynID-processed/00960122ce74/00960122ce74_f_live_0_p_d1.jpg
# Mode: stream
# Status: fail
# Errors: head_is_tilted: Head is tilted 14.1° (max: 10.0°); face_too_small_in_frame: Face occupies only 48.4% of frame (min: 50.0%)

# 2D Landmarks (index x y)
0 289.8577 592.1298
1 292.9038 514.7355
2 293.0155 544.5362
3 281.7283 453.4789
4 294.3756 493.1525
5 296.7411 468.8409
6 303.0794 415.1768
7 166.7574 418.3230
8 307.3244 369.0638
9 309.4282 343.1097
10 316.5532 268.4675
11 289.1538 603.0508
12 288.7093 613.1959
13 288.5049 619.1737
14 287.8181 627.8346
15 287.0322 636.9213
16 285.9571 648.7743
17 284.8187 661.9920
18 283.0851 684.5705
19 292.5501 527.8696
20 276.0604 530.4356
21 108.1139 363.2360
22 219.2909 435.6743
23 200.0292 436.9902
24 182.0506 436.1144
25 159.0297 426.6717
26 236.1915 430.6395
27 199.4306 381.9050
28 219.5840 384.0303
29 180.0676 384.7401
30 166.6998 392.5040
31 141.9599 441.3936
32 201.4244 715.1840
33 160.7435 414.0485
34 88.5501 443.2035
35 122.2572 429.0389
36 198.2868 515.1241
37 265.9818 588.9848
38 268.9214 613.6499
39 240.7796 599.5009
40 225.1950 612.7996
41 251.6757 617.5335
42 238.3429 623.2486
43 196.5939 651.1451
44 276.5140 514.2920
45 274.8203 493.9428
46 139.3644 371.1265
47 240.7777 464.8510
48 232.4738 518.7848
49 231.8419 509.2832
50 141.5163 516.3488
51 278.2826 471.3135
52 184.5365 343.4774
53 158.3846 353.0894
54 129.1628 324.8964
55 266.5676 361.5238
56 236.9409 391.7140
57 184.2902 631.9139
58 87.8339 637.1326
59 247.2717 531.1276
60 263.0910 537.3751
61 208.2478 634.3226
62 218.1564 632.6245
63 148.9073 342.0635
64 232.1121 530.8507
65 219.7898 344.7695
66 217.3019 329.4715
67 208.0439 275.5689
68 138.9241 333.0449
69 214.3970 301.4585
70 129.1378 365.9069
71 118.3083 365.5686
72 266.8963 602.4437
73 246.6503 609.9093
74 231.6714 618.1124
75 252.2846 535.8015
76 213.4298 634.0277
77 220.0238 635.4011
78 220.6143 631.0907
79 257.1467 518.8189
80 242.8618 623.5131
81 255.9364 620.4608
82 271.4895 619.0195
83 256.0448 682.8757
84 259.6493 659.5685
85 262.5950 646.1836
86 265.6325 634.2948
87 268.3901 626.9815
88 237.9635 629.0729
89 234.4200 631.9047
90 228.9320 637.6256
91 223.5602 645.2449
92 209.3348 589.0102
93 79.6512 539.2915
94 292.9209 535.1284
95 229.6365 630.9206
96 225.3622 632.2064
97 268.8126 546.3470
98 238.7592 545.6542
99 266.1306 542.1093
100 219.4457 477.6224
101 187.2031 491.3498
102 228.5758 520.8179
103 160.7470 294.6500
104 169.1553 310.3265
105 178.6555 329.6099
106 210.8094 662.8714
107 262.4452 335.6308
108 260.6240 302.6483
109 258.2142 268.5217
110 167.0501 433.1657
111 119.6750 456.8555
112 247.3026 424.8530
113 145.4657 400.4328
114 255.6607 450.3105
115 244.5091 507.0190
116 98.0247 473.0425
117 130.9123 469.2588
118 154.7120 474.8821
119 192.0252 470.7680
120 219.9240 462.1140
121 241.4691 452.0097
122 283.8912 420.3506
123 96.9377 514.5692
124 130.1616 398.6646
125 282.9980 526.9724
126 240.6496 482.4942
127 85.7203 451.2143
128 257.6220 440.0749
129 227.3273 524.8639
130 154.1760 415.1630
131 244.5762 496.0652
132 79.7609 587.0655
133 248.4520 417.9532
134 261.0219 480.9273
135 121.4831 674.5565
136 119.8419 702.8061
137 78.5411 526.3093
138 102.0255 648.5574
139 103.7884 402.3581
140 193.4687 738.5067
141 285.4830 534.2443
142 222.5735 499.1386
143 105.8444 435.5015
144 184.7880 423.6085
145 200.9369 425.5815
146 214.1738 639.7442
147 97.7396 555.3269
148 228.7738 772.7118
149 168.4957 744.2368
150 145.0015 727.2292
151 312.9416 306.2250
152 275.0433 779.8205
153 216.9034 425.0179
154 232.3724 422.1843
155 242.7912 420.1694
156 117.3393 398.2260
157 232.9089 407.6426
158 216.5835 403.9273
159 200.6043 402.6237
160 184.2799 404.6330
161 173.1877 408.3741
162 94.1703 402.8411
163 174.1309 420.9389
164 292.1413 559.9877
165 227.2326 574.7165
166 246.7409 526.0289
167 264.8817 563.0659
168 305.4876 393.8593
169 143.4178 699.8764
170 166.8677 719.1779
171 229.1631 753.3354
172 101.9863 675.7077
173 243.8192 413.3211
174 267.7336 450.1047
175 275.8186 760.0740
176 195.3669 759.8165
177 80.1029 570.9628
178 251.7451 627.1077
179 247.7315 632.3915
180 243.1237 641.3436
181 238.8141 653.1858
182 230.1843 673.9186
183 226.7642 628.7314
184 220.1325 626.9048
185 213.8669 623.7490
186 194.0117 609.0017
187 123.5084 562.2307
188 270.2391 433.8733
189 264.7855 401.4191
190 252.9998 405.9948
191 231.7533 626.3574
192 115.6682 614.9068
193 280.6574 397.4585
194 215.2800 694.0419
195 298.9591 450.2677
196 282.1468 437.6838
197 300.9578 433.2266
198 251.6688 481.6467
199 277.7778 735.0113
200 280.5886 707.5204
201 245.9110 704.6227
202 173.7342 658.4965
203 210.2718 542.4423
204 191.5719 679.4567
205 167.1508 539.4527
206 191.2139 562.9411
207 148.3741 574.9390
208 235.0618 729.7201
209 239.5307 495.9674
210 153.6364 674.4607
211 176.4937 696.3102
212 161.8369 632.8827
213 99.4789 591.1438
214 136.5239 636.2221
215 85.9775 612.0609
216 174.2675 592.7655
217 254.6317 466.0556
218 250.8414 515.1088
219 238.3844 524.7845
220 258.6679 498.7265
221 250.6952 382.0852
222 220.4764 369.1212
223 193.8256 366.6923
224 171.1539 371.1760
225 155.1318 381.9552
226 140.1413 421.8792
227 80.6481 483.8099
228 151.1023 448.7006
229 169.8275 453.2248
230 195.1759 452.7740
231 220.1087 448.1029
232 239.9992 441.1431
233 253.9998 433.9298
234 82.7889 495.5982
235 239.2010 532.6242
236 265.7637 464.9061
237 263.6071 512.7694
238 274.6100 525.2890
239 264.3737 518.0310
240 244.8917 540.3828
241 277.5085 526.0605
242 279.6315 533.2887
243 255.3076 418.1472
244 265.5628 422.1502
245 270.6541 423.5204
246 166.3264 411.4417
247 156.3493 401.7026
248 315.8928 455.1143
249 444.2633 431.3293
250 311.2787 531.6512
251 522.5165 383.1309
252 388.6701 443.4055
253 407.8289 446.4127
254 426.4151 447.3523
255 451.9241 440.5613
256 372.8095 437.0863
257 415.0811 393.1286
258 395.0034 393.3022
259 434.0990 397.6090
260 447.0156 406.5266
261 467.7896 457.0685
262 360.3294 724.9235
263 451.1374 427.9165
264 529.0796 465.4297
265 490.8684 447.4214
266 396.1753 523.8408
267 314.1586 590.2178
268 308.6160 614.8191
269 339.1313 602.2096
270 354.0229 616.3390
271 326.5411 619.5491
272 340.1132 626.2504
273 378.7314 658.7777
274 309.8381 515.6116
275 313.7115 495.4929
276 478.9505 389.6130
277 360.5713 470.3531
278 357.8863 523.5387
279 360.2845 514.6062
280 455.4330 530.7899
281 315.1506 473.0072
282 434.6164 358.6310
283 460.6004 370.3826
284 503.0209 342.2433
285 349.4967 366.8848
286 377.1829 399.0607
287 394.3079 640.0736
288 504.1419 661.1012
289 342.1515 534.3027
290 325.0962 539.5009
291 370.2940 639.5132
292 361.0877 636.9550
293 472.4948 360.6863
294 357.7065 535.6382
295 398.7232 355.6558
296 403.1858 340.7288
297 426.0559 284.8535
298 487.8551 350.7616
299 413.0980 311.5574
300 491.6955 385.4043
301 507.1986 385.3300
302 311.5893 603.5465
303 332.0434 612.1593
304 346.8671 621.2631
305 336.7233 538.5230
306 365.3119 638.6365
307 357.6917 639.8610
308 359.1437 635.3874
309 331.6913 521.4248
310 336.2358 626.1466
311 322.3291 622.2459
312 305.8286 619.7787
313 310.3800 685.6558
314 310.4586 661.8498
315 310.1661 647.9948
316 308.9539 635.9715
317 307.6782 628.4591
318 339.8580 632.3124
319 342.8970 635.3943
320 347.2566 641.8842
321 351.3952 650.1249
322 373.5105 595.0836
323 530.0146 563.8051
324 349.0659 634.7943
325 352.8914 636.3335
326 317.9689 548.1128
327 349.9716 549.7674
328 321.3841 543.9400
329 380.7700 484.9415
330 411.5617 501.4403
331 362.8412 526.1222
332 473.0643 308.7464
333 458.6852 325.3637
334 443.0401 345.2503
335 361.2491 669.7671
336 357.1295 341.7519
337 366.0517 307.5499
338 375.7300 273.1341
339 442.5010 445.8038
340 488.7858 474.7141
341 362.7144 430.4414
342 469.3395 417.0293
343 347.3334 454.6670
344 345.7094 511.0588
345 509.8839 493.4475
346 474.2721 485.3191
347 448.0449 488.4980
348 410.3465 480.8348
349 383.2253 469.6167
350 362.8561 457.6745
351 321.9160 422.3225
352 504.3743 534.4733
353 486.4376 417.0238
354 302.3923 527.7178
355 357.2976 487.5811
356 536.7826 474.5355
357 348.0242 444.3313
358 364.9350 530.4575
359 458.4377 429.9664
360 348.0378 500.2693
361 521.7756 611.7550
362 363.2487 423.5454
363 331.8773 483.9877
364 454.4678 693.7417
365 454.7377 723.4681
366 526.4714 549.8226
367 480.7765 669.8998
368 518.8695 423.1809
369 364.5611 749.6746
370 300.6079 534.7710
371 373.8110 505.8325
372 508.5144 455.7259
373 425.0931 434.4974
374 408.3224 434.8677
375 362.9062 644.8611
376 497.9376 575.5452
377 322.3971 779.3444
378 392.3930 759.2756
379 421.7890 744.9238
380 392.3778 432.8119
381 377.8838 429.0324
382 368.2976 426.1950
383 501.4861 417.8699
384 378.8083 414.8412
385 394.8355 412.7883
386 410.5571 412.7612
387 426.9287 416.1445
388 438.3189 420.9742
389 533.4133 424.7966
390 436.3537 433.0255
391 356.9089 579.4063
392 342.7677 529.4025
393 319.1465 564.8049
394 425.8270 716.6130
395 396.9554 733.5912
396 323.9644 759.8298
397 480.5425 698.2650
398 367.9691 419.6206
399 332.6388 453.1522
400 360.0669 771.1387
401 518.1917 594.4039
402 325.3401 629.7115
403 328.1338 635.1882
404 330.9716 644.7417
405 333.3654 657.1534
406 338.7782 679.2708
407 352.1455 632.2998
408 358.6925 630.9575
409 365.1431 628.1582
410 386.9098 616.0680
411 468.0601 578.8166
412 334.3162 437.0377
413 348.0037 406.0180
414 359.7159 411.3435
415 348.3727 629.8699
416 469.3186 633.0540
417 330.7205 400.4044
418 350.4574 701.6907
419 319.2223 439.5033
420 344.0445 485.6694
421 316.1038 708.7421
422 400.1895 669.5716
423 379.9348 549.6006
424 378.0014 689.3057
425 424.6386 551.2858
426 396.3969 571.8224
427 439.3958 588.6509
428 321.6768 735.3080
429 355.8741 500.9889
430 418.5997 689.0422
431 390.5587 708.7631
432 416.6072 644.5939
433 490.6934 611.2962
434 443.0015 651.9947
435 505.0322 635.1307
436 409.4930 603.0898
437 344.6306 470.0958
438 338.3699 518.3645
439 351.1261 529.0308
440 330.8332 501.6789
441 364.5548 388.4354
442 396.1123 378.9097
443 422.8743 378.8835
444 445.1189 385.5704
445 460.8882 397.8868
446 472.5543 438.1851
447 530.5871 507.0403
448 456.7279 462.9645
449 436.3800 465.7267
450 410.3655 462.6669
451 385.6894 455.7130
452 366.9474 447.0852
453 353.9929 438.7120
454 533.4899 519.4192
455 350.0388 536.6588
456 330.7968 467.8691
457 323.8834 515.1321
458 312.2870 526.6155
459 323.5764 520.2570
460 343.8763 544.0784
461 308.7053 527.2828
462 306.9363 534.3525
463 355.8031 423.1432
464 344.0924 426.2205
465 337.3785 426.8825
466 445.3602 424.7417
467 457.3764 416.8081
