# Image: /home/yaroslav/Projects/Diia.AIContest-AdAstrum/fixtures/FLUXSynID-processed/00960122ce74/00960122ce74_f_live_0_e_d1.jpg
# Mode: stream
# Status: fail
# Errors: image_blurry_or_out_of_focus: Image is blurry (sharpness score: 31.95); strong_shadows_on_face: Strong shadows or uneven lighting detected (difference: 40.8); head_is_tilted: Head is tilted 13.2° (max: 10.0°); face_too_small_in_frame: Face occupies only 44.3% of frame (min: 50.0%)

# 2D Landmarks (index x y)
0 284.5559 600.9323
1 291.5221 525.3446
2 290.4954 554.9611
3 284.4437 461.3382
4 294.2684 503.3183
5 298.1619 478.3302
6 308.2008 422.8404
7 172.8335 416.9614
8 315.2204 376.7561
9 318.8965 350.3431
10 331.2305 271.1267
11 283.3048 611.9774
12 282.1043 622.4430
13 281.4624 628.8167
14 280.3376 638.3235
15 278.9847 647.7534
16 276.9750 659.9572
17 275.0795 673.4258
18 272.0249 696.0468
19 290.6217 538.7224
20 274.5485 540.2175
21 117.2279 355.4983
22 224.0584 438.1292
23 204.8040 438.2885
24 186.9360 436.2448
25 164.6453 425.0151
26 241.0589 433.9227
27 207.7907 381.1723
28 227.6146 384.6474
29 188.2177 382.9830
30 174.3224 390.2062
31 146.7130 438.9917
32 189.9478 721.7406
33 167.1129 412.1063
34 93.2011 436.9131
35 127.7221 425.2679
36 198.4910 518.6302
37 261.3472 596.4037
38 262.5121 621.9290
39 235.7507 606.0569
40 219.6403 619.0252
41 245.4181 625.0800
42 232.1539 630.5620
43 189.0191 657.1057
44 275.4727 523.9886
45 274.9729 502.8795
46 147.9143 367.4841
47 243.7545 469.6930
48 232.5620 525.3393
49 232.4648 515.4036
50 141.9308 516.2665
51 279.8953 479.6934
52 195.2607 342.5139
53 168.2160 350.5468
54 140.5395 317.5528
55 275.8236 366.6806
56 244.2492 393.7090
57 178.1785 636.7012
58 81.7450 636.2945
59 246.5429 538.9754
60 261.6655 546.0573
61 201.7820 640.6036
62 212.0740 639.5146
63 159.2745 338.5229
64 231.6545 537.4202
65 230.6259 346.4552
66 229.0297 330.4960
67 222.6297 271.9387
68 149.7907 327.4925
69 227.5772 299.9786
70 137.9212 361.3569
71 127.2437 359.3483
72 261.2997 610.1574
73 240.9127 617.0354
74 225.6825 624.9074
75 251.1183 543.8941
76 206.9605 640.6234
77 213.3381 642.4820
78 214.5009 638.1246
79 256.7751 527.5743
80 236.4906 631.1376
81 249.3514 628.5134
82 264.6985 627.7471
83 245.3503 692.8899
84 250.2813 669.6206
85 254.1128 655.9322
86 258.0262 643.8039
87 261.2551 636.5047
88 231.5956 637.0253
89 227.7511 639.7088
90 221.7804 645.3624
91 215.8477 652.7694
92 205.1764 594.3062
93 79.3946 535.1997
94 290.7953 545.9213
95 223.3587 638.4866
96 218.9341 639.5374
97 266.6594 555.3390
98 237.2598 552.6604
99 264.2668 551.0211
100 221.8191 481.3950
101 188.8772 493.3206
102 228.6517 526.8613
103 174.1121 288.5814
104 181.7114 306.2909
105 190.2904 327.9580
106 202.0822 669.9581
107 273.1845 339.7602
108 273.4485 303.8765
109 273.0428 267.7372
110 172.1768 432.2818
111 123.5579 453.4794
112 252.3894 428.7264
113 152.5412 397.4177
114 259.2625 455.6929
115 244.8732 514.4032
116 101.0482 468.6239
117 134.0573 466.8792
118 157.4810 474.2038
119 194.9819 472.3667
120 223.1988 465.3391
121 245.0994 456.3377
122 288.7656 426.9457
123 97.7966 511.4233
124 137.3562 394.9390
125 281.2620 537.2477
126 242.5555 487.9823
127 90.0833 444.6297
128 261.8117 445.1704
129 227.1346 530.6773
130 160.4531 412.9214
131 245.6728 502.9078
132 76.6418 584.5315
133 253.8462 421.6225
134 262.4882 488.4027
135 113.0668 676.4246
136 109.9400 704.8113
137 78.5163 522.1558
138 95.0203 648.9837
139 110.7626 396.0392
140 180.8603 744.3215
141 283.5117 544.6989
142 223.5751 503.8906
143 110.8795 430.7998
144 190.4217 423.6687
145 206.3744 426.6569
146 207.1402 646.6265
147 96.2232 553.4639
148 213.6497 780.4723
149 156.0925 748.7355
150 133.5779 730.6115
151 324.9274 310.6548
152 258.6269 790.5174
153 222.3122 426.9862
154 237.9049 425.0012
155 248.2398 423.5094
156 124.5028 393.4777
157 239.0793 409.3429
158 223.2600 403.9673
159 207.4604 401.4313
160 190.9825 402.7269
161 179.7287 406.3477
162 101.2248 395.3200
163 179.9293 420.3436
164 288.6616 569.8293
165 223.7788 580.9765
166 246.3594 533.9873
167 261.6441 571.2872
168 312.0504 401.3638
169 133.5075 703.0354
170 155.7060 723.4600
171 214.8950 761.3928
172 93.6503 676.4639
173 249.5532 416.3924
174 271.0913 456.6557
175 260.4164 770.8236
176 181.5935 765.6495
177 77.4835 568.1456
178 244.9702 635.7012
179 240.6076 640.9513
180 235.3035 649.9305
181 230.1649 661.8296
182 220.3796 682.2768
183 220.6641 635.8197
184 213.9881 633.5445
185 207.9854 629.9846
186 188.9977 613.7947
187 121.5103 562.2759
188 274.6086 439.9092
189 271.2726 405.9545
190 259.1039 409.6227
191 225.5762 633.7675
192 110.6774 615.5713
193 287.1893 403.3432
194 204.7483 701.6059
195 301.7297 459.0890
196 286.0211 444.7850
197 304.9063 441.4373
198 253.4654 488.1630
199 263.9277 746.0886
200 268.2906 718.7290
201 234.2580 714.0245
202 166.0868 663.1048
203 209.0316 547.4901
204 182.3586 685.4300
205 166.0906 541.7435
206 188.6904 567.1383
207 145.5825 576.8160
208 222.1861 738.5153
209 240.8472 502.0416
210 145.1219 678.0161
211 166.4923 701.1806
212 155.8233 636.4121
213 95.9135 590.2996
214 130.3757 638.4436
215 81.0861 610.7814
216 170.1939 596.3228
217 257.2775 472.1584
218 250.6648 523.4232
219 238.0178 532.0871
220 259.0762 506.9343
221 258.6748 385.4244
222 229.7539 370.2321
223 203.1370 366.0513
224 180.0900 369.1999
225 163.2478 379.2051
226 146.1350 419.0426
227 83.0087 478.3960
228 155.4800 447.0469
229 173.8218 452.9818
230 199.0768 454.1329
231 224.2086 450.9529
232 244.3899 444.9951
233 258.5653 438.5184
234 84.8707 490.1663
235 238.5245 539.8438
236 268.2303 471.9882
237 263.1300 521.7074
238 273.3156 535.0023
239 263.7843 527.1029
240 243.6131 548.0104
241 276.0207 535.9325
242 277.8549 543.2529
243 260.6311 422.3347
244 270.6655 427.1564
245 275.6412 429.0553
246 172.8032 409.4390
247 163.4887 399.2335
248 318.1942 465.0685
249 448.9655 446.2706
250 308.7483 543.4638
251 532.2154 400.9312
252 392.4771 455.6939
253 411.2865 459.8357
254 429.9702 462.0099
255 456.2453 456.2835
256 377.1788 448.4056
257 421.8795 405.3888
258 401.8309 404.4682
259 440.7477 411.2530
260 453.2443 421.0810
261 471.2209 474.4188
262 345.9532 741.7464
263 456.3331 443.0362
264 534.1970 487.0392
265 495.4092 466.4646
266 394.0308 539.4204
267 308.5628 600.4397
268 301.5590 625.3790
269 332.3212 614.5732
270 345.9638 630.0803
271 318.7604 631.4519
272 331.4968 639.2342
273 367.7640 675.9643
274 308.2370 527.2996
275 313.2260 506.7622
276 486.1017 407.0616
277 362.0089 482.3609
278 354.9497 537.4953
279 358.0399 528.2634
280 453.2597 549.8781
281 316.0805 483.5848
282 442.4409 373.3300
283 468.2101 386.6078
284 514.6511 357.7791
285 356.7665 377.1071
286 383.8008 409.4442
287 384.2407 657.5685
288 496.3268 687.5159
289 338.7485 547.6336
290 321.8260 551.7012
291 360.2478 655.2700
292 350.9841 652.0246
293 480.8546 377.4361
294 354.2502 549.5692
295 406.4028 368.4710
296 411.9112 353.4797
297 439.9767 294.3285
298 497.8272 366.7980
299 424.3997 322.1994
300 499.3327 403.4212
301 515.8040 403.1203
302 305.2940 613.8789
303 324.6559 624.2433
304 338.5633 634.6664
305 333.2899 551.4829
306 355.3139 654.0722
307 347.8980 655.0375
308 349.2314 650.4098
309 329.1651 534.3625
310 327.8039 639.0549
311 314.5522 634.0953
312 298.5286 630.5417
313 299.0461 699.1495
314 300.3826 675.0538
315 300.9138 660.6841
316 300.5750 648.0503
317 299.8566 640.3168
318 330.9591 646.2349
319 333.7253 649.7458
320 337.7540 656.7397
321 341.4306 665.5898
322 366.7321 610.2446
323 529.2315 588.7361
324 339.6530 649.3373
325 343.3186 651.1543
326 314.5157 559.9107
327 345.8525 563.3636
328 318.0047 555.9410
329 381.2766 498.3655
330 411.1017 517.0647
331 359.9808 540.0177
332 485.9466 321.5814
333 469.4158 339.1071
334 451.5463 359.9948
335 350.1577 686.3049
336 365.9969 351.9693
337 377.7991 315.2244
338 390.1819 279.4116
339 446.3322 461.2991
340 491.3907 494.0104
341 367.6088 441.0295
342 475.1653 433.7658
343 349.8096 465.5935
344 343.6955 524.2821
345 511.7070 514.7487
346 475.5649 503.9848
347 448.6933 505.6834
348 411.3363 495.5467
349 384.9473 482.5405
350 365.3376 469.2259
351 326.5843 431.2731
352 503.0417 556.8520
353 492.4560 435.2805
354 300.2940 539.1343
355 357.3000 500.0557
356 542.0911 496.5578
357 351.4451 454.7965
358 361.9627 544.4295
359 463.5374 445.8578
360 346.7672 513.1771
361 517.5294 637.8829
362 368.7490 434.0059
363 331.8848 495.7109
364 442.2837 716.9805
365 441.0926 747.6498
366 525.7182 574.2335
367 470.9144 694.7489
368 525.8948 442.7111
369 348.6349 766.6941
370 298.2845 546.0948
371 372.8206 519.6271
372 513.0470 476.0456
373 429.3206 448.5893
374 412.6236 447.8973
375 352.7813 660.6749
376 493.9003 598.8387
377 305.2221 793.2936
378 375.7285 778.6136
379 406.3206 766.6125
380 397.0176 444.8900
381 382.7748 440.2873
382 373.5250 436.9463
383 507.8666 436.9939
384 384.6905 425.2495
385 400.8489 423.3988
386 416.4650 424.0380
387 432.8718 428.5830
388 443.8702 434.5327
389 541.2088 444.6877
390 440.7953 447.6548
391 351.1951 593.3783
392 339.6222 542.7600
393 314.8818 576.2028
394 411.7923 738.1689
395 381.9028 753.0811
396 307.8099 774.0161
397 469.5755 724.0373
398 373.6710 429.9582
399 335.0364 463.6210
400 342.8404 787.9646
401 514.4214 619.8515
402 317.0026 642.6915
403 319.4973 648.5860
404 321.6141 658.7311
405 323.2370 671.6701
406 327.3888 694.5703
407 342.6999 646.5424
408 349.2268 645.5571
409 355.8571 643.1906
410 378.5242 632.4952
411 463.0223 600.2524
412 338.0231 446.9647
413 354.0933 415.5222
414 365.7915 421.3723
415 339.0649 643.7965
416 460.9764 656.0218
417 336.7810 409.3851
418 337.5902 718.0095
419 322.6175 448.8821
420 344.0143 497.6837
421 303.1707 722.7298
422 388.6056 688.4210
423 375.8867 564.7717
424 365.5433 707.1289
425 420.9330 569.2694
426 391.0142 588.4025
427 433.2245 608.4291
428 307.1312 749.6136
429 354.6905 513.8713
430 405.8901 709.5210
431 376.8425 727.4858
432 406.4000 663.9511
433 484.3148 635.2448
434 432.9184 673.4355
435 498.1817 660.9324
436 402.0777 620.9353
437 345.8580 481.5606
438 335.9886 531.6949
439 347.9787 542.7432
440 329.7063 514.0755
441 371.2724 398.7497
442 403.2164 390.6733
443 430.1095 392.1937
444 452.1748 400.3066
445 467.6670 413.8495
446 477.3569 455.5736
447 532.9177 530.2202
448 459.4849 479.8168
449 438.6103 481.5160
450 412.6523 476.8292
451 388.5863 468.2908
452 370.3744 458.4675
453 358.0794 449.2001
454 535.9067 542.9081
455 346.4717 550.2942
456 332.0214 478.8448
457 321.9665 527.6726
458 309.9546 538.5177
459 321.3149 532.7791
460 340.1499 557.4386
461 306.4899 538.9936
462 304.4118 545.9639
463 361.2311 433.2456
464 349.0667 435.9886
465 342.0183 436.4843
466 450.6459 439.0615
467 463.1207 432.4594
